1 0.03249999927356839 0.37166667566634715 0.05999999865889549 0.10333333583548665
1 0.0874999980442226 0.35666667530313134 0.04999999888241291 0.08000000193715096
1 0.05374999879859388 0.31666667433455586 0.042499999050050974 0.06666666828095913
1 0.22374999499879777 0.33333334140479565 0.06249999860301614 0.1000000024214387
1 0.19374999566935003 0.31833334104157984 0.042499999050050974 0.07000000169500709
1 0.313749992987141 0.306666674092412 0.03749999916180968 0.060000001452863216
1 0.3449999922886491 0.3300000079907477 0.04999999888241291 0.08000000193715096
1 0.41499999072402716 0.305000007385388 0.029999999329447746 0.05000000121071935
1 0.4287499904166907 0.33333334140479565 0.03249999927356839 0.060000001452863216
1 0.5437499878462404 0.34166667493991554 0.052499998826533556 0.076666668523103
1 0.6324999858625233 0.31166667421348393 0.03999999910593033 0.06333333486691117
1 0.7199999839067459 0.3616666754242033 0.07499999832361937 0.13666666997596622
1 0.8512499809730798 0.34166667493991554 0.07249999837949872 0.12333333631977439
