1 0.6300000299233943 0.14674635231494904 0.0800000037997961 0.054448872804641724
1 0.2320000110194087 0.8897742629051208 0.16800000797957182 0.12217795848846436
1 0.08600000408478081 0.8718459755182266 0.12400000588968396 0.10491368174552917
1 0.22700001078192145 0.7934927195310593 0.1580000075045973 0.0863213837146759
1 0.16900000802706927 0.7722443789243698 0.12200000579468906 0.0863213837146759
1 0.39500001876149327 0.7875166237354279 0.09400000446476042 0.09296149015426636
1 0.4990000237012282 0.8120850175619125 0.08600000408478081 0.08100929856300354
1 0.884000041987747 0.8134130388498306 0.1520000072196126 0.12616202235221863
1 0.6210000294959173 0.8419654965400696 0.226000010734424 0.17795485258102417
1 0.7020000333432108 0.7855245918035507 0.17200000816956162 0.12350597977638245
