1 0.04666666779667139 0.12144053471274674 0.09111111331731081 0.20938023226335645
1 0.14055555895902216 0.09715242777019739 0.16333333728834987 0.19095477182418108
1 0.1833333377726376 0.24539363221265376 0.08222222421318293 0.13567839050665498
1 0.3466666750609875 0.34254605998285115 0.14888889249414206 0.2797319903038442
1 0.4500000108964741 0.2336683392059058 0.09333333559334278 0.1624790602363646
1 0.5422222353518009 0.31323282746598125 0.07333333510905504 0.12730318121612072
1 0.6038889035116881 0.41122277616523206 0.10555555811151862 0.20268006483092904
1 0.7238889064174145 0.48157453420571983 0.07888889079913497 0.10552763706073165
1 0.6766666830517352 0.45896146912127733 0.02000000048428774 0.036850920878350735
1 0.5183333458844572 0.2981574507430196 0.05000000121071935 0.1038525952026248
0 0.8522222428582609 0.31993299489840865 0.22444444987922907 0.395309878513217
1 0.39388889842666686 0.2403685066383332 0.07000000169500709 0.12227805564180017
