1 0.17250000417698175 0.2992592586670071 0.12166666961275041 0.23407407361082733
1 0.33333334140479565 0.2570370365283452 0.09333333559334278 0.2296296291751787
1 0.49500001198612154 0.23037036991445348 0.09000000217929482 0.22074074030388147
1 0.613333348184824 0.2562962957890704 0.09833333571441472 0.21925925882533193
1 0.7845833523315378 0.20592592551838607 0.10250000248197466 0.2251851847395301
1 0.8970833550556563 0.30074074014555663 0.0691666683414951 0.14222222194075584
1 0.11250000272411853 0.36222222150536254 0.02000000048428774 0.03407407400663942
1 0.060000001452863216 0.3659259252017364 0.02000000048428774 0.04148148139938712
1 0.007916666858363897 0.3755555548123084 0.014166667009703815 0.03111111104954034
1 0.07416666846256703 0.360740740026813 0.016666667070239782 0.03111111104954034
