1 0.03749999916180968 0.14044943964108825 0.04999999888241291 0.07116104941815138
1 0.8999999798834324 0.279026220086962 0.17999999597668648 0.3033707896247506
1 0.6524999854154885 0.5280898930504918 0.12499999720603228 0.19475655630230904
1 0.5787499870639294 0.41947565972805023 0.03749999916180968 0.05992509424686432
1 0.5062499886844307 0.4288389557041228 0.052499998826533556 0.07865168619900942
1 0.4174999906681478 0.4157303413376212 0.03499999921768904 0.06741573102772236
1 0.3299999926239252 0.42134831892326474 0.04499999899417162 0.0561797758564353
1 0.2574999942444265 0.1891385787166655 0.04499999899417162 0.07116104941815138
1 0.15624999650754035 0.09737827815115452 0.042499999050050974 0.06741573102772236
1 0.3199999928474426 0.2640449465252459 0.03499999921768904 0.06367041263729334
