1 0.7922222414053977 0.2916666737291962 0.04666666779667139 0.08333333535119891
1 0.9311111336573958 0.2583333395887166 0.057777779176831245 0.10333333583548665
0 0.35000000847503543 0.306666674092412 0.055555556900799274 0.12000000290572643
0 0.22000000532716513 0.27166667324490845 0.09777778014540672 0.17000000411644578
0 0.540000013075769 0.29500000714324415 0.1066666692495346 0.21000000508502126
0 0.4655555668286979 0.3150000076275319 0.07333333510905504 0.15000000363215804
0 0.6055555702187121 0.31833334104157984 0.05111111234873533 0.09000000217929482
0 0.6655555716715753 0.2583333395887166 0.05111111234873533 0.10333333583548665
0 0.6211111261509359 0.2816666734870523 0.03777777869254351 0.076666668523103
0 0.49222223414108157 0.22833333886228502 0.02444444503635168 0.05000000121071935
0 0.8733333544805646 0.32500000786967576 0.02222222276031971 0.030000000726431608
0 0.992222246248275 0.31000000750645995 0.015555555932223797 0.0533333346247673
