1 0.2126666643889621 0.7293906803242862 0.046666666166856885 0.06810035835951567
1 0.2693333304487169 0.7508960566483438 0.04533333284780383 0.0716845877468586
1 0.5886666603619233 0.7652329741977155 0.019999999785795808 0.02867383509874344
1 0.6126666601048782 0.7679211462382227 0.022666666423901916 0.026881720405071974
1 0.7546666585840285 0.6290322574786842 0.015999999828636646 0.02150537632405758
1 0.77933332498651 0.6379928309470415 0.014666666509583592 0.02150537632405758
1 0.817333324579522 0.6953405011445284 0.018666666466742754 0.02508960571140051
1 0.8613333241082728 0.7249103935901076 0.015999999828636646 0.023297491017729044
1 0.8833333238726482 0.7222222215496004 0.014666666509583592 0.02508960571140051
1 0.4039999956730753 0.3566308240406215 0.02133333310484886 0.02508960571140051
1 0.42999999539460987 0.3252688169013709 0.019999999785795808 0.034050179179757833
1 0.4699999949662015 0.28046594955958426 0.014666666509583592 0.023297491017729044
1 0.5466666608117521 0.25268817180767655 0.015999999828636646 0.02508960571140051
1 0.5893333270214498 0.24910394242033362 0.015999999828636646 0.02508960571140051
1 0.6166666600620374 0.24103942629881203 0.019999999785795808 0.026881720405071974
1 0.8846666571917012 0.2571684585418552 0.11066666548140347 0.1487455195747316
