1 0.4478261024923995 0.39264991448726505 0.06376811815425754 0.11605416191741824
1 0.1376811641966924 0.3907156784553081 0.043478262377902865 0.065764025086537
1 0.04637681320309639 0.41779498290270567 0.04057971155270934 0.05802708095870912
1 0.2717391398618929 0.4206963369506411 0.02753623283933848 0.05222437286283821
1 0.2956521841697395 0.42553192703053355 0.023188406601548195 0.042553192703053355
1 0.3478260990232229 0.4158607468707487 0.028985508251935244 0.05029013683088124
1 0.38188407121924683 0.4361702252062969 0.030434783664532006 0.04835590079892427
1 0.713043502997607 0.4235976909985766 0.023188406601548195 0.05029013683088124
1 0.8608695950824767 0.41199227480683476 0.023188406601548195 0.038684720639139414
1 0.9239130755304359 0.4158607468707487 0.02753623283933848 0.0464216647669673
1 0.9615942362579517 0.42456480901455507 0.02753623283933848 0.044487428735010326
1 0.986956555978395 0.43133463512640446 0.02608695742674172 0.042553192703053355
1 0.6434782831929624 0.42553192703053355 0.023188406601548195 0.03481624857522547
1 0.5681159617379308 0.4216634549666196 0.028985508251935244 0.038684720639139414
1 0.6224637897103094 0.4274661630624905 0.021739131188951433 0.03481624857522547
1 0.5144927714718506 0.4081238027429208 0.03188405907712877 0.038684720639139414
1 0.490579727164004 0.4168278648867272 0.036231885314919055 0.044487428735010326
