1 0.26000001234933734 0.7004504674114287 0.12200000579468906 0.18768769223242998
1 0.19600000930950046 0.6313813966698945 0.06600000313483179 0.10960961226373911
1 0.28950001375051215 0.5990991136059165 0.04700000223238021 0.06606606766581535
1 0.6960000330582261 0.6569069228135049 0.06600000313483179 0.09759759996086359
1 0.8670000411802903 0.6133633782155812 0.04800000227987766 0.07057057227939367
1 0.836500039731618 0.5938438582234085 0.03100000147242099 0.055555556900799274
1 0.8150000387104228 0.5705705843865871 0.026000001234933734 0.048048049211502075
1 0.6455000306596048 0.6148648797534406 0.041000001947395504 0.0675675692036748
1 0.39500001876149327 0.6118618766777217 0.04800000227987766 0.07957958150655031
1 0.4245000201626681 0.5788288428448141 0.029000001377426088 0.061561563052237034
1 0.4440000210888684 0.5645645782351494 0.02400000113993883 0.048048049211502075
1 0.548500026052352 0.5510510643944144 0.021000000997446477 0.036036036908626556
1 0.605000028735958 0.5803303443826735 0.034000001614913344 0.052552553825080395
1 0.5680000269785523 0.5645645782351494 0.020000000949949026 0.039039039984345436
1 0.5840000277385116 0.5773273413069546 0.02400000113993883 0.049549550749361515
1 0.7510000356705859 0.5900901043787599 0.04000000189989805 0.057057058438658714
1 0.7250000344356522 0.5690690828487277 0.02400000113993883 0.03303303383290768
1 0.683500032464508 0.5570570705458522 0.017000000807456672 0.03303303383290768
1 0.6500000308733433 0.5660660797730088 0.03000000142492354 0.039039039984345436
1 0.35950001707533374 0.5630630766972899 0.029000001377426088 0.045045046135783195
1 0.39450001873774454 0.5593093228526413 0.025000001187436283 0.040540541522204876
1 0.3800000180490315 0.49624625826254487 0.01600000075995922 0.03153153229504824
1 0.4580000217538327 0.5615615751594305 0.018000000854954123 0.03303303383290768
1 0.2745000130380504 0.5510510643944144 0.021000000997446477 0.036036036908626556
1 0.3045000144629739 0.5060060182586312 0.011000000522471964 0.027027027681469917
1 0.33800001605413854 0.5510510643944144 0.018000000854954123 0.03303303383290768
1 0.2220000105444342 0.5570570705458522 0.02400000113993883 0.042042043060064316
1 0.17050000809831545 0.5593093228526413 0.03300000156741589 0.046546547673642635
1 0.11650000553345308 0.5630630766972899 0.035000001662410796 0.06306306459009647
1 0.06450000306358561 0.5000000121071935 0.043000002042390406 0.06606606766581535
1 0.02300000109244138 0.5915916059166193 0.04400000208988786 0.08408408612012863
0 0.7335000348393805 0.5157657782547176 0.019000000902451575 0.028528529219329357
