1 0.2942029087571427 0.4527026941650547 0.06666666897945106 0.08687258523423225
1 0.3789855203940533 0.45849419984733686 0.04492753779049963 0.07528957386966795
1 0.7065217636409216 0.4411196828004904 0.08840580016840249 0.12934362690430135
1 0.7695652440888807 0.46525095647666603 0.049275364028289914 0.0579150568228215
1 0.9855072805657983 0.43918918090639636 0.028985508251935244 0.09845559659879655
1 0.6471014717244543 0.42760616954183206 0.0652173935668543 0.09845559659879655
1 0.5413043666048907 0.46138995268847793 0.03913043614011258 0.0617760606110096
1 0.4478261024923995 0.46621620742371306 0.06376811815425754 0.08687258523423225
1 0.40434784011449665 0.4324324242770672 0.05217391485348344 0.0888030871283263
0 0.23550725454697385 0.5945945833809674 0.056521741091273725 0.0849420833401382
0 0.36231885314919055 0.6225868608453311 0.08695652475580573 0.12162161932792515
0 0.22463768895249814 0.43436292617116123 0.043478262377902865 0.0656370643991977
0 0.0956521772313863 0.5521235417108983 0.043478262377902865 0.0617760606110096
0 0.06449275586055592 0.5328185227699578 0.02753623283933848 0.0424710416700691
