1 0.22687499492894858 0.2956273740855977 0.05124999885447323 0.10836501815356314
0 0.37624999159015715 0.3612167271785438 0.08499999810010195 0.15969581622630358
0 0.18749999580904841 0.20627376262564212 0.0874999980442226 0.1768060822505504
0 0.05749999871477485 0.3051330774324015 0.05749999871477485 0.10456273681484163
0 0.11874999734573066 0.3574144458398223 0.13999999687075615 0.1939163482747972
0 0.3074999931268394 0.3602661568438634 0.042499999050050974 0.07794676744379103
0 0.4268749904586002 0.33745246881153435 0.04124999907799065 0.07794676744379103
0 0.4937499889638275 0.36787071952130646 0.05749999871477485 0.08555133012123406
0 0.5612499874550849 0.29277566308155656 0.07249999837949872 0.15209125354886055
0 0.7356249835575 0.2680608343798667 0.09624999784864485 0.18631178559735417
0 0.8031249820487574 0.24619771668221802 0.0662499985191971 0.1273764248471707
0 0.9481249788077548 0.24809885735157877 0.07624999829567969 0.11596958083100617
0 0.9581249785842374 0.34125475015025586 0.08374999812804163 0.1501901128794998
0 0.9843749779975042 0.3745247118640691 0.03124999930150807 0.17870722291991115
