1 0.6806640625 0.6289062687428668 0.033203125 0.054687501629814506
1 0.2578125 0.5390625160653144 0.017578125 0.028645834187045693
1 0.203125 0.6210937685100362 0.021484375 0.031250000931322575
0 0.38037109375 0.5605468917055987 0.0166015625 0.02473958407063037
0 0.3681640625 0.5598958500195295 0.013671875 0.028645834187045693
0 0.03515625 0.614583351649344 0.021484375 0.028645834187045693
0 0.08642578125 0.5768229338573292 0.0107421875 0.015625000465661287
0 0.12158203125 0.5768229338573292 0.0087890625 0.01822916720993817
0 0.12890625 0.5709635586827062 0.0078125 0.011718750349245965
0 0.1416015625 0.5813802256598137 0.0078125 0.014322917093522847
