1 0.4793749892851338 0.20444444939494133 0.06499999854713678 0.14222222566604614
1 0.5828124869731255 0.228888894431293 0.056874998728744686 0.1222222251817584
1 0.7212499838788062 0.24666667263954878 0.056249998742714524 0.11333333607763052
1 0.8099999818950891 0.22555556101724505 0.04624999896623194 0.10888889152556658
1 0.8678124806028791 0.25000000605359674 0.04187499906402081 0.10222222469747066
1 0.9574999785982072 0.23333333898335695 0.0437499990221113 0.09555555786937475
1 0.36312499188352376 0.19500000472180545 0.05874999868683517 0.13444444769993424
1 0.2746874938602559 0.18777778232470155 0.060624998644925654 0.12444444745779037
1 0.2203124950756319 0.22611111658625305 0.07687499828170985 0.14777778135612607
1 0.05468749877763912 0.18166667106561363 0.06937499844934791 0.15222222590819
