1 0.1072463805321604 0.6963249715045094 0.04057971155270934 0.06189555302262306
1 0.17898551345570013 0.6963249715045094 0.03913043614011258 0.06189555302262306
1 0.2340579791343771 0.7011605615844019 0.036231885314919055 0.05996131699066609
1 0.29275363334454596 0.7098646237282082 0.03768116072751582 0.06189555302262306
1 0.35000001214211807 0.7001934435684234 0.036231885314919055 0.06189555302262306
1 0.4137681302963756 0.7040619156323373 0.036231885314919055 0.05802708095870912
1 0.46884059597505257 0.695357853488531 0.03913043614011258 0.05996131699066609
1 0.530434801010415 0.6924564994405955 0.03768116072751582 0.05802708095870912
1 0.5811594404513016 0.6885880273766816 0.03768116072751582 0.05802708095870912
1 0.636956543836277 0.68955514539266 0.036231885314919055 0.06382978905458003
1 0.7123188652913086 0.6905222634086385 0.03913043614011258 0.06189555302262306
1 0.7760869834455661 0.6924564994405955 0.036231885314919055 0.06189555302262306
1 0.8427536524250172 0.6963249715045094 0.03913043614011258 0.06189555302262306
1 0.8869565525092185 0.5735009834752418 0.03188405907712877 0.05222437286283821
1 0.8369565507746302 0.5851063996669836 0.030434783664532006 0.04835590079892427
1 0.8050724916975014 0.5851063996669836 0.02753623283933848 0.044487428735010326
1 0.7768116211518645 0.5744681014912203 0.028985508251935244 0.05415860889479518
1 0.7463768374873325 0.5773694555391558 0.02608695742674172 0.04835590079892427
1 0.7253623440046795 0.5715667474432848 0.03333333448972553 0.05609284492675215
1 0.6934782849275507 0.5870406356989406 0.030434783664532006 0.04835590079892427
1 0.6586956750252284 0.5793036915711127 0.030434783664532006 0.04835590079892427
1 0.6326087175984867 0.5764023375231773 0.02753623283933848 0.0464216647669673
1 0.6072463978780434 0.5764023375231773 0.028985508251935244 0.05415860889479518
1 0.576086976507213 0.5802708095870912 0.02753623283933848 0.05029013683088124
1 0.5492753813741729 0.5783365735551342 0.028985508251935244 0.05415860889479518
1 0.515217409178149 0.5735009834752418 0.030434783664532006 0.05609284492675215
1 0.4869565386325121 0.5647969213314354 0.03188405907712877 0.05415860889479518
1 0.45869566808687523 0.5676982753793709 0.02753623283933848 0.05222437286283821
1 0.43188407295383513 0.5744681014912203 0.028985508251935244 0.05415860889479518
1 0.4072463909396902 0.5705996294273064 0.02608695742674172 0.05415860889479518
1 0.3804347958066501 0.5773694555391558 0.030434783664532006 0.04835590079892427
1 0.31956522847758606 0.591876225778833 0.03333333448972553 0.05415860889479518
1 0.07536232145503163 0.5793036915711127 0.023188406601548195 0.04835590079892427
1 0.09347826411249116 0.5725338654592633 0.03333333448972553 0.05802708095870912
1 0.1492753674974665 0.5831721636350267 0.03188405907712877 0.05222437286283821
1 0.17826087574940175 0.5783365735551342 0.028985508251935244 0.05415860889479518
1 0.2181159495958127 0.591876225778833 0.03333333448972553 0.05415860889479518
1 0.23913044307846576 0.5715667474432848 0.028985508251935244 0.04835590079892427
1 0.26666667591780424 0.591876225778833 0.03188405907712877 0.05802708095870912
1 0.283333343162667 0.5676982753793709 0.030434783664532006 0.04835590079892427
1 0.3188405907712877 0.5551257411716506 0.028985508251935244 0.0464216647669673
1 0.35869566461769864 0.558027095219586 0.024637682014144957 0.044487428735010326
