1 0.3125000046566129 0.4250000221654773 0.10000000149011612 0.13750000717118382
1 0.31718750472646207 0.31250001629814506 0.07187500107102096 0.08750000456348062
0 0.596093758882489 0.44166668970137835 0.08593750128056854 0.12083333963528275
0 0.7265625108266249 0.49791669263504446 0.14375000214204192 0.22083334485068917
0 0.7914062617928721 0.3958333539776504 0.04531250067520887 0.07916667079553008
0 0.9000000134110451 0.44166668970137835 0.06250000093132257 0.09583333833143115
0 0.6632812598836608 0.3843750200467184 0.03906250058207661 0.06041666981764138
0 0.6343750094529241 0.3510416849749163 0.03125000046566129 0.04375000228174031
0 0.6210937592550181 0.36875001923181117 0.023437500349245965 0.041666668839752674
0 0.5390625080326572 0.37500001955777407 0.05312500079162419 0.09166667144745588
0 0.4898437572992407 0.36145835218485445 0.04531250067520887 0.07708333735354245
0 0.44765625667059794 0.35416668513789773 0.03906250058207661 0.06250000325962901
0 0.3914062558324076 0.3322916839970276 0.03281250048894435 0.05208333604969084
0 0.4132812561583705 0.6385416999692097 0.17343750258442014 0.21458334452472627
