1 0.41712707915576175 0.5316804484464228 0.034990792511962354 0.05509641952812672
1 0.7320442117634229 0.5633608896750957 0.04235727514605969 0.06336088245734572
0 0.3563535974244587 0.5096418806351721 0.034990792511962354 0.06060606148093939
0 0.12983425642596558 0.5950413309037685 0.03867403382901102 0.05509641952812672
0 0.051565378438681364 0.5812672260217369 0.03683241317048669 0.06060606148093939
0 0.025782689219340682 0.5137741120997816 0.047882137121632695 0.09090909222140908
0 0.22099447902292013 0.5482093743048608 0.0589318610727787 0.09366391319781542
0 0.4263351824483834 0.5633608896750957 0.03867403382901102 0.05785124050453305
0 0.5193370257038623 0.5468319638166577 0.025782689219340682 0.04683195659890771
1 0.5460405252524652 0.566115710651502 0.034990792511962354 0.05234159855172038
0 0.6860036953003146 0.541322321863845 0.04604051646310836 0.06336088245734572
0 0.7200736774830148 0.5234159855172038 0.022099447902292013 0.0385674936696887
0 0.6095764379715547 0.541322321863845 0.02946593053638935 0.05785124050453305
0 0.7808471592143178 0.5399449113756418 0.051565378438681364 0.0771349873393774
0 0.8508287442382425 0.5316804484464228 0.03683241317048669 0.06060606148093939
0 0.9235727602499537 0.5716253526043147 0.04604051646310836 0.06336088245734572
