1 0.3710937555297278 0.4578454141737893 0.048437500721774995 0.07259952859021723
1 0.4203125062631443 0.4227166100172326 0.05312500079162419 0.08665105025283992
1 0.4632812569034286 0.4121779687702656 0.04218750062864274 0.07962528942152858
1 0.5585937583236955 0.4192037296015769 0.06093750090803951 0.10772833274677396
1 0.5171875077066943 0.4250585302943364 0.03125000046566129 0.0632318474818021
1 0.6304687593947165 0.4578454141737893 0.04531250067520887 0.07259952859021723
1 0.6859375102212653 0.4063231680775061 0.040625000605359674 0.07259952859021723
1 0.8031250119674951 0.407494128216058 0.0875000013038516 0.1545667382888496
1 0.8835937631665729 0.3840749254450202 0.08281250123400241 0.16393441939726472
1 0.9328125138999894 0.44028101209551096 0.059375000884756446 0.11709601385518909
1 0.5835937586962245 0.4344262114027515 0.029687500442378223 0.09133489080704749
