1 0.05272727308329195 0.2814207572955638 0.10181818250566721 0.38251365069299936
1 0.21000000141793862 0.18306010426022112 0.13272727362345904 0.2185792289674282
1 0.3381818204652518 0.1557377006392926 0.1563636374194175 0.24590163258835673
1 0.5490909127984196 0.17896174371708184 0.14909091009758413 0.30874316091649234
1 0.6927272774046287 0.28278687747661024 0.17454545572400093 0.33060108381323516
1 0.7427272777422331 0.538251351332292 0.18727272853720933 0.3387978048995137
1 0.9390909154317342 0.5327868706081063 0.12181818264070898 0.3060109205543995
1 0.9418181881774217 0.3633879681583494 0.11636363714933395 0.26775955548509955
1 0.805454550893046 0.16939890244975686 0.16727272840216756 0.2131147482432425
1 0.9745454611256719 0.12021857593208551 0.050909091252833605 0.2131147482432425
0 0.19363636494381353 0.46448086155578494 0.1690909102326259 0.38797813141718507
