1 0.7341666844440624 0.15530303015839309 0.06500000157393515 0.12878787866793573
1 0.7066666837781668 0.1704545452957973 0.04000000096857548 0.10858585848473012
1 0.8900000215508044 0.18181818164885044 0.07333333510905504 0.12121212109923363
1 0.5808333473978564 0.2335858583683148 0.041666667675599456 0.07323232316412032
1 0.4050000098068267 0.18434343417175114 0.0533333346247673 0.10101010091602802
1 0.3225000078091398 0.23232323210686445 0.061666668159887195 0.09595959587022662
1 0.3141666742740199 0.17424242408014834 0.04833333450369537 0.05050505045801401
1 0.13666666997596622 0.2260101007996127 0.08000000193715096 0.14393939380533993
1 0.05750000139232725 0.17171717155724764 0.09500000230036676 0.19696969678625464
1 0.02916666737291962 0.26010100985877216 0.05500000133179128 0.21717171696946025
