1 0.22249690722674131 0.45632797479629517 0.08405438717454672 0.1711229905486107
1 0.3702101317467168 0.6265596997691318 0.030902348225936294 0.058823528001084924
1 0.5086526517989114 0.6693404474062845 0.05809641466476023 0.11586452485062182
1 0.6143386827316135 0.7263814442558214 0.04944375716149807 0.08734402642585337
1 0.6427688430994749 0.7736185197718441 0.029666254296898842 0.05347593454644084
1 0.6847960366867483 0.7932263624388725 0.024721878580749035 0.049910872243344784
1 0.7255871363449842 0.8226381264394149 0.02224969072267413 0.03743315418250859
1 0.7478368270676583 0.8440285002579913 0.017305315006524324 0.030303029576316476
1 0.7657601890387014 0.8395721723791212 0.016069221077486873 0.032085560727864504
1 0.80037081905175 0.8493760937126353 0.018541408935561776 0.030303029576316476
1 0.8306551203131676 0.8627450773492455 0.014833127148449421 0.024955436121672392
