1 0.19622641801834106 0.31443299422971904 0.07169811427593231 0.1615120298229158
1 0.2528301924467087 0.304123715730384 0.049056604504585266 0.1615120298229158
1 0.2905660420656204 0.23883161856792867 0.030188679695129395 0.05841924482956529
1 0.29905660822987556 0.29209622414782643 0.024528302252292633 0.061855670996010303
1 0.34339623153209686 0.307560141896829 0.030188679695129395 0.05841924482956529
1 0.34433962777256966 0.2680412409827113 0.028301887214183807 0.048109966330230236
1 0.351886797696352 0.23539519240148365 0.024528302252292633 0.04467354016378522
1 0.40188679844141006 0.3247422727290541 0.03773584961891174 0.06529209716245532
1 0.4424528367817402 0.29725086339749396 0.028301887214183807 0.06529209716245532
1 0.4716981202363968 0.29896907648071647 0.03396226465702057 0.06872852332890034
1 0.4405660443007946 0.23539519240148365 0.03207547217607498 0.05841924482956529
1 0.4726415164768696 0.2250859139021486 0.03207547217607498 0.06529209716245532
1 0.5132075548171997 0.27319588023237884 0.03396226465702057 0.05841924482956529
1 0.5433962345123291 0.304123715730384 0.030188679695129395 0.05841924482956529
1 0.5726415179669857 0.307560141896829 0.03207547217607498 0.06529209716245532
1 0.5367924608290195 0.24742268398404121 0.03207547217607498 0.061855670996010303
1 0.584905669093132 0.23539519240148365 0.03396226465702057 0.05841924482956529
1 0.6339622735977173 0.2852233718149364 0.03396226465702057 0.06872852332890034
1 0.6745283119380474 0.2646048148162663 0.024528302252292633 0.061855670996010303
1 0.6971698217093945 0.23711340548470616 0.024528302252292633 0.05498281866312027
1 0.7216981239616871 0.2646048148162663 0.028301887214183807 0.061855670996010303
1 0.7415094450116158 0.2697594540659338 0.022641509771347046 0.05841924482956529
1 0.7641509547829628 0.23883161856792867 0.03396226465702057 0.07216494949534535
1 0.8264151066541672 0.2611683886498213 0.03773584961891174 0.06872852332890034
1 0.8613207675516605 0.23195876623503864 0.03207547217607498 0.05841924482956529
1 0.8971698246896267 0.27663230639882386 0.035849057137966156 0.05154639249667525
1 0.9443396367132664 0.23024055315181613 0.03207547217607498 0.06872852332890034
1 0.1452830210328102 0.29381443723104894 0.030188679695129395 0.05841924482956529
1 0.1622641533613205 0.2268041269853711 0.030188679695129395 0.05498281866312027
1 0.08018868044018745 0.2663230278994888 0.024528302252292633 0.05841924482956529
1 0.09716981276869774 0.2611683886498213 0.028301887214183807 0.05498281866312027
1 0.0443396233022213 0.2439862578175962 0.03207547217607498 0.061855670996010303
