1 0.7424999834038317 0.38833334273658693 0.019999999552965164 0.013333333656191826
1 0.6399999856948853 0.39416667621117085 0.019999999552965164 0.011666666949167848
1 0.627499985974282 0.4208333435235545 0.019999999552965164 0.015000000363215804
1 0.47999998927116394 0.4750000115018338 0.019999999552965164 0.013333333656191826
1 0.5624999874271452 0.49416667863260955 0.019999999552965164 0.015000000363215804
1 0.4999999888241291 0.44666667748242617 0.014999999664723873 0.013333333656191826
1 0.5337499880697578 0.4516666776034981 0.01749999960884452 0.013333333656191826
1 0.26624999404884875 0.9025000218534842 0.03749999916180968 0.02833333401940763
1 0.278749993769452 0.8633333542384207 0.042499999050050974 0.02666666731238365
1 0.3199999928474426 0.6750000163447112 0.029999999329447746 0.02000000048428774
0 0.5949999867007136 0.5908333476400003 0.019999999552965164 0.015000000363215804
0 0.5262499882373959 0.6750000163447112 0.0274999993853271 0.02000000048428774
0 0.37499999161809683 0.6700000162236392 0.024999999441206455 0.02000000048428774
0 0.4062499909196049 0.5141666791168973 0.02249999949708581 0.01833333377726376
0 0.15499999653548002 0.6383333487901837 0.024999999441206455 0.02000000048428774
0 0.09249999793246388 0.6450000156182796 0.029999999329447746 0.02000000048428774
0 0.03999999910593033 0.687500016647391 0.024999999441206455 0.021666667191311717
0 0.029999999329447746 0.7100000171922147 0.024999999441206455 0.023333333898335695
0 0.014999999664723873 0.845000020461157 0.024999999441206455 0.02666666731238365
0 0.029999999329447746 0.8125000196741894 0.03499999921768904 0.02833333401940763
0 0.18249999592080712 0.8783333546016365 0.03499999921768904 0.023333333898335695
0 0.11124999751336873 0.9250000223983079 0.042499999050050974 0.030000000726431608
0 0.016249999636784196 0.9033333552069962 0.0274999993853271 0.02666666731238365
0 0.011249999748542905 0.8725000211270526 0.01749999960884452 0.025000000605359674
0 0.7349999835714698 0.7800000188872218 0.029999999329447746 0.023333333898335695
0 0.5362499880138785 0.9475000229431316 0.03749999916180968 0.02833333401940763
0 0.5724999872036278 0.8983333550859243 0.03499999921768904 0.02666666731238365
0 0.23874999466352165 0.9533333564177155 0.042499999050050974 0.02666666731238365
0 0.39249999122694135 0.8333333535119891 0.029999999329447746 0.023333333898335695
0 0.42999999038875103 0.8291666867444292 0.029999999329447746 0.021666667191311717
0 0.43624999024905264 0.7983333526644856 0.0274999993853271 0.023333333898335695
1 0.394999991171062 0.7866666857153177 0.03499999921768904 0.023333333898335695
1 0.592499986756593 0.8233333532698452 0.03999999910593033 0.02666666731238365
0 0.9187499794643372 0.9825000237906352 0.042499999050050974 0.02833333401940763
0 0.9924999778158963 0.8625000208849087 0.014999999664723873 0.025000000605359674
0 0.3299999926239252 0.7208333507878706 0.029999999329447746 0.025000000605359674
0 0.6437499856110662 0.5291666794801131 0.02249999949708581 0.015000000363215804
1 0.6749999849125743 0.4966666786931455 0.024999999441206455 0.016666667070239782
0 0.7262499837670475 0.4675000113202259 0.01749999960884452 0.011666666949167848
0 0.197499995585531 0.34916667512152344 0.014999999664723873 0.011666666949167848
0 0.1749999960884452 0.35000000847503543 0.014999999664723873 0.01000000024214387
0 0.14749999670311809 0.3541666752425954 0.014999999664723873 0.011666666949167848
0 0.10124999773688614 0.382500009262003 0.01749999960884452 0.011666666949167848
