1 0.36444445326924324 0.3203125047730282 0.12000000290572643 0.22187500330619514
0 0.5633333469741046 0.3078125045867637 0.055555556900799274 0.08437500125728548
0 0.6233333484269679 0.32656250486616045 0.055555556900799274 0.07812500116415322
0 0.7600000184029341 0.3078125045867637 0.06222222372889519 0.1093750016298145
0 0.9233333556912839 0.4875000072643161 0.1222222251817584 0.22500000335276127
0 0.9133333554491401 0.3421875050989911 0.12000000290572643 0.12812500190921128
0 0.6966666835360229 0.32656250486616045 0.015555555932223797 0.02812500041909516
0 0.2844444513320923 0.33125000493600965 0.04444444552063942 0.07500000111758709
0 0.230000005569309 0.33906250505242497 0.03777777869254351 0.0656250009778887
0 0.11333333607763052 0.2937500043772161 0.2133333384990692 0.37500000558793545
