1 0.24231152192805894 0.3923610992351314 0.024801588733680546 0.04927248528110795
1 0.2807539844652638 0.3979827921866672 0.025793652283027768 0.04927248528110795
1 0.3318452572566457 0.403604485138203 0.025793652283027768 0.043320104508893564
1 0.3849206571467221 0.4049272364209173 0.022817461634986103 0.04067460194346495
1 0.4300595486420207 0.39880951173836365 0.023809525184333324 0.04034391412278637
1 0.4771825672360137 0.4052579242415959 0.025297620508354157 0.0413359775848221
1 0.5210813792946283 0.3951719457108993 0.023809525184333324 0.046296294895000756
1 0.5694444773253053 0.38574734282155987 0.025297620508354157 0.04398148015025072
1 0.6274801949621178 0.3968253848142922 0.024801588733680546 0.044312167970929295
1 0.682043690176215 0.40757273898634594 0.025793652283027768 0.04596560707432218
1 0.6499256327660987 0.5077711486519547 0.027529763494385406 0.04662698271567933
1 0.6001984473550692 0.5119047464104369 0.02628968405770138 0.04761904617771506
1 0.5548115399724338 0.510251307307044 0.02628968405770138 0.044312167970929295
1 0.5084325690404512 0.5001653287763475 0.027777779381722212 0.048611109639750794
1 0.45225697055866476 0.5150462807068834 0.028025795269059017 0.048611109639750794
1 0.3864087524707429 0.5166997198102763 0.025793652283027768 0.04927248528110795
1 0.336557559116045 0.5133928416034905 0.0272817476070486 0.04794973399839364
1 0.2735615237324964 0.5008267044177046 0.025793652283027768 0.047288358357036486
0 0.07353671059536282 0.37880289858730976 0.036954367213184014 0.04794973399839364
0 0.9091022350330604 0.4050925803312566 0.03447420833981596 0.04695767053635791
