1 0.15909091016510502 0.24316939222626388 0.056363636744208634 0.13114753738045692
1 0.21000000141793862 0.23770491150207818 0.06000000040512532 0.13661201810464263
1 0.26636363816214725 0.20355190697591752 0.07090909138787538 0.13934425846673548
1 0.3154545475845225 0.24590163258835673 0.056363636744208634 0.13661201810464263
1 0.3581818206002936 0.2336065509589389 0.06181818223558366 0.1612021813634783
1 0.3900000026333146 0.2554644738556817 0.027272727456875145 0.06284152832813561
1 0.4463636393775232 0.24180327204521745 0.06727272772695869 0.13934425846673548
1 0.5209090944263153 0.2650273151230067 0.063636364066042 0.13114753738045692
1 0.5700000038486905 0.20081966661382467 0.06727272772695869 0.1612021813634783
1 0.6490909134736285 0.19398906570859253 0.04000000027008355 0.09289617231115699
1 0.6827272773371078 0.22540982987266034 0.06000000040512532 0.12841529701836407
1 0.7009090956416912 0.15710382082033902 0.056363636744208634 0.09016393194906414
1 0.7918181871646084 0.1448087391909212 0.05272727308329195 0.0983606530353427
1 0.8127272782148793 0.18032786389812827 0.06909090955741704 0.12568305665627122
0 0.4118181845988147 0.3907103717792779 0.06727272772695869 0.14207649882882833
