1 0.3200000021606684 0.34016392508056015 0.025454545626416802 0.046448086155578494
1 0.5109090943587944 0.6926229317905381 0.04727272759191692 0.09562841267324984
1 0.6209090951015241 0.5546447935048491 0.02363636379595846 0.04918032651767135
1 0.408181820937898 0.5628415145911276 0.020000000135041773 0.03278688434511423
1 0.5027272761217318 0.5163934284355491 0.020000000135041773 0.027322403620928526
1 0.48090909415623173 0.499999986262992 0.016363636474125087 0.03278688434511423
0 0.11272727348841727 0.3729508094256744 0.04363636393100023 0.046448086155578494
1 0.4154545482597314 0.4207650157622993 0.009090909152291715 0.016393442172557116
1 0.5263636399176903 0.4631147413747385 0.027272727456875145 0.04098360543139279
1 0.4654545485973358 0.49043714499566704 0.010909090982750058 0.019125682534649968
