1 0.07454545504879206 0.4999999930150807 0.01818181830458343 0.03542234282940626
1 0.0990909097599797 0.49182560620829463 0.020000000135041773 0.03542234282940626
1 0.12909090996254236 0.5108991754241288 0.01818181830458343 0.03542234282940626
1 0.15818181924987584 0.5204359600320458 0.01818181830458343 0.03269754722714424
1 0.1690909102326259 0.5068119820207357 0.01818181830458343 0.03269754722714424
1 0.14909091009758413 0.49318800400942564 0.014545454643666744 0.0272479560226202
1 0.1627272738260217 0.4632152523845434 0.016363636474125087 0.03269754722714424
1 0.185454546706751 0.4632152523845434 0.014545454643666744 0.0272479560226202
1 0.20909091050270945 0.45367846777662635 0.014545454643666744 0.02452316042035818
1 0.1981818195199594 0.5326975402422249 0.01818181830458343 0.03542234282940626
1 0.22272727423114702 0.5326975402422249 0.016363636474125087 0.03542234282940626
1 0.20818181958748028 0.5095367776229978 0.016363636474125087 0.0272479560226202
1 0.21909091057023033 0.49455040181055665 0.016363636474125087 0.02997275162488222
1 0.2263636378920637 0.47956402599811554 0.016363636474125087 0.03269754722714424
1 0.2454545471118763 0.4618528545834124 0.014545454643666744 0.02997275162488222
1 0.26636363816214725 0.45367846777662635 0.009090909152291715 0.02452316042035818
1 0.28818182012764737 0.4604904567822814 0.012727272813208401 0.0272479560226202
1 0.2609090926707722 0.48365121940150857 0.012727272813208401 0.01907356921583414
1 0.27545454731443897 0.4768392303958535 0.012727272813208401 0.02179836481809616
1 0.2836363655515015 0.4986375952139497 0.01818181830458343 0.03269754722714424
1 0.2718181836535223 0.5054495842196047 0.012727272813208401 0.02997275162488222
1 0.26000000175554305 0.5027247886173427 0.014545454643666744 0.02452316042035818
1 0.24818181985756382 0.4986375952139497 0.016363636474125087 0.03269754722714424
1 0.25636363809462637 0.5286103468388319 0.01818181830458343 0.03269754722714424
1 0.31090909300837666 0.4891008106060326 0.01818181830458343 0.02997275162488222
1 0.32363636582158506 0.46730244578793645 0.014545454643666744 0.02997275162488222
1 0.3100000020931475 0.43869209196418524 0.012727272813208401 0.02179836481809616
1 0.31454545666929334 0.403269749134779 0.010909090982750058 0.01634877361357212
1 0.34272727504139766 0.3514986326918006 0.009090909152291715 0.01634877361357212
1 0.3536363660241477 0.34604904148727655 0.009090909152291715 0.01634877361357212
1 0.339090911380481 0.4850136172026396 0.016363636474125087 0.03269754722714424
1 0.34636363870231435 0.4591280589811504 0.012727272813208401 0.02452316042035818
1 0.3636363660916686 0.4455040809698403 0.014545454643666744 0.02452316042035818
1 0.38454545714193955 0.45095367217436433 0.016363636474125087 0.02452316042035818
1 0.3700000024982728 0.48228882160037756 0.016363636474125087 0.03269754722714424
1 0.3900000026333146 0.48092642379924655 0.016363636474125087 0.03542234282940626
1 0.4054545481922105 0.46730244578793645 0.014545454643666744 0.02452316042035818
1 0.4090909118531272 0.4482288765721023 0.010909090982750058 0.02452316042035818
1 0.41272727551404387 0.40054495353251696 0.010909090982750058 0.01634877361357212
1 0.5081818216131069 0.39918255573138595 0.009090909152291715 0.01907356921583414
1 0.4309090938186273 0.4495912743732333 0.014545454643666744 0.0272479560226202
1 0.4527272757841274 0.4468664787709713 0.014545454643666744 0.03269754722714424
1 0.4727272759191692 0.4468664787709713 0.014545454643666744 0.01634877361357212
1 0.4763636395800859 0.46594004798680544 0.014545454643666744 0.02179836481809616
1 0.5027272761217318 0.4618528545834124 0.016363636474125087 0.02452316042035818
1 0.524545458087232 0.45367846777662635 0.020000000135041773 0.02452316042035818
1 0.5227272762567736 0.4863760150037706 0.016363636474125087 0.03542234282940626
1 0.5236363671720028 0.5231607556343079 0.014545454643666744 0.03269754722714424
1 0.5327272763242945 0.6008174302987754 0.01818181830458343 0.04632152523845434
1 0.4909090942237526 0.5926430434919894 0.01818181830458343 0.0408719340339303
1 0.498181821545586 0.5258855512365699 0.01818181830458343 0.03814713843166828
1 0.503636367036961 0.4891008106060326 0.014545454643666744 0.02997275162488222
1 0.47454545774962753 0.5217983578331769 0.01818181830458343 0.03542234282940626
1 0.45818182127550244 0.5054495842196047 0.014545454643666744 0.02997275162488222
1 0.44454545754706487 0.48365121940150857 0.016363636474125087 0.02997275162488222
1 0.4690909122582525 0.4877384128049016 0.014545454643666744 0.03269754722714424
1 0.44545454846229404 0.5272479490377009 0.01818181830458343 0.03542234282940626
1 0.42272727558156475 0.5272479490377009 0.020000000135041773 0.03542234282940626
1 0.4218181846663356 0.49318800400942564 0.014545454643666744 0.0272479560226202
1 0.40363636636175215 0.4999999930150807 0.014545454643666744 0.03542234282940626
1 0.3918181844637729 0.540871927049011 0.016363636474125087 0.03542234282940626
1 0.376363638904877 0.5149863688275218 0.014545454643666744 0.0272479560226202
1 0.376363638904877 0.549046313855797 0.01818181830458343 0.03542234282940626
1 0.34636363870231435 0.5177111644297838 0.016363636474125087 0.03814713843166828
1 0.3290909113129601 0.5299727446399629 0.01818181830458343 0.03542234282940626
1 0.30454545660177246 0.5340599380433559 0.016363636474125087 0.03269754722714424
1 0.17636363755445927 0.6117166127078235 0.021818181965500116 0.0408719340339303
1 0.18090909213060513 0.6689373203553259 0.020000000135041773 0.0408719340339303
1 0.2009090922656469 0.6607629335485399 0.02363636379595846 0.0408719340339303
1 0.21000000141793862 0.5994550324976444 0.020000000135041773 0.03814713843166828
1 0.24090909253573045 0.5967302368953824 0.020000000135041773 0.03814713843166828
1 0.24090909253573045 0.6512261489406228 0.020000000135041773 0.04359672963619232
1 0.27909091097535565 0.6539509445428848 0.020000000135041773 0.04359672963619232
1 0.2772727291448973 0.5967302368953824 0.020000000135041773 0.03814713843166828
1 0.30181818385608494 0.5899182478897274 0.01818181830458343 0.0408719340339303
1 0.3327272749738768 0.5953678390942514 0.01818181830458343 0.03542234282940626
1 0.3345454568043351 0.6498637511394918 0.01818181830458343 0.0408719340339303
1 0.3636363660916686 0.6049046237021685 0.021818181965500116 0.03814713843166828
1 0.38090909348102286 0.6444141599349678 0.020000000135041773 0.0408719340339303
1 0.39727272995514795 0.6049046237021685 0.016363636474125087 0.03814713843166828
1 0.42545454832725227 0.6062670215032995 0.01818181830458343 0.03542234282940626
1 0.47727273049531505 0.6430517621338367 0.020000000135041773 0.04359672963619232
1 0.4945454578846693 0.6376021709293127 0.01818181830458343 0.04359672963619232
1 0.6036363677121699 0.6512261489406228 0.021818181965500116 0.04359672963619232
1 0.5572727310354821 0.6021798280999064 0.020000000135041773 0.03814713843166828
1 0.6345454588299617 0.6294277841225266 0.021818181965500116 0.04359672963619232
1 0.6618181862868369 0.6471389555372298 0.01818181830458343 0.0408719340339303
1 0.6936363683198579 0.6035422259010375 0.020000000135041773 0.0408719340339303
1 0.7145454593701288 0.6498637511394918 0.01818181830458343 0.0408719340339303
1 0.7600000051315874 0.6512261489406228 0.021818181965500116 0.03814713843166828
1 0.8145454600453377 0.6539509445428848 0.01818181830458343 0.03814713843166828
1 0.5472727309679613 0.5245231534354389 0.01818181830458343 0.03542234282940626
1 0.5818181857466698 0.5286103468388319 0.01818181830458343 0.03269754722714424
1 0.6036363677121699 0.5286103468388319 0.01818181830458343 0.04359672963619232
1 0.6272727315081283 0.5286103468388319 0.01818181830458343 0.03814713843166828
1 0.6536363680497743 0.5245231534354389 0.020000000135041773 0.0408719340339303
1 0.6681818226934411 0.5122615732252598 0.020000000135041773 0.03269754722714424
1 0.6818181864218786 0.53950952924788 0.01818181830458343 0.04359672963619232
1 0.7027272774721496 0.543596722651273 0.020000000135041773 0.03542234282940626
1 0.7245454594376497 0.536784733645618 0.020000000135041773 0.03814713843166828
1 0.752727277809754 0.5626702918671072 0.021818181965500116 0.0408719340339303
1 0.7854545507580042 0.5544959050603211 0.01818181830458343 0.03542234282940626
1 0.8154545509605668 0.547683916054666 0.016363636474125087 0.03269754722714424
1 0.906363642483484 0.5299727446399629 0.020000000135041773 0.03542234282940626
1 0.9263636426185258 0.5081743798218668 0.016363636474125087 0.02997275162488222
1 0.9500000064144842 0.5245231534354389 0.020000000135041773 0.0408719340339303
1 0.8554545512306504 0.5177111644297838 0.020000000135041773 0.03814713843166828
1 0.8281818237737752 0.5068119820207357 0.020000000135041773 0.03814713843166828
1 0.805454550893046 0.5040871864184737 0.01818181830458343 0.03814713843166828
1 0.7881818235036917 0.5054495842196047 0.020000000135041773 0.03542234282940626
1 0.8918181878398173 0.4754768325947225 0.016363636474125087 0.03542234282940626
1 0.8672727331286296 0.45095367217436433 0.01818181830458343 0.02997275162488222
1 0.8600000058067963 0.4891008106060326 0.01818181830458343 0.03542234282940626
1 0.8418181875022128 0.49455040181055665 0.014545454643666744 0.02997275162488222
1 0.7709090961143374 0.47956402599811554 0.01818181830458343 0.03814713843166828
1 0.7836363689275458 0.4618528545834124 0.014545454643666744 0.02997275162488222
1 0.8009090963169001 0.4754768325947225 0.016363636474125087 0.02997275162488222
1 0.8018181872321293 0.44141688756644726 0.014545454643666744 0.02179836481809616
1 0.7654545506229624 0.4455040809698403 0.01818181830458343 0.02452316042035818
1 0.7454545504879206 0.4495912743732333 0.01818181830458343 0.0272479560226202
1 0.7336363685899414 0.46730244578793645 0.016363636474125087 0.02452316042035818
1 0.7345454595051706 0.5013623908162117 0.014545454643666744 0.0272479560226202
0 0.7181818230310455 0.49591279961168766 0.01818181830458343 0.0272479560226202
1 0.6963636410655454 0.5095367776229978 0.01818181830458343 0.0272479560226202
1 0.6827272773371078 0.4904632084071636 0.016363636474125087 0.0272479560226202
1 0.6618181862868369 0.4877384128049016 0.01818181830458343 0.0272479560226202
1 0.6454545498127118 0.4877384128049016 0.014545454643666744 0.03269754722714424
1 0.630909095169045 0.4999999930150807 0.014545454643666744 0.02997275162488222
1 0.6290909133385867 0.47956402599811554 0.014545454643666744 0.02179836481809616
1 0.6063636404578574 0.4999999930150807 0.012727272813208401 0.01907356921583414
1 0.599090913136024 0.4877384128049016 0.016363636474125087 0.0272479560226202
1 0.6109090950340033 0.4768392303958535 0.014545454643666744 0.0272479560226202
1 0.6654545499477535 0.4482288765721023 0.014545454643666744 0.02997275162488222
1 0.6827272773371078 0.45640326337888837 0.016363636474125087 0.02997275162488222
1 0.6418181861517951 0.4591280589811504 0.01818181830458343 0.02997275162488222
1 0.7063636411330663 0.403269749134779 0.009090909152291715 0.01634877361357212
1 0.7009090956416912 0.3528610304929316 0.009090909152291715 0.0136239780113101
1 0.6881818228284828 0.34468664368614554 0.009090909152291715 0.0136239780113101
1 0.6709090954391286 0.3351498590782285 0.010909090982750058 0.01634877361357212
1 0.5918181858141907 0.40054495353251696 0.009090909152291715 0.01634877361357212
1 0.6163636405253783 0.44277928536757827 0.014545454643666744 0.02452316042035818
1 0.5972727313055657 0.45640326337888837 0.016363636474125087 0.02452316042035818
1 0.5845454584923573 0.43869209196418524 0.012727272813208401 0.0272479560226202
1 0.561818185611628 0.4891008106060326 0.01818181830458343 0.02997275162488222
1 0.5390909127308987 0.49455040181055665 0.020000000135041773 0.02452316042035818
1 0.5481818218831904 0.4741144347935915 0.016363636474125087 0.02179836481809616
1 0.5572727310354821 0.4577656611800194 0.016363636474125087 0.0272479560226202
1 0.5418181854765862 0.42779290955513716 0.014545454643666744 0.0272479560226202
0 0.5127272761892527 0.42779290955513716 0.014545454643666744 0.02179836481809616
1 0.8281818237737752 0.44141688756644726 0.016363636474125087 0.03269754722714424
1 0.4945454578846693 0.42779290955513716 0.010909090982750058 0.02179836481809616
0 0.44545454846229404 0.6430517621338367 0.01818181830458343 0.03269754722714424
