1 0.19375000288709998 0.27173911803402007 0.05312500079162419 0.09565216954797506
1 0.2210937532945536 0.37282606994267553 0.06406250095460564 0.11086956015788019
1 0.3296875049127266 0.3467391146114096 0.06875000102445483 0.11956521193496883
1 0.4460937566473149 0.3260869416408241 0.06093750090803951 0.10869564721360803
1 0.5492187581839971 0.3293478110572323 0.0703125010477379 0.11521738604642451
1 0.6835937601863407 0.3402173757785931 0.05781250086147338 0.10652173426933587
1 0.9023437634459697 0.3141304204473272 0.05468750081490725 0.09782608249224722
1 0.9531250142026693 0.33804346283432096 0.03125000046566129 0.04130434594117105
1 0.2960937544121407 0.15869564493186772 0.020312500302679837 0.03913043299689889
1 0.3375000050291419 0.148913036682643 0.02500000037252903 0.03695652005262673
0 0.9367187639581971 0.3532608534442261 0.023437500349245965 0.04130434594117105
