1 0.758181823301129 0.7045454593026079 0.13454545545391738 0.16181818291079253
1 0.14454545552143827 0.7409090959117748 0.10727272799704224 0.12909090996254236
1 0.40727273002266884 0.7500000050640665 0.032727272948250175 0.03454545477870852
1 0.27636363822966814 0.7118181866244413 0.032727272948250175 0.04181818210054189
1 0.33000000222818926 0.7572727323858999 0.020000000135041773 0.02363636379595846
1 0.31090909300837666 0.7400000049965456 0.021818181965500116 0.02909090928733349
1 0.24454545619664714 0.7509090959792957 0.012727272813208401 0.014545454643666744
1 0.38090909348102286 0.7609090960468166 0.009090909152291715 0.012727272813208401
1 0.3890909117180854 0.7572727323858999 0.010909090982750058 0.016363636474125087
1 0.3581818206002936 0.7618181869620457 0.010909090982750058 0.014545454643666744
1 0.24363636528141797 0.21454545599408448 0.09818181884475052 0.1054545461665839
1 0.6963636410655454 0.2645454563316889 0.05818181857466698 0.07090909138787538
1 0.8136363691301085 0.28545454738195986 0.06000000040512532 0.07272727321833372
