1 0.35000000847503543 0.3328402410261333 0.055555556900799274 0.09763313736766577
1 0.1922222268767655 0.36242604022845626 0.08666666876524687 0.13313609641045332
1 0.05222222348675132 0.369822490029037 0.055555556900799274 0.09467455744743347
1 0.011111111380159855 0.4245562185533345 0.017777778208255768 0.1390532562509179
1 0.41000000992789865 0.33727811090648174 0.055555556900799274 0.08284023776650429
1 0.4833333450369537 0.3136094715446234 0.055555556900799274 0.10650887712836266
1 0.5422222353518009 0.3357988209463656 0.07111111283302307 0.12130177672952414
1 0.7244444619864225 0.3150887615047395 0.13333333656191826 0.19230769481509924
1 0.8111111307516694 0.2928994121029973 0.06666666828095913 0.1420118361711502
1 0.9144444665871561 0.2736686426214874 0.06444444600492716 0.12130177672952414
