1 0.09624999784864485 0.41917294287122786 0.03249999927356839 0.05639097886160016
1 0.11624999740161002 0.4248120407573879 0.02249999949708581 0.05263158027082682
1 0.16624999628402293 0.42105264216661453 0.03249999927356839 0.05263158027082682
1 0.18874999578110874 0.4154135442804545 0.02249999949708581 0.04887218168005347
1 0.2412499946076423 0.40789474709890783 0.03249999927356839 0.05639097886160016
1 0.30374999321065843 0.4172932435758412 0.0274999993853271 0.05263158027082682
1 0.38249999145045877 0.40789474709890783 0.029999999329447746 0.05639097886160016
1 0.40374999097548425 0.4285714393481612 0.02249999949708581 0.04511278308928013
1 0.4387499901931733 0.4116541456896812 0.03249999927356839 0.06390977604314685
1 0.48124998924322426 0.4360902365297079 0.0274999993853271 0.04511278308928013
1 0.5487499877344817 0.4154135442804545 0.03249999927356839 0.05639097886160016
1 0.6024999865330756 0.43233083793893456 0.029999999329447746 0.05263158027082682
1 0.6337499858345836 0.42669174005277455 0.02249999949708581 0.05639097886160016
1 0.6524999854154885 0.43233083793893456 0.029999999329447746 0.06766917463392019
1 0.7112499841023237 0.4248120407573879 0.042499999050050974 0.09022556617856026
1 0.7524999831803143 0.4229323414620012 0.03499999921768904 0.07142857322469354
1 0.7874999823980033 0.4417293344158679 0.03499999921768904 0.07142857322469354
1 0.8237499815877527 0.4492481315974146 0.06249999860301614 0.10902255913242698
1 0.9399999789893627 0.43233083793893456 0.05999999865889549 0.10526316054165363
1 0.9862499779555947 0.4417293344158679 0.0274999993853271 0.1541353422217071
0 0.3399999924004078 0.42105264216661453 0.03499999921768904 0.060150377452373505
0 0.8812499803025275 0.45488722948357463 0.07249999837949872 0.12030075490474701
0 0.514999988488853 0.43421053723432124 0.024999999441206455 0.041353384498506784
