0 0.1469230770599097 0.29726028186269104 0.02000000001862645 0.035616439301520586
0 0.22384615405462682 0.2821917883120477 0.029230769257992506 0.04931506980210543
0 0.26307692332193255 0.2931506927125156 0.027692307718098164 0.05479452200233936
0 0.29846153873950243 0.3082191862631589 0.02461538463830948 0.052054795902222395
0 0.21307692327536643 0.30410959711298347 0.016923076938837767 0.04383561760187149
0 0.3346153849270195 0.302739734062925 0.03230769233778119 0.06301370030269027
0 0.3769230772741139 0.29589041881263256 0.027692307718098164 0.07123287860304117
0 0.4192307696212083 0.31506850151345134 0.03230769233778119 0.07123287860304117
0 0.4815384619869292 0.2684931578114629 0.03384615387767553 0.07123287860304117
0 0.7184615391306579 0.3178082276135683 0.04307692311704159 0.10410959180444479
0 0.8015384622849524 0.27123288391157985 0.05538461543619633 0.10410959180444479
1 0.5815384620800614 0.2561643903609365 0.04923076927661896 0.1123287701047957
