1 0.28000001329928637 0.320359293371439 0.20000000949949026 0.19760479778051376
1 0.4580000217538327 0.26497006975114346 0.18000000854954123 0.1706586889922619
1 0.6820000323932618 0.30688623897731304 0.19600000930950046 0.18263473734259605
1 0.8080000383779407 0.2215568944811821 0.17600000835955143 0.19760479778051376
1 0.9060000430326909 0.22005988843739033 0.11600000550970435 0.15269461646676064
1 0.9580000455025584 0.19161677360534668 0.08400000398978591 0.1497006043791771
1 0.7340000348631293 0.058383235707879066 0.10000000474974513 0.08083832636475563
1 0.8360000397078693 0.08832335658371449 0.10400000493973494 0.08682635053992271
1 0.71800003410317 0.13173653185367584 0.11600000550970435 0.06586826592683792
1 0.6760000321082771 0.17664671316742897 0.12000000569969416 0.08982036262750626
1 0.576000027358532 0.20508982799947262 0.1520000072196126 0.15269461646676064
1 0.43400002061389387 0.13473054394125938 0.14000000664964318 0.10778443515300751
1 0.21000000997446477 0.21257485821843147 0.17200000816956162 0.16167665272951126
1 0.05600000265985727 0.30538923293352127 0.10400000493973494 0.1856287494301796
1 0.042000001994892955 0.16167665272951126 0.0760000036098063 0.09580838680267334
1 0.12800000607967377 0.21556887030601501 0.10400000493973494 0.15568862855434418
1 0.25600001215934753 0.14820359833538532 0.12000000569969416 0.11077844724059105
1 0.3140000149141997 0.12125748954713345 0.08400000398978591 0.09880239889025688
1 0.3780000179540366 0.06886227801442146 0.09200000436976552 0.08383233845233917
1 0.6460000306833535 0.10479042306542397 0.06800000322982669 0.04790419340133667
1 0.5380000255536288 0.05988024175167084 0.08400000398978591 0.04790419340133667
1 0.4760000226087868 0.053892217576503754 0.0720000034198165 0.053892217576503754
1 0.11600000550970435 0.11676647141575813 0.11200000531971455 0.05988024175167084
1 0.19400000921450555 0.10179641097784042 0.0760000036098063 0.053892217576503754
1 0.05200000246986747 0.10029940493404865 0.09600000455975533 0.056886229664087296
0 0.27800001320429146 0.03443113900721073 0.05200000246986747 0.05089820548892021
0 0.18200000864453614 0.0464071873575449 0.06000000284984708 0.038922157138586044
0 0.09400000446476042 0.05988024175167084 0.05200000246986747 0.04790419340133667
