1 0.46700002218130976 0.5761245855828747 0.05400000256486237 0.12110727024264634
1 0.3760000178590417 0.5346020929282531 0.04000000189989805 0.0726643621455878
1 0.36000001709908247 0.6089965589344501 0.06000000284984708 0.1245674779638648
1 0.3270000155316666 0.6020761434920132 0.04600000218488276 0.11764706252142787
1 0.26000001234933734 0.5311418852070346 0.04000000189989805 0.10034602391533554
1 0.18400000873953104 0.6470588438678533 0.11200000531971455 0.15224913973361254
1 0.1830000086920336 0.807958502904512 0.1620000076945871 0.21107267099432647
1 0.5600000265985727 0.6141868705162778 0.0720000034198165 0.1349481011275202
1 0.5890000279759988 0.5501730276737362 0.050000002374872565 0.0830449853092432
1 0.5620000266935676 0.5224913659039885 0.03600000170990825 0.06920415442436934
1 0.6340000301133841 0.6107266627950594 0.06400000303983688 0.12110727024264634
1 0.6840000324882567 0.5155709504615515 0.04400000208988786 0.07612456986680627
1 0.7100000337231904 0.5674740662798285 0.05200000246986747 0.09688581619411707
1 0.7960000378079712 0.51903115818277 0.04000000189989805 0.0830449853092432
1 0.8980000426527113 0.5328719890676439 0.04400000208988786 0.07612456986680627
1 0.9100000432226807 0.6141868705162778 0.0760000036098063 0.10726643935777247
1 0.9480000450275838 0.5501730276737362 0.05200000246986747 0.0830449853092432
0 0.8450000401353464 0.593425624188967 0.06600000313483179 0.10726643935777247
0 0.8410000399453565 0.5380623006494716 0.05400000256486237 0.058823531260713935
0 0.986000046832487 0.5397924045100808 0.028000001329928637 0.06920415442436934
0 0.5390000256011263 0.30276817560661584 0.026000001234933734 0.058823531260713935
0 0.4390000208513811 0.5865052087465301 0.026000001234933734 0.08650519303046167
