1 0.5163636398501694 0.23629243182949722 0.06545454589650035 0.11749347439035773
1 0.3227272749063559 0.29634465207345784 0.06727272772695869 0.11749347439035773
1 0.2927272747037932 0.07963446597568691 0.025454545626416802 0.0496083558537066
1 0.18363636487629265 0.023498694878071547 0.025454545626416802 0.03655352536588907
1 0.62545454967767 0.2610966097563505 0.03636363660916686 0.08877284731715918
1 0.6554545498802327 0.27154047414660454 0.027272727456875145 0.0522193219512701
1 0.7554545505554415 0.27154047414660454 0.038181818439625204 0.07832898292690516
1 0.8009090963169001 0.258485643658787 0.04909090942237526 0.11488250829279423
1 0.8327272783499211 0.2832898215856403 0.014545454643666744 0.028720627073198557
1 0.3572727296850644 0.1044386439025402 0.016363636474125087 0.03133159317076206
1 0.4181818210054189 0.14229765231721103 0.014545454643666744 0.028720627073198557
0 0.8681818240438588 0.28459530463442206 0.027272727456875145 0.04177545756101608
