1 0.2076388939167373 0.20443349401466548 0.026388889527879655 0.04926108289510012
1 0.2520833394373767 0.22660098131746054 0.020833333837799728 0.03448275802657008
1 0.4729166781180538 0.22536945424508303 0.012500000302679837 0.027093595592305064
1 0.609722236986272 0.12068965309299529 0.025000000605359674 0.06896551605314016
1 0.687500016647391 0.40640393388457596 0.02222222276031971 0.04926108289510012
1 0.76805557415355 0.7142857019789517 0.027777778450399637 0.04926108289510012
1 0.230555561138317 0.6637930920114741 0.027777778450399637 0.04679802875034511
1 0.24375000590225682 0.6453201859258115 0.02361111168283969 0.02955664973706007
1 0.0458333344431594 0.9815270766848698 0.025000000605359674 0.03694581217132509
0 0.537500013015233 0.8017241241177544 0.019444444915279746 0.03694581217132509
0 0.4368055661325343 0.22167487302795053 0.0152777781477198 0.02463054144755006
