0 0.0873015885008499 0.14343163999728858 0.10476190620101988 0.22252011438831687
0 0.18174603424267843 0.2184986665379256 0.07777777884621173 0.1528150183148682
0 0.3007936549256556 0.2560321798082441 0.05873015953693539 0.12600536597892642
0 0.39682540227659047 0.26273459289222956 0.05714285792782903 0.11260053981095552
0 0.4873015939956531 0.3083110018633306 0.05714285792782903 0.10187667887657881
0 0.5595238172099926 0.30160858877934515 0.046031746664084494 0.09383378317579627
0 0.6253968339879066 0.31769438018091023 0.04444444505497813 0.08847185270860791
0 0.6849206443293951 0.31769438018091023 0.04285714344587177 0.08847185270860791
0 0.7285714385798201 0.3324396889656782 0.04126984183676541 0.08042895700782537
0 0.7888888997258618 0.3109919670969248 0.04126984183676541 0.08042895700782537
