0 0.008771929948125035 0.5325484615750611 0.015697137801907957 0.04293628688901663
0 0.020775623561348766 0.5228531709872186 0.02493074827361852 0.037396120838820934
0 0.02216066513210535 0.4903046954423189 0.025854109320789576 0.03878116235136986
0 0.06463527330197394 0.5706371031701565 0.0443213302642107 0.07202215865254402
0 0.13711911550490186 0.5914127258583903 0.04524469131138176 0.07202215865254402
0 0.11542013089638203 0.5013850275427103 0.024007387226447463 0.03601107932627201
0 0.14035087917000055 0.506925193592906 0.020313943037763238 0.03601107932627201
0 0.16204986377852038 0.524930733256042 0.01939058199059218 0.03601107932627201
0 0.16666666901437566 0.5041551105678082 0.021237304084934294 0.024930747225880623
0 0.17497691843891516 0.4722991557791829 0.01754385989625007 0.033240996301174164
0 0.1985226251417771 0.5387811483815312 0.033240997698158026 0.05263157747685909
0 0.22206833184463903 0.5200830879621208 0.023084026179276407 0.04016620386391878
0 0.22022160975029692 0.4909972161985934 0.023084026179276407 0.03185595478862524
0 0.2580794126843102 0.5124653596431017 0.023084026179276407 0.041551245376467705
0 0.24746076064184308 0.5685595409013331 0.03878116398118436 0.06232686806470156
0 0.2968605766654946 0.6322714504785836 0.04893813550006598 0.08725761529058218
0 0.34718375373631716 0.6094182655215263 0.04986149654723704 0.08310249075293541
0 0.3070175481843762 0.5318559408187866 0.026777470367960632 0.05263157747685909
0 0.29593721561832353 0.4958448614925146 0.021237304084934294 0.033240996301174164
0 0.3282548522693105 0.4999999860301614 0.01939058199059218 0.03878116235136986
0 0.34903047583065927 0.5214681294746697 0.024007387226447463 0.04293628688901663
0 0.3739612241042778 0.4854570501483977 0.018467220943421125 0.03462603781372309
0 0.3956602087127976 0.5560941672883928 0.030470914556644857 0.05124653596431017
0 0.41597415175056085 0.5886426428332925 0.03970452502835542 0.06925207562744617
0 0.4284395258873701 0.5498614804819226 0.024007387226447463 0.0470914114266634
0 0.4515235520666465 0.49307477846741676 0.016620498849079013 0.033240996301174164
0 0.48014774452894926 0.5034625898115337 0.018467220943421125 0.04016620386391878
0 0.5027700901846401 0.48753461241722107 0.015697137801907957 0.033240996301174164
0 0.4972299239016138 0.5373961068689823 0.026777470367960632 0.049861494451761246
0 0.5595567945856601 0.5796398730017245 0.03139427560381591 0.05955678503960371
0 0.5674053634866141 0.5124653596431017 0.021237304084934294 0.03878116235136986
0 0.5877193065243773 0.5034625898115337 0.021237304084934294 0.045706369914114475
0 0.607571569038555 0.5443213144317269 0.0295475535094738 0.05263157747685909
0 0.6569713850622065 0.5311634200625122 0.023084026179276407 0.037396120838820934
0 0.6301939146942459 0.5567866880446672 0.021237304084934294 0.04432132840156555
0 0.6994459932320751 0.5221606502309442 0.01939058199059218 0.033240996301174164
0 0.8005540278973058 0.5373961068689823 0.0295475535094738 0.049861494451761246
0 0.8938134936615825 0.5602492918260396 0.027700831415131688 0.04293628688901663
0 0.7894736953312531 0.8005539942532778 0.16620498849079013 0.27977838553488255
