0 0.07149852905422449 0.2939130497397855 0.025465229526162148 0.038260870380327106
0 0.341332018841058 0.22347826563054696 0.018609206192195415 0.033043478964827955
0 0.34671889431774616 0.18260869954247028 0.019588638097047806 0.034782609436661005
0 0.4157688436098397 0.20608696091221645 0.018609206192195415 0.033043478964827955
0 0.44760038051754236 0.21652174374321476 0.019588638097047806 0.036521739908494055
0 0.4838393609970808 0.22000000468688086 0.019588638097047806 0.033043478964827955
0 0.5215474893338978 0.27217391884187236 0.026444661431014538 0.043478261795826256
0 0.5558276060037315 0.3017391368630342 0.024485797621309757 0.05739130557049066
0 0.6018609055317938 0.30347826733486727 0.03428011666983366 0.06434782745782286
0 0.5734573802910745 0.24173913558479398 0.014691478572785854 0.041739131323993206
0 0.42066600313410163 0.17739130812697113 0.016650342382490635 0.027826087549328804
0 0.42801174242049456 0.15391304675722495 0.015670910477638245 0.022608696133829653
0 0.44906952837482095 0.18086956907063723 0.014691478572785854 0.027826087549328804
0 0.47012731432914734 0.19217391713755205 0.017629774287343025 0.029565218021161854
0 0.48824680456891656 0.14608695963397622 0.012732614763081074 0.027826087549328804
0 0.5024485671892762 0.14956522057764232 0.013712046667933464 0.027826087549328804
0 0.50195885123685 0.12521739397197962 0.012732614763081074 0.024347826605662704
0 0.5367286838591099 0.15652174246497452 0.011753182858228683 0.020869565661996603
0 0.5259549329057336 0.12260869826423004 0.011753182858228683 0.026086957077495754
0 0.542115559335798 0.1278260896797292 0.014691478572785854 0.026086957077495754
0 0.5391772636212409 0.18869565619388595 0.018609206192195415 0.033043478964827955
0 0.5636630612425506 0.1695652210037224 0.018609206192195415 0.029565218021161854
0 0.5881488588638604 0.1730434819473885 0.016650342382490635 0.029565218021161854
0 0.5886385748162866 0.11217391543323174 0.013712046667933464 0.022608696133829653
0 0.6807051738724113 0.32347826776094735 0.025465229526162148 0.05913043604232371
0 0.7536728507839143 0.3330434853560291 0.016650342382490635 0.05391304462682456
0 0.8349656988866627 0.3669565295567736 0.026444661431014538 0.04869565321132541
0 0.8491674615070224 0.30695652827853337 0.023506365716457367 0.04695652273949236
0 0.9123408193700016 0.3391304420074448 0.016650342382490635 0.045217392267659307
0 0.868266383651644 0.2695652231341228 0.020568070001900196 0.038260870380327106
0 0.7952987067401409 0.2869565278524533 0.019588638097047806 0.041739131323993206
0 0.7198824500665069 0.2391304398770444 0.023506365716457367 0.036521739908494055
0 0.6660136952996254 0.21739130897913128 0.017629774287343025 0.034782609436661005
0 0.6302644307725132 0.20521739567629993 0.018609206192195415 0.034782609436661005
0 0.5950048821978271 0.14260869869031012 0.012732614763081074 0.024347826605662704
0 0.6052889171987772 0.12173913302831352 0.009794319048523903 0.031304348492994905
0 0.6180215319618583 0.13391304633114487 0.009794319048523903 0.027826087549328804
0 0.6380998860113323 0.14956522057764232 0.010773750953376293 0.027826087549328804
0 0.6341821583919227 0.10521739354589954 0.010773750953376293 0.019130435190163553
0 0.6571988081559539 0.10695652401773259 0.009794319048523903 0.015652174246497452
0 0.6772771622054279 0.12695652444381267 0.012732614763081074 0.024347826605662704
0 0.687561197206378 0.11043478496139869 0.011753182858228683 0.019130435190163553
0 0.7056806874461472 0.12173913302831352 0.010773750953376293 0.017391304718330503
0 0.722820745781064 0.14608695963397622 0.011753182858228683 0.020869565661996603
0 0.70274239173159 0.19913043902488425 0.016650342382490635 0.029565218021161854
0 0.742899099830538 0.17478261241922155 0.012732614763081074 0.029565218021161854
0 0.7487756912596524 0.12695652444381267 0.012732614763081074 0.020869565661996603
0 0.7732614888809621 0.18521739525021985 0.010773750953376293 0.026086957077495754
0 0.7869735355488956 0.18956522142980248 0.014691478572785854 0.034782609436661005
0 0.7967678545974195 0.16695652529597282 0.012732614763081074 0.020869565661996603
0 0.7786483643576503 0.14086956821847707 0.013712046667933464 0.020869565661996603
0 0.8437805860303342 0.15652174246497452 0.014691478572785854 0.020869565661996603
0 0.8721841112710536 0.17043478623963892 0.012732614763081074 0.034782609436661005
0 0.908423091750592 0.17391304718330503 0.014691478572785854 0.034782609436661005
0 0.8961801929399371 0.18608696048613638 0.011753182858228683 0.020869565661996603
0 0.8873653057962656 0.2043478304403834 0.015670910477638245 0.033043478964827955
0 0.8467188817448914 0.1869565257220529 0.014691478572785854 0.033043478964827955
0 0.8374142786487937 0.21391304803546518 0.015670910477638245 0.031304348492994905
0 0.8095004693605006 0.19652174331713468 0.014691478572785854 0.031304348492994905
0 0.926052866037935 0.24434783129254356 0.014691478572785854 0.036521739908494055
0 0.9412340605631471 0.2078260913840495 0.015670910477638245 0.029565218021161854
0 0.9397649127058685 0.1765217428910546 0.014691478572785854 0.029565218021161854
