0 0.092458673811052 0.5696373499231413 0.09762396285077557 0.16087963082827628
0 0.07373450104205403 0.6186342638684437 0.09065082264714874 0.15007716161198914
0 0.20738635494490154 0.588927473523654 0.10537189641036093 0.18479938409291208
0 0.05384813823911827 0.44753086753189564 0.042613634577719495 0.0709876548498869
0 0.0692148731322959 0.4220679043792188 0.04803718806942925 0.07407407462596893
0 0.14914772102201823 0.42168210190720856 0.03899793224991299 0.05632716091349721
0 0.16516011704516131 0.40393518819473684 0.03486570101813413 0.06481481529772282
0 0.20596590045897756 0.40123457089066505 0.03693181663402356 0.05324074113741517
0 0.24573862606484909 0.4027777807787061 0.04416322128963657 0.0709876548498869
0 0.32153924272279255 0.36168981750961393 0.029442147526424378 0.055169753497466445
0 0.3340650686441222 0.31674382952041924 0.0291838830744382 0.05092592630535364
0 0.3480113490513759 0.5117669791216031 0.06585743525647558 0.11149691441096365
0 0.359762381616747 0.4471450650598854 0.05165289039723575 0.07793209934607148
0 0.4035382062284043 0.47511574428062886 0.050878097041277215 0.10532407485879958
0 0.43801651056855917 0.4675925960764289 0.06404958409257233 0.09182098833844066
0 0.47339874049066566 0.4606481515802443 0.04958677478134632 0.08256172901019454
0 0.35679234041890595 0.3896604967303574 0.028667354170465842 0.05324074113741517
0 0.37383779424999375 0.38445216335821897 0.028150825266493484 0.04899691394530237
0 0.5343491511594038 0.4444444477558136 0.04597107245353982 0.0709876548498869
0 0.5002582434972282 0.42997685505542904 0.03357437875820324 0.058256173273548484
0 0.5829028681328055 0.4423225341597572 0.03977272560587153 0.06674382765777409
0 0.6199638169928221 0.47588734922464937 0.050878097041277215 0.08140432159416378
0 0.5860020415566396 0.38773148437030613 0.022210742870811373 0.038580247201025486
0 0.6020144375797827 0.40335648448672146 0.027892560814507306 0.051311728777363896
0 0.6366218741459306 0.4168595710070804 0.027376031910534948 0.04050925956107676
0 0.6579286914347904 0.4085648178588599 0.030733469786355272 0.04706790158525109
0 0.6952479047467932 0.41165123763494194 0.034090907662175596 0.05092592630535364
0 0.6222881970606977 0.3121141998562962 0.030733469786355272 0.05015432136133313
0 0.9008264085277915 0.3516589532373473 0.04597107245353982 0.06674382765777409
