0 0.05818181857466698 0.5151975746266544 0.04000000027008355 0.09422492515295744
0 0.1436363646062091 0.5440729549154639 0.05454545491375029 0.06686930172145367
0 0.18363636487629265 0.5440729549154639 0.050909091252833605 0.09726443886756897
0 0.2454545471118763 0.6185410409234464 0.10909090982750058 0.24620061088353395
0 0.3409090932109393 0.5531914960592985 0.06000000040512532 0.09118541143834591
0 0.3990909117856063 0.7021276680752635 0.1400000009452924 0.3100303988903761
0 0.5018181852065027 0.5668693077750504 0.05454545491375029 0.09422492515295744
0 0.5754545493400656 0.5805471194908023 0.07454545504879206 0.1702127680182457
0 0.758181823301129 0.705167181789875 0.09454545518383384 0.14589665830135345
0 0.8627272785524838 0.3829787280410528 0.07090909138787538 0.13373860344290733
