0 0.052941174362786114 0.46289753005839884 0.08705882006324828 0.1413427572697401
0 0.08823529060464352 0.4098939960822463 0.06823529140092432 0.11307420581579208
0 0.10941176034975797 0.2650176698807627 0.05882352706976235 0.10600706795230508
0 0.1599999936297536 0.32508834172040224 0.04705882165580988 0.07773851649835706
0 0.20235293311998248 0.25265017861966044 0.032941175159066916 0.05300353397615254
0 0.2376470493618399 0.25971731648314744 0.05176470382139087 0.10247349902056158
0 0.23647057882044464 0.5282685552956536 0.1152941130567342 0.17314487765543163
0 0.3399999864632264 0.3992932892870158 0.07294117356650531 0.1272084815427661
0 0.3635293972911313 0.6360424077138305 0.1152941130567342 0.16961130872368813
0 0.49176468630321324 0.4505300387972966 0.07058823248371482 0.11660777474753559
0 0.47176468709949404 0.39045936695765704 0.05411764490418136 0.07420494756661355
0 0.5976470350287855 0.3886925824917853 0.056470585986971855 0.10600706795230508
0 0.7105882070027292 0.5777385203400627 0.09882352547720075 0.1519434640649706
0 0.8070587913971394 0.4363957630703226 0.07058823248371482 0.10247349902056158
0 0.9164705517468974 0.5000000038417056 0.08235293789766729 0.1448763262014836
