0 0.06507679860806093 0.5550906567368656 0.044462408986873925 0.1004184102639556
0 0.22150363749824464 0.35006973578128964 0.01778496359474957 0.030683403136208653
0 0.2514147126348689 0.36750348756322637 0.02101859333924949 0.03486750356387347
0 0.288601454696618 0.30892608157591894 0.01778496359474957 0.03207810327876359
0 0.28698463982436806 0.37238493806216866 0.01940177846699953 0.03347280342131853
0 0.33710590086411685 0.37029288784833625 0.022635408211499453 0.0432357044192031
0 0.352061438432429 0.33333333407063037 0.01697655615862459 0.03347280342131853
0 0.35852869792142883 0.2984658305067569 0.01859337103087455 0.030683403136208653
0 0.39046079164836556 0.32496513321530074 0.02101859333924949 0.030683403136208653
0 0.41228779242374003 0.34937238571001217 0.024252223083749413 0.04602510470431298
0 0.4090541626792401 0.3005578807205893 0.01616814872249961 0.026499302708543837
0 0.40784155152505264 0.27894002851098776 0.015359741286374629 0.02231520228087902
0 0.39409862511092797 0.2754532781546004 0.02021018590312451 0.03486750356387347
0 0.42360549652948976 0.2552301260875538 0.01616814872249961 0.0251046025659889
0 0.4349232006352395 0.2761506282258779 0.01616814872249961 0.027894002851098776
0 0.45351657166611403 0.2524407258024439 0.011317704105749726 0.0251046025659889
0 0.47008892410667613 0.239191074448172 0.013742926414124668 0.018131101853214204
0 0.4745351650053635 0.26987447758438066 0.014551333850249648 0.026499302708543837
0 0.5016168141155504 0.2684797774418257 0.013742926414124668 0.03207810327876359
0 0.5101050921948627 0.2531380758737214 0.011317704105749726 0.029288702993653715
0 0.5214227963006124 0.24267782480455935 0.01616814872249961 0.019525801995769143
0 0.5234438148909248 0.26987447758438066 0.01697655615862459 0.03486750356387347
0 0.5472918342566118 0.251046025659889 0.01616814872249961 0.03626220370642841
0 0.5557801123359241 0.22733612323645502 0.01697655615862459 0.027894002851098776
0 0.5751818908029236 0.22594142309390008 0.013742926414124668 0.0251046025659889
0 0.5776071131112985 0.25662482623010874 0.01859337103087455 0.03347280342131853
0 0.5893290209351107 0.23988842451944947 0.014551333850249648 0.027894002851098776
0 0.5990299101686105 0.22942817345028743 0.01616814872249961 0.026499302708543837
0 0.6091350031201728 0.20920502138324082 0.012126111541874707 0.0251046025659889
0 0.6253031518426724 0.21687587216729298 0.013742926414124668 0.018131101853214204
0 0.6523848009528592 0.21966527245240286 0.012934518977999687 0.020920502138324082
0 0.6709781719837338 0.23152022366411984 0.009700889233499765 0.0251046025659889
0 0.6370250596664846 0.24337517487583682 0.011317704105749726 0.018131101853214204
0 0.5982215027324855 0.25871687644394115 0.012934518977999687 0.020920502138324082
0 0.5513338714372367 0.285216179152485 0.01616814872249961 0.026499302708543837
0 0.5097008884768002 0.3214783828589134 0.01697655615862459 0.03486750356387347
0 0.4506871456396766 0.3458856353536248 0.01697655615862459 0.03626220370642841
0 0.7364591743098572 0.24476987501839176 0.012934518977999687 0.020920502138324082
0 0.7295877111027949 0.2663877272279933 0.013742926414124668 0.027894002851098776
0 0.7186742107151076 0.2824267788673751 0.014551333850249648 0.03486750356387347
0 0.704931284300983 0.2642956770141609 0.012934518977999687 0.029288702993653715
0 0.6742118017282337 0.2691771275131032 0.012934518977999687 0.0251046025659889
0 0.6321746150497347 0.29776848043547943 0.01616814872249961 0.026499302708543837
0 0.597817299014423 0.3263598333578557 0.01697655615862459 0.030683403136208653
0 0.5602263532346115 0.35006973578128964 0.022635408211499453 0.04463040456175804
0 0.538399352459237 0.4051603914122097 0.022635408211499453 0.04602510470431298
0 0.4664510906441137 0.41562064248137176 0.025869037955999374 0.04741980484686792
0 0.5759902982390486 0.43444909440586343 0.029911075136624277 0.051603905274532735
0 0.5877122060628608 0.4198047429090366 0.02101859333924949 0.03626220370642841
0 0.6531932083889842 0.33124128385679796 0.01616814872249961 0.03486750356387347
0 0.662894097622484 0.3688981877057813 0.022635408211499453 0.04602510470431298
0 0.6883589318604209 0.3549511862802319 0.02021018590312451 0.03765690384898335
0 0.7748585275257938 0.23849372437689453 0.015359741286374629 0.030683403136208653
0 0.7687954717548564 0.26987447758438066 0.014551333850249648 0.02370990242343396
0 0.746160063543357 0.2963737802929245 0.014551333850249648 0.026499302708543837
0 0.8330638629267924 0.26290097687160596 0.013742926414124668 0.02370990242343396
0 0.8225545662571676 0.2740585780120455 0.013742926414124668 0.026499302708543837
0 0.8649959566537291 0.25871687644394115 0.012934518977999687 0.026499302708543837
0 0.8573160860105418 0.2754532781546004 0.015359741286374629 0.02370990242343396
0 0.887227161147166 0.2866108792950399 0.012126111541874707 0.03486750356387347
0 0.932497977570165 0.2705718276556581 0.015359741286374629 0.027894002851098776
0 0.9260307180811651 0.31380753207486123 0.012126111541874707 0.0251046025659889
0 0.9187550511560403 0.3347280342131853 0.013742926414124668 0.03347280342131853
0 0.887227161147166 0.32705718342913315 0.01697655615862459 0.03207810327876359
0 0.8391269186977297 0.32217573293019086 0.014551333850249648 0.039051603991538286
0 0.8185125290765427 0.3354253842844628 0.02021018590312451 0.0432357044192031
0 0.7938561022747308 0.3096234316471964 0.01616814872249961 0.027894002851098776
0 0.742926433798857 0.4072524416260421 0.024252223083749413 0.03626220370642841
0 0.7869846390676685 0.41352859226753935 0.01859337103087455 0.0432357044192031
0 0.8015359729179181 0.38423988927388564 0.01697655615862459 0.03765690384898335
0 0.8565076785744168 0.37447698827600107 0.01859337103087455 0.04602510470431298
0 0.867421178962104 0.3619246869930066 0.01778496359474957 0.040446304134093225
0 0.9337105887243524 0.3737796382047236 0.01940177846699953 0.04463040456175804
0 0.9139046065392904 0.39748954062815756 0.02021018590312451 0.039051603991538286
0 0.9025869024335407 0.46373779739951715 0.026677445392124355 0.05439330555964261
0 0.8387227149796672 0.4372384946909733 0.023443815647624433 0.05718270584475249
0 0.7983023431734182 0.5383542550262064 0.026677445392124355 0.06973500712774694
0 0.7045270805829205 0.4923291503218934 0.0331447048811242 0.06694560684263706
0 0.6378334671026096 0.45885634690057486 0.03556992718949914 0.06415620655752718
