0 0.2003762917011045 0.4606557381339371 0.048918155720457435 0.0852459017187357
0 0.2521166487131268 0.39754098397679627 0.03951081808190793 0.10000000009313226
0 0.36876763543114066 0.25491803302429616 0.018814675277099013 0.04098360659554601
0 0.3160865446552634 0.2934426232241094 0.020696142804808915 0.04590163938701153
0 0.48118532021180727 0.3221311478409916 0.031044214207213372 0.06065573776140809
0 0.4134524892142508 0.23688524612225592 0.017873941513244063 0.03770491806790233
0 0.43791156707447954 0.2967213117517531 0.025399811624083668 0.04262295085936785
0 0.45061147288652137 0.2237704920116812 0.018814675277099013 0.04098360659554601
0 0.4534336741780862 0.18524590181186795 0.016933207749389112 0.03934426233172417
0 0.4764816513925325 0.19590163952670991 0.017873941513244063 0.034426229540258646
0 0.5404515473346692 0.19672131165862083 0.01599247398553416 0.036065573804080486
0 0.6632173035177402 0.25409836089238524 0.022577610332518816 0.05245901644229889
0 0.7201316962309647 0.28278688550926745 0.021636876568663865 0.05409836070612073
0 0.7699905857152771 0.29508196748793125 0.021636876568663865 0.05245901644229889
0 0.8828786373778712 0.21803278708830476 0.017873941513244063 0.04262295085936785
0 0.6928504170791712 0.1500000001396984 0.01599247398553416 0.034426229540258646
0 0.7206020631128922 0.1426229509525001 0.01505174022167921 0.029508196748793125
0 0.7337723358068615 0.1508196722716093 0.01317027269396931 0.036065573804080486
0 0.7535277448478155 0.14426229521632195 0.016933207749389112 0.029508196748793125
0 0.7761053551803343 0.154098360799253 0.016933207749389112 0.03934426233172417
0 0.8043273680959828 0.1704918034374714 0.018814675277099013 0.036065573804080486
0 0.819379108317662 0.12540983618237078 0.011288805166259408 0.027868852484971285
0 0.5799623654165771 0.1508196722716093 0.012229538930114359 0.032786885276436806
0 0.5555032875563484 0.1467213116120547 0.01411100645782426 0.031147541012614965
0 0.534336777869612 0.13770491816103458 0.01505174022167921 0.032786885276436806
0 0.514581368828658 0.15983606572262943 0.016933207749389112 0.03770491806790233
0 0.4840075215033721 0.15737704932689667 0.01411100645782426 0.032786885276436806
0 0.4713076156913303 0.15327868866734207 0.01505174022167921 0.031147541012614965
