0 0.28654046822339296 0.41214954532915726 0.049421658739447594 0.11775701295118779
0 0.35962143167853355 0.5121495483908802 0.05888538062572479 0.1271028076298535
0 0.31545739620923996 0.21588785707717761 0.023133542388677597 0.05046729126479477
0 0.41272342670708895 0.27383178408490494 0.019978968426585197 0.04299065552186221
0 0.44479492865502834 0.21588785707717761 0.014721345156431198 0.04672897339332849
0 0.47844371758401394 0.23084112856304273 0.018927443772554398 0.04299065552186221
0 0.5772870350629091 0.13084112550131977 0.012618295848369598 0.026168225100263953
0 0.6051524383947253 0.12149533082265407 0.011566771194338799 0.018691589357331395
0 0.6361724156886339 0.1327102844370529 0.008412197232246399 0.022429907228797674
0 0.5799158466979861 0.2588785125990398 0.022082017734646797 0.03925233765039593
0 0.6298632677644491 0.2626168304705061 0.023133542388677597 0.054205609136261046
