0 0.3050914845080115 0.2301808096235618 0.013524263980798423 0.02920723264105618
0 0.34805091127054766 0.22183588601183146 0.016706443740986288 0.03198887384496629
0 0.3842482060426846 0.2990264294203371 0.02227525832131505 0.041724618058651686
0 0.480111371318344 0.20236439758446068 0.013524263980798423 0.034770515048876405
0 0.457040568056982 0.16272601042874157 0.013524263980798423 0.02503477083519101
0 0.5596658653230406 0.18219749885611236 0.016706443740986288 0.03894297685474157
0 0.5564836855628528 0.12586926447693259 0.011933174100704491 0.02920723264105618
0 0.8090692040277645 0.396383871557191 0.03023070772178471 0.06954103009775281
0 0.8655528947710991 0.13908206019550562 0.012728719040751457 0.030598053243011236
0 0.8997613271931186 0.13490959838964045 0.012728719040751457 0.027816412039101124
