0 0.2133333384990692 0.38666667602956295 0.030000000726431608 0.04444444552063942
0 0.12333333631977439 0.4522222331725061 0.033333334140479565 0.04666666779667139
0 0.09500000230036676 0.48000001162290573 0.033333334140479565 0.04444444552063942
0 0.09333333559334278 0.5144444569014013 0.033333334140479565 0.04666666779667139
0 0.04833333450369537 0.5233333460055292 0.05666666803881526 0.06444444600492716
0 0.31083334085997194 0.49555556755512953 0.041666667675599456 0.0533333346247673
0 0.32500000786967576 0.5577777912840247 0.0533333346247673 0.07111111283302307
0 0.3991666763322428 0.5922222365625203 0.08500000205822289 0.1000000024214387
0 0.4366666772402823 0.6633333493955433 0.10333333583548665 0.1311111142858863
0 0.48666667845100164 0.8088889084756374 0.14000000339001417 0.17777778208255768
0 0.33166667469777167 0.4533333443105221 0.033333334140479565 0.035555556416511536
0 0.3516666751820594 0.4355555661022663 0.023333333898335695 0.031111111864447594
0 0.380833342554979 0.461111122276634 0.02833333401940763 0.03777777869254351
0 0.42583334364462644 0.4844444561749697 0.031666667433455586 0.04444444552063942
0 0.44166667736135423 0.5233333460055292 0.0533333346247673 0.060000001452863216
0 0.4200000101700425 0.44000001065433025 0.023333333898335695 0.035555556416511536
0 0.48666667845100164 0.461111122276634 0.033333334140479565 0.04666666779667139
0 0.5058333455817774 0.48000001162290573 0.031666667433455586 0.0533333346247673
0 0.5533333467319608 0.5100000123493373 0.04666666779667139 0.060000001452863216
0 0.5758333472767845 0.47111112251877785 0.031666667433455586 0.04444444552063942
0 0.6025000145891681 0.44888889975845814 0.02833333401940763 0.04000000096857548
0 0.6258333484875038 0.536666679661721 0.051666667917743325 0.06444444600492716
0 0.6633333493955433 0.5033333455212414 0.033333334140479565 0.055555556900799274
0 0.6408333488507196 0.46222223341464996 0.02833333401940763 0.031111111864447594
0 0.6625000160420313 0.4500000108964741 0.01833333377726376 0.033333334140479565
0 0.7216666841413826 0.44666667748242617 0.030000000726431608 0.04444444552063942
0 0.7325000177370384 0.535555568523705 0.04500000108964741 0.06222222372889519
0 0.687500016647391 0.6322222375310957 0.0916666688863188 0.1311111142858863
0 0.5466666799038649 0.5888889031484723 0.07000000169500709 0.08000000193715096
0 0.47750001156236976 0.538888901937753 0.051666667917743325 0.060000001452863216
0 0.8350000202190131 0.5666666803881526 0.06333333486691117 0.08888889104127884
0 0.7883333524223417 0.4888889007270336 0.033333334140479565 0.06222222372889519
0 0.7925000191899016 0.4533333443105221 0.041666667675599456 0.04888889007270336
0 0.8825000213691965 0.48666667845100164 0.0383333342615515 0.057777779176831245
0 0.9116666887421161 0.5044444566592574 0.04666666779667139 0.06666666828095913
0 0.9583333565387875 0.5455555687658489 0.04666666779667139 0.07777777966111898
0 0.9558333564782515 0.7188889062963426 0.08500000205822289 0.14000000339001417
0 0.9341666892869398 0.8544444651342928 0.13166666985489428 0.20222222711890936
