0 0.05156250004802132 0.9040064384607831 0.08629807700344827 0.15929487676476128
0 0.06766826929379022 0.8334936157480115 0.05552884620556142 0.09839743896736763
0 0.11610576933890115 0.860576949926326 0.056250000052386895 0.11025641369633377
0 0.1867788463277975 0.8216346410190454 0.053365384665085 0.0881410283909645
0 0.2580528848557151 0.9217949005542323 0.08341346161614638 0.14423077373066917
0 0.25396634639037075 0.8591346421890194 0.06177884621138219 0.09519231066224165
0 0.33774038492992986 0.8209936153580202 0.056250000052386895 0.07916666913661174
0 0.3652644234171021 0.9413461832155008 0.12668269242567476 0.11730769596761093
0 0.3932692311354913 0.8836538737232331 0.09230769239366055 0.12820513220503926
0 0.4710336542848381 0.8564102831296623 0.06466346159868408 0.09615384915377945
0 0.5533653851307463 0.9126602848846233 0.0908653847000096 0.14198718391708098
0 0.6048076928709634 0.8415064365108265 0.046634615428047255 0.070192309882259
0 0.6385817313639564 0.9006410537404008 0.07043269237328786 0.09615384915377945
0 0.6840144237139612 0.8830128480622079 0.07139423083572183 0.11923077295068651
0 0.8008413468996878 0.6407051481946837 0.05264423081825953 0.06730769440764561
