0 0.015625000232830644 0.5263774757040665 0.026562500395812094 0.09847596427425742
0 0.05468750081490725 0.5457209686865099 0.040625000605359674 0.08089097065385431
0 0.09765625145519152 0.5158264795318246 0.05625000083819032 0.08675263519398868
0 0.1554687523166649 0.5187573118018918 0.05312500079162419 0.07151230738963932
0 0.1496093772293534 0.2924970605527051 0.052343750779982656 0.07151230738963932
0 0.25039062873111106 0.4894489891012199 0.04921875073341653 0.08323563646990806
0 0.3191406297555659 0.4953106536413543 0.041406250617001206 0.08323563646990806
0 0.40859375608852133 0.4847596574691124 0.040625000605359674 0.07620163902174681
0 0.4621093818859663 0.48827665619319305 0.041406250617001206 0.07385697320569307
0 0.5484375081723556 0.507033982721623 0.04531250067520887 0.07854630483780056
0 0.6230468842841219 0.4794841593829915 0.05703125084983185 0.08675263519398868
0 0.8230468872643542 0.35990620276425034 0.11953125178115442 0.20867525762878358
0 0.8578125127824023 0.08792496810201555 0.10781250160653144 0.16647127293981612
