0 0.41212989325867966 0.2491467499639839 0.03151862451341003 0.06484641437418759
0 0.27268385753268376 0.22354948113206774 0.014326647506095469 0.030716722598299384
0 0.35959885240299627 0.22866893489845097 0.01814708684105426 0.040955630131065845
0 0.37106017040787265 0.19283275853376836 0.014326647506095469 0.037542660953477025
0 0.3930276965838857 0.19283275853376836 0.014326647506095469 0.034129691775888205
0 0.3930276965838857 0.16979521658504382 0.012416427838616073 0.029010238009504974
0 0.4221585465129465 0.16382252052426338 0.011461318004876375 0.027303753420710564
0 0.426934095681645 0.15358361299149692 0.011461318004876375 0.027303753420710564
0 0.44269340793835 0.17150170117383823 0.014326647506095469 0.032423207187093794
0 0.41308500309241936 0.21331057359930128 0.016236867173574865 0.040955630131065845
0 0.4283667604322545 0.22184299654327333 0.016236867173574865 0.040955630131065845
0 0.4465138472733088 0.25767917290795594 0.021967526176013052 0.044368599308654666
0 0.4565425005275756 0.21245733130490407 0.01910219667479396 0.042662114719860256
0 0.499522443045862 0.2175767850712873 0.02292263600975275 0.0494880530750379
0 0.48615090537350625 0.1843003355897963 0.01910219667479396 0.037542660953477025
0 0.48806112504098564 0.15529009758029133 0.013371537672355771 0.034129691775888205
0 0.4770773619529791 0.13907849398674443 0.012416427838616073 0.029010238009504974
0 0.49474689387716353 0.14419794775312766 0.013371537672355771 0.025597268831916153
0 0.5119388708844781 0.1493174015195109 0.017191977007314563 0.029010238009504974
0 0.5200573044712655 0.1339590402203612 0.012416427838616073 0.025597268831916153
0 0.534383951977361 0.14334470545873046 0.012416427838616073 0.027303753420710564
0 0.5396370560629293 0.13993173628114164 0.011461318004876375 0.023890784243121743
0 0.5367717265617102 0.1689419742906466 0.015281757339835167 0.034129691775888205
0 0.5262655183905736 0.18088736641220748 0.017191977007314563 0.040955630131065845
0 0.5410697208135389 0.20563139294972643 0.02387774584349245 0.0494880530750379
0 0.56924546090886 0.13993173628114164 0.015281757339835167 0.023890784243121743
0 0.581661888747476 0.12627985957078636 0.013371537672355771 0.023890784243121743
0 0.5988538657547906 0.13651876710355282 0.015281757339835167 0.034129691775888205
0 0.6074498542584479 0.11860067892121151 0.011461318004876375 0.029010238009504974
0 0.6179560624295846 0.11518770974362269 0.011461318004876375 0.029010238009504974
0 0.6284622706007212 0.11518770974362269 0.011461318004876375 0.029010238009504974
0 0.6361031492706388 0.12713310186518356 0.013371537672355771 0.029010238009504974
0 0.6217765017645434 0.14590443234192207 0.01910219667479396 0.032423207187093794
0 0.5802292239968665 0.17747439723461866 0.01814708684105426 0.037542660953477025
0 0.5764087846619077 0.2499999922583811 0.02387774584349245 0.05290102225262672
0 0.5687679059919901 0.28839589550625533 0.029608404845930636 0.05802047601900995
0 0.6318051550188102 0.2499999922583811 0.02387774584349245 0.0494880530750379
0 0.6423113631899469 0.199658696888946 0.020057306508533657 0.040955630131065845
0 0.6566380106960423 0.14419794775312766 0.014326647506095469 0.029010238009504974
0 0.6599808951141313 0.12798634415958077 0.015281757339835167 0.023890784243121743
0 0.6566380106960423 0.1160409520380199 0.012416427838616073 0.023890784243121743
0 0.6881566352094524 0.10665528679965064 0.014326647506095469 0.029010238009504974
0 0.6876790802925825 0.12542661727638915 0.011461318004876375 0.029010238009504974
0 0.7106017163023353 0.12030716351000592 0.015281757339835167 0.032423207187093794
0 0.6996179532143287 0.1834470932953991 0.016236867173574865 0.039249145542271435
0 0.6585482303635217 0.18686006247298792 0.016236867173574865 0.042662114719860256
0 0.6743075426202267 0.22184299654327333 0.02292263600975275 0.040955630131065845
0 0.6905444097938016 0.26023889979114756 0.021012416342273355 0.046075083897449076
0 0.7287488031433895 0.3003412876278162 0.028653295012190938 0.05460750684142113
0 0.7254059187253006 0.23634811554802582 0.021967526176013052 0.046075083897449076
0 0.7483285547350533 0.21075084671610966 0.01814708684105426 0.046075083897449076
0 0.7416427858988754 0.14675767463631928 0.016236867173574865 0.034129691775888205
0 0.7516714391531423 0.17747439723461866 0.017191977007314563 0.030716722598299384
0 0.7521489940700121 0.14761091693071648 0.014326647506095469 0.029010238009504974
0 0.762177647324279 0.13651876710355282 0.013371537672355771 0.034129691775888205
0 0.7846227284171619 0.1484641592251137 0.014326647506095469 0.034129691775888205
0 0.8008595955907367 0.1313993133371696 0.014326647506095469 0.034129691775888205
0 0.8228271217667498 0.14078497857553884 0.012416427838616073 0.029010238009504974
0 0.856733520864509 0.15443685528589413 0.013371537672355771 0.029010238009504974
0 0.8777459372067824 0.15529009758029133 0.011461318004876375 0.030716722598299384
0 0.9140401108888909 0.15955630905227736 0.013371537672355771 0.029010238009504974
0 0.9331423075636849 0.17662115494022146 0.011461318004876375 0.035836176364682615
0 0.94842406490352 0.17576791264582425 0.013371537672355771 0.030716722598299384
0 0.9479465099866502 0.2167235427768901 0.012416427838616073 0.037542660953477025
0 0.9345749723142944 0.232935146370437 0.01814708684105426 0.042662114719860256
0 0.9255014288937673 0.24658702308079228 0.017191977007314563 0.046075083897449076
0 0.9283667583949864 0.2866894109174609 0.021012416342273355 0.05802047601900995
0 0.9197707698913291 0.3378839485812932 0.028653295012190938 0.06484641437418759
0 0.8457497577765025 0.32337882957654074 0.025787965510971844 0.05631399143021554
0 0.860076405282598 0.2807167148566805 0.02387774584349245 0.0494880530750379
0 0.8395415438571945 0.23122866178164259 0.017191977007314563 0.042662114719860256
0 0.8433619831921533 0.20648463524412364 0.017191977007314563 0.034129691775888205
0 0.8543457462801598 0.18771330476738513 0.016236867173574865 0.034129691775888205
0 0.8753581626224332 0.1851535778841935 0.016236867173574865 0.029010238009504974
0 0.891595029796008 0.23037541948724538 0.021967526176013052 0.037542660953477025
0 0.8357211045222357 0.16040955134667456 0.015281757339835167 0.034129691775888205
0 0.8127984685124829 0.15614333987468854 0.015281757339835167 0.032423207187093794
0 0.7994269308401272 0.166382247407455 0.015281757339835167 0.032423207187093794
0 0.8328557750210166 0.19027303165057674 0.017191977007314563 0.032423207187093794
0 0.7851002833340317 0.2167235427768901 0.021012416342273355 0.040955630131065845
0 0.7693409710773267 0.2499999922583811 0.021967526176013052 0.046075083897449076
0 0.7956064915051684 0.3020477722166106 0.028653295012190938 0.06143344519659877
