0 0.250854702986544 0.29296875436557457 0.06752136809518561 0.1359375020256266
0 0.2200854719558265 0.23593750351574272 0.06239316292339936 0.12187500181607902
0 0.24829060040065087 0.06171875091968104 0.05213675257982686 0.09843750146683306
0 0.3974359008134343 0.255468753806781 0.04444444482214749 0.09531250142026693
0 0.47222222623531707 0.3671875054715201 0.12051282153697684 0.2500000037252903
0 0.6209401762171183 0.2835937542258762 0.0777777784387581 0.16093750239815563
0 0.6435897490591742 0.18984375282889232 0.052991453441791236 0.1265625018859282
0 0.8012820580916014 0.44765625667059794 0.18888889049412683 0.40156250598374754
0 0.8837606912711635 0.2890625043073669 0.10598290688358247 0.24687500367872417
0 0.9401709481608123 0.20234375301515684 0.06837606895714998 0.13281250197906047
