0 0.06810897524701431 0.6080843643285334 0.05608974432107061 0.12302284827455878
0 0.20032051543239504 0.30492091679479927 0.019230769481509924 0.05448154709301889
0 0.2299679517163895 0.2926186319673434 0.025641025975346565 0.05799648561514914
0 0.27323718304978684 0.25307557359337807 0.019230769481509924 0.04217926226556301
0 0.3100961578893475 0.25131810433231294 0.017628205358050764 0.04217926226556301
0 0.3265224401548039 0.24340949265751988 0.018429487419780344 0.05799648561514914
0 0.3104967989202123 0.22056239226367325 0.018429487419780344 0.04745167004875839
0 0.35296474819188006 0.21968365763314068 0.018429487419780344 0.04569420078769326
0 0.37299679973511957 0.2715290008345619 0.018429487419780344 0.04745167004875839
0 0.3926282102474943 0.24692443117965013 0.017628205358050764 0.04745167004875839
0 0.36538462014868855 0.20913884206674993 0.017628205358050764 0.04569420078769326
0 0.39302885127835907 0.19683655723929405 0.016826923296321183 0.04217926226556301
0 0.43830128776608035 0.33128295571077615 0.025641025975346565 0.06151142413727939
0 0.4322916723031085 0.202987699653022 0.018429487419780344 0.040421793004497886
0 0.4366987236426212 0.16871704906225204 0.014423077111132443 0.04217926226556301
0 0.4559294931241311 0.1722319875843823 0.014423077111132443 0.03163444669917226
0 0.4963942372414749 0.16432337590958923 0.023237179790157825 0.04393673152662814
0 0.49559295517974533 0.21528998448047787 0.016826923296321183 0.04393673152662814
0 0.4727564164204523 0.2565905121155083 0.020833333604969084 0.056239016354084015
0 0.5228365452785511 0.17750439536757767 0.018429487419780344 0.04920913930982351
0 0.5548878277477343 0.2284710039384663 0.020032051543239504 0.03866432374343276
0 0.5580929559946526 0.1695957836927846 0.013621795049402863 0.040421793004497886
0 0.5544871867168695 0.1370826023630798 0.014423077111132443 0.03163444669917226
0 0.5789262895996217 0.1414762755157426 0.016826923296321183 0.036906854482367635
0 0.5805288537230808 0.202987699653022 0.018429487419780344 0.04745167004875839
0 0.5817307768156752 0.17486819147597998 0.014423077111132443 0.033391915960237384
0 0.5997596232045908 0.12829525605775416 0.015224359172862023 0.04217926226556301
0 0.6081730848527513 0.16168717201799154 0.012820512987673283 0.03514938522130251
0 0.6149839823774528 0.18453427241183817 0.016826923296321183 0.04569420078769326
0 0.6237980850564782 0.21089631132781506 0.015224359172862023 0.04920913930982351
0 0.6310096236120444 0.13620386773254722 0.016826923296321183 0.040421793004497886
0 0.6582532137108501 0.15377856034319848 0.015224359172862023 0.04393673152662814
0 0.6662660343281459 0.13971880625467747 0.013621795049402863 0.040421793004497886
0 0.6650641112355515 0.18980668019503355 0.011217948864214122 0.04217926226556301
0 0.6754807780380361 0.245166961918585 0.019230769481509924 0.05448154709301889
0 0.6959134706121404 0.217047453741543 0.016826923296321183 0.04393673152662814
0 0.6899038551491685 0.1722319875843823 0.016025641234591603 0.03514938522130251
0 0.6895032141183037 0.14235501014627516 0.016826923296321183 0.04217926226556301
0 0.7123397528775968 0.16432337590958923 0.016025641234591603 0.036906854482367635
0 0.6165865465009119 0.30316344753373414 0.024839743913616985 0.05799648561514914
0 0.5777243665070273 0.35500879073515534 0.028846154222264886 0.07029877044260502
0 0.6117788541305345 0.39279437984805554 0.03285256453091279 0.0685413011815399
0 0.6586538547417149 0.4270650304388255 0.030448718345724046 0.07732864748686552
0 0.7319711633899715 0.42091388802509755 0.03285256453091279 0.0896309323143214
0 0.7303685992665123 0.2741652047261596 0.020032051543239504 0.056239016354084015
0 0.7483974456554279 0.3084358553169295 0.020833333604969084 0.05448154709301889
0 0.7435897532850504 0.24428822728805244 0.017628205358050764 0.04920913930982351
0 0.7504006508097518 0.20562390354461968 0.016826923296321183 0.03866432374343276
0 0.7740384716307744 0.19420035334769636 0.017628205358050764 0.04745167004875839
0 0.7960737283283379 0.22583480004686862 0.020032051543239504 0.05096660857088864
0 0.8112980875011999 0.19947276113089174 0.018429487419780344 0.05096660857088864
0 0.8209134722419549 0.21265378058888018 0.015224359172862023 0.04217926226556301
0 0.8233173184271436 0.24428822728805244 0.016826923296321183 0.04569420078769326
0 0.7908653949270956 0.28207381640095264 0.020833333604969084 0.06151142413727939
0 0.8145032157481182 0.3110720592085272 0.024839743913616985 0.06326889339834452
0 0.8004807796678506 0.4815465775318444 0.03365384659264237 0.09490334009751678
0 0.8697916780074593 0.5166959627531469 0.031250000407453626 0.10544815566390753
0 0.8890224474889692 0.4226713572861627 0.023237179790157825 0.07205623970367014
0 0.8637820625444874 0.3813708296511322 0.022435897728428245 0.06326889339834452
0 0.8713942421309184 0.32688928255811334 0.018429487419780344 0.04569420078769326
0 0.8882211654272396 0.30579965142533183 0.018429487419780344 0.052724077831953764
0 0.8705929600691888 0.24340949265751988 0.013621795049402863 0.040421793004497886
0 0.8802083448099438 0.23198594246059656 0.015224359172862023 0.03514938522130251
0 0.9022436015075073 0.23901581950485706 0.019230769481509924 0.04569420078769326
0 0.9030448835692368 0.27680140861775726 0.012820512987673283 0.04745167004875839
0 0.9242788582050707 0.3585237292572856 0.021634615666698664 0.07029877044260502
0 0.9326923198532313 0.28383128566201776 0.014423077111132443 0.05096660857088864
0 0.9535256534582004 0.259226716007106 0.014423077111132443 0.040421793004497886
0 0.9843750128347892 0.26977153157349676 0.012019230925943702 0.04745167004875839
0 0.9735577050014399 0.3330404249718413 0.016025641234591603 0.05096660857088864
0 0.9743589870631695 0.38576450280379504 0.020833333604969084 0.05799648561514914
0 0.9507211662421469 0.39455184910912067 0.021634615666698664 0.07205623970367014
0 0.95432693551993 0.4956063316203654 0.024038461851887405 0.09138840157538652
