0 0.02497918379958719 0.4184704180806875 0.02164862595964223 0.043290043249726295
0 0.24021648420603015 0.3528138524852693 0.015820149739738554 0.03318903315812349
0 0.2701915047655348 0.360028859693557 0.019150707579683512 0.04473304469138384
0 0.29933388586505316 0.3780663777142763 0.019150707579683512 0.043290043249726295
0 0.2964196477551013 0.3174603171646595 0.018318068119697273 0.034632034599781036
0 0.3484596140042413 0.3809523805975914 0.020815986499655992 0.04617604613304138
0 0.3671940018539317 0.3023088020272553 0.014987510279752314 0.03318903315812349
0 0.4217318864830304 0.3528138524852693 0.019150707579683512 0.03607503604143858
0 0.3988343013334088 0.2691197688691318 0.013322231359779835 0.021645021624863148
0 0.4129891721531749 0.2893217890523374 0.009991673519834876 0.021645021624863148
0 0.4217318864830304 0.31313131283968687 0.014154870819766074 0.025974025949835777
0 0.43588675730279647 0.2943722940981388 0.014154870819766074 0.025974025949835777
0 0.47793505003210157 0.3225108222104609 0.018318068119697273 0.02741702739149332
0 0.45503746488248 0.3203463200479746 0.017485428659711033 0.028860028833150864
0 0.4596169819124043 0.3556998553685844 0.02331390487961471 0.03607503604143858
0 0.48417984598199837 0.27777777751907706 0.014154870819766074 0.024531024508178234
0 0.46919233570224606 0.25829725805670023 0.012489591899793595 0.02308802306652069
0 0.48126560787204653 0.24675324652343988 0.009991673519834876 0.02308802306652069
0 0.5129059073515236 0.2720057717524469 0.011656952439807355 0.03607503604143858
0 0.5328892543911934 0.33116883086040616 0.018318068119697273 0.03318903315812349
0 0.5308076557412278 0.26046176021918654 0.010824312979821116 0.021645021624863148
0 0.5312239754712209 0.2914862912148237 0.019983347039669752 0.028860028833150864
0 0.5682764314406086 0.2965367962606251 0.017485428659711033 0.02741702739149332
0 0.5636969144106843 0.23809523787349463 0.013322231359779835 0.025974025949835777
0 0.6174021595797967 0.23304473282769322 0.012489591899793595 0.021645021624863148
0 0.6248959147196729 0.2157287155278027 0.010824312979821116 0.021645021624863148
0 0.6169858398498036 0.2647907645441592 0.009991673519834876 0.021645021624863148
0 0.65653621419915 0.2640692638233304 0.014154870819766074 0.025974025949835777
0 0.6111573636298999 0.34199134167283773 0.018318068119697273 0.03751803748309612
0 0.5124895876215305 0.4062049058265984 0.02248126541962847 0.05050505045801401
0 0.5512073225108907 0.37950937915593386 0.018318068119697273 0.03751803748309612
0 0.5545378803508356 0.4213564209640026 0.02497918379958719 0.04040404036641121
0 0.6261448739096522 0.44300144258886576 0.02830974163953215 0.05483405478298664
0 0.6615320509590674 0.34415584383532405 0.012489591899793595 0.030303030274808407
0 0.6477934998692945 0.3152958150021732 0.016652789199724793 0.030303030274808407
0 0.6702747652889229 0.22799422778189182 0.008326394599862397 0.02308802306652069
0 0.6860949150286615 0.2388167385943234 0.009991673519834876 0.030303030274808407
0 0.6998334661184344 0.23953823931515217 0.012489591899793595 0.025974025949835777
0 0.6860949150286615 0.2821067818440497 0.014987510279752314 0.03318903315812349
0 0.7277268880279735 0.29870129842311144 0.018318068119697273 0.028860028833150864
0 0.7164862553181592 0.27272727247327566 0.010824312979821116 0.017316017299890518
0 0.7593671875074506 0.233766233548522 0.014987510279752314 0.028860028833150864
0 0.7593671875074506 0.28282828256487846 0.013322231359779835 0.03174603171646595
0 0.7805994937370997 0.29581529553979635 0.014154870819766074 0.034632034599781036
0 0.7960033237468451 0.2409812407568097 0.013322231359779835 0.03174603171646595
0 0.8255620245763566 0.25829725805670023 0.019150707579683512 0.03174603171646595
0 0.8597002424357925 0.26839826814830303 0.014154870819766074 0.025974025949835777
0 0.8896752629952971 0.26046176021918654 0.012489591899793595 0.02741702739149332
0 0.9159034059848636 0.29365079337731004 0.014987510279752314 0.03607503604143858
0 0.8692755962256342 0.29797979770228267 0.014987510279752314 0.024531024508178234
0 0.8284762626863085 0.31673881644383073 0.018318068119697273 0.02741702739149332
0 0.8626144805457443 0.32611832581460476 0.016652789199724793 0.03174603171646595
0 0.8888426235353108 0.3304473301395774 0.017485428659711033 0.034632034599781036
0 0.8792672697454691 0.3636363632977009 0.019983347039669752 0.03751803748309612
0 0.8238967456563842 0.3881673878058791 0.020815986499655992 0.04040404036641121
0 0.705245622608345 0.3578643575310707 0.019983347039669752 0.034632034599781036
0 0.6211490371497348 0.3939393935725093 0.03330557839944959 0.034632034599781036
0 0.6752706020488404 0.38528138492256403 0.02164862595964223 0.04617604613304138
0 0.674021642858861 0.4668109663762152 0.02747710217954591 0.06204906199127436
0 0.7256452893780079 0.5173160168342292 0.039134054619353265 0.07647907640784979
0 0.7527060718275607 0.4112554108723998 0.02664446271955967 0.051948051899671555
0 0.8014154802367557 0.41558441519737244 0.02248126541962847 0.04906204901635647
0 0.8459616913460195 0.5281385276466608 0.02664446271955967 0.05772005766630173
0 0.8584512832458131 0.45093795051798224 0.02331390487961471 0.05050505045801401
0 0.8751040724455379 0.41269841231405735 0.018318068119697273 0.034632034599781036
0 0.9200666032847948 0.4819624815136194 0.02497918379958719 0.051948051899671555
0 0.9342214741045609 0.40981240943074226 0.016652789199724793 0.04617604613304138
0 0.9446294673543889 0.3658008654601872 0.017485428659711033 0.03607503604143858
0 0.9533721816842444 0.29581529553979635 0.014987510279752314 0.025974025949835777
0 0.3900915870035533 0.36219336185604334 0.019150707579683512 0.03174603171646595
0 0.38301415159367025 0.33694083662703633 0.016652789199724793 0.03318903315812349
0 0.43755203622276895 0.27344877319410443 0.012489591899793595 0.02741702739149332
0 0.5462114857509732 0.27777777751907706 0.014987510279752314 0.030303030274808407
0 0.5782681049604435 0.27561327535659075 0.015820149739738554 0.028860028833150864
0 0.583680261450354 0.23520923499017954 0.011656952439807355 0.02308802306652069
0 0.8272273034963291 0.35425685392692685 0.017485428659711033 0.03607503604143858
0 0.8771856710955035 0.28066378040239215 0.014154870819766074 0.03318903315812349
0 0.792256446176907 0.2741702739149332 0.015820149739738554 0.04040404036641121
0 0.6415487039193977 0.23160173138603568 0.014154870819766074 0.02741702739149332
0 0.9425478687044233 0.3333333330228925 0.016652789199724793 0.034632034599781036
0 0.9542048211442307 0.3196248193271458 0.014987510279752314 0.030303030274808407
