0 0.08225508424220607 0.5332778543233871 0.0646950100781396 0.1281197965145111
0 0.2610905763867777 0.2861896753311157 0.021256931882817298 0.036605656147003174
0 0.2892791164922528 0.27038268744945526 0.016635859734378755 0.04492512345314026
0 0.30175601129303686 0.2637271136045456 0.01940850302344188 0.041597336530685425
0 0.3225508359610103 0.27703826129436493 0.018484288593754172 0.03826954960823059
0 0.3447319822735153 0.28119799494743347 0.02033271745312959 0.036605656147003174
0 0.4006469552696217 0.291181355714798 0.024953789601568133 0.053244590759277344
0 0.31608133495319635 0.225457563996315 0.016635859734378755 0.03826954960823059
0 0.326709800894605 0.25124791264533997 0.015711645304691046 0.029950082302093506
0 0.3479667327774223 0.22795340418815613 0.01940850302344188 0.03327786922454834
0 0.374306844023522 0.2346089780330658 0.02033271745312959 0.036605656147003174
0 0.3752310584532097 0.2163061499595642 0.014787430875003338 0.029950082302093506
0 0.37754159452742897 0.19966721534729004 0.012014787585940212 0.023294508457183838
0 0.4094269923516549 0.22878535091876984 0.018484288593754172 0.03161397576332092
0 0.44963032004307024 0.22212977707386017 0.017560074164066464 0.04492512345314026
0 0.40988909956649877 0.1755407601594925 0.015711645304691046 0.03494176268577576
0 0.4228281015821267 0.19217969477176666 0.01940850302344188 0.024958401918411255
0 0.46256932205869816 0.19384358823299408 0.015711645304691046 0.03161397576332092
0 0.4856746828008909 0.19301164150238037 0.023105360742192715 0.03993344306945801
0 0.46765250142198056 0.15973377227783203 0.014787430875003338 0.029950082302093506
0 0.44870610561338253 0.15224625170230865 0.015711645304691046 0.02828618884086609
0 0.48105361065245233 0.1381031572818756 0.012014787585940212 0.026622295379638672
0 0.5314232970704325 0.1364392638206482 0.02033271745312959 0.03993344306945801
0 0.5466728351602796 0.1572379320859909 0.017560074164066464 0.03494176268577576
0 0.5660813381837215 0.1672212928533554 0.01940850302344188 0.03826954960823059
0 0.5808687690587249 0.15058235824108124 0.015711645304691046 0.02828618884086609
0 0.56469501653919 0.10981696844100952 0.016635859734378755 0.026622295379638672
0 0.5850277339923196 0.09983360767364502 0.014787430875003338 0.029950082302093506
0 0.5905730205704458 0.1181364357471466 0.01293900201562792 0.026622295379638672
0 0.5873382700665388 0.13394342362880707 0.01386321644531563 0.03161397576332092
0 0.6173752390313894 0.11564059555530548 0.016635859734378755 0.02828618884086609
0 0.6210720967501402 0.09650582075119019 0.014787430875003338 0.029950082302093506
0 0.6363216348399874 0.12562395632266998 0.015711645304691046 0.03161397576332092
0 0.6492606368556153 0.10066555440425873 0.017560074164066464 0.03161397576332092
0 0.6853049996134359 0.10399334132671356 0.01386321644531563 0.03494176268577576
0 0.6658964965899941 0.12396006286144257 0.012014787585940212 0.024958401918411255
0 0.624768954468891 0.15058235824108124 0.018484288593754172 0.03494176268577576
0 0.5332717259298079 0.205490842461586 0.022181146312505007 0.04492512345314026
0 0.49121996937901713 0.23044924437999725 0.024953789601568133 0.04492512345314026
0 0.48983364773448557 0.311148077249527 0.03142329060938209 0.06988352537155151
0 0.5531423361680936 0.31863559782505035 0.0323475050390698 0.06156405806541443
0 0.6044362370157614 0.331114798784256 0.03327171946875751 0.06655573844909668
0 0.6728281048126519 0.3427620530128479 0.036968577187508345 0.06988352537155151
0 0.5633086948946584 0.245424285531044 0.023105360742192715 0.04825291037559509
0 0.6030499153712299 0.26123127341270447 0.02680221846094355 0.05657237768173218
0 0.5998151648673229 0.19966721534729004 0.02033271745312959 0.04326122999191284
0 0.6414048142032698 0.18219633400440216 0.024029575171880424 0.04825291037559509
0 0.6589648883673362 0.26123127341270447 0.024029575171880424 0.05657237768173218
0 0.6585027811524924 0.20798668265342712 0.023105360742192715 0.046589016914367676
0 0.6959334655548446 0.2262895107269287 0.024029575171880424 0.053244590759277344
0 0.7079482531407848 0.29034940898418427 0.02772643289063126 0.05158069729804993
0 0.7763401209376752 0.29034940898418427 0.029574861750006676 0.06489184498786926
0 0.748613688047044 0.22795340418815613 0.02587800403125584 0.06988352537155151
0 0.7402957581798546 0.18302828073501587 0.02587800403125584 0.046589016914367676
0 0.7111830036446918 0.185524120926857 0.01940850302344188 0.05158069729804993
0 0.6839186779689044 0.15973377227783203 0.02587800403125584 0.04991680383682251
0 0.7204251479415689 0.14392678439617157 0.021256931882817298 0.041597336530685425
0 0.7347504716017283 0.12562395632266998 0.016635859734378755 0.03494176268577576
0 0.7439926158986054 0.1264559030532837 0.014787430875003338 0.03327786922454834
0 0.7661737622111104 0.1281197965145111 0.014787430875003338 0.03327786922454834
0 0.7735674776486121 0.12146422266960144 0.014787430875003338 0.03327786922454834
0 0.7906654445978347 0.1372712105512619 0.01386321644531563 0.03494176268577576
0 0.7971349456056487 0.1763727068901062 0.02680221846094355 0.04991680383682251
0 0.7573937251290772 0.16139766573905945 0.017560074164066464 0.03327786922454834
0 0.8105360548361205 0.2445923388004303 0.02772643289063126 0.04991680383682251
0 0.8202403063478414 0.16888518631458282 0.017560074164066464 0.03826954960823059
0 0.8100739476212766 0.13144758343696594 0.015711645304691046 0.03327786922454834
0 0.8299445578595623 0.14975041151046753 0.016635859734378755 0.036605656147003174
0 0.8447319887345657 0.1863560676574707 0.018484288593754172 0.03993344306945801
0 0.8646025989728514 0.2262895107269287 0.023105360742192715 0.053244590759277344
0 0.9223660008283332 0.28951746225357056 0.029574861750006676 0.06322795152664185
0 0.881700565922074 0.1963394284248352 0.02033271745312959 0.04326122999191284
0 0.8604436340392567 0.16139766573905945 0.016635859734378755 0.029950082302093506
0 0.8664510278322268 0.12895174324512482 0.015711645304691046 0.03494176268577576
0 0.8923290318634827 0.13227953016757965 0.012014787585940212 0.03494176268577576
0 0.8909427102189511 0.17138102650642395 0.016635859734378755 0.04326122999191284
0 0.9186691431095824 0.20881862938404083 0.018484288593754172 0.041597336530685425
0 0.9214417863986455 0.18219633400440216 0.014787430875003338 0.02828618884086609
0 0.9191312503244262 0.1572379320859909 0.01386321644531563 0.024958401918411255
