0 0.8850000420352444 0.773413896560669 0.1460000069346279 0.24169184267520905
0 0.7040000334382057 0.907854984048754 0.1480000070296228 0.1842900300398469
0 0.8350000396603718 0.5634441082365811 0.06600000313483179 0.12990936543792486
0 0.8890000422252342 0.6117824767716229 0.10200000484474003 0.15407854970544577
0 0.9110000432701781 0.47432024125009775 0.05400000256486237 0.10876132920384407
0 0.8810000418452546 0.4516616309992969 0.03800000180490315 0.07552870083600283
0 0.7650000363355502 0.49546827748417854 0.03800000180490315 0.07250755280256271
0 0.7270000345306471 0.5045317215844989 0.042000001994892955 0.07854984886944294
0 0.687000032630749 0.5241691838018596 0.042000001994892955 0.06344410870224237
0 0.6770000321557745 0.4788519633002579 0.03800000180490315 0.0694864047691226
0 0.6330000300658867 0.5906344405375421 0.058000002754852176 0.08761329296976328
0 0.61600002925843 0.5045317215844989 0.03600000170990825 0.07250755280256271
0 0.5770000274060294 0.5105740176513791 0.034000001614913344 0.06646525673568249
0 0.5440000258386135 0.6631419933401048 0.0760000036098063 0.1359516615048051
0 0.5080000241287053 0.5498489420861006 0.05200000246986747 0.08459214493632317
0 0.5170000245561823 0.47432024125009775 0.03000000142492354 0.054380664601922035
0 0.4790000227512792 0.49244712945073843 0.034000001614913344 0.054380664601922035
0 0.4620000219438225 0.46374622313305736 0.03600000170990825 0.05740181263536215
0 0.4000000189989805 0.5105740176513791 0.03600000170990825 0.06042296066880226
0 0.34400001633912325 0.6238670689053833 0.06400000303983688 0.11178247723728418
0 0.30300001439172775 0.8096676729619503 0.13000000617466867 0.18126888200640678
0 0.09700000460725278 0.7084592138417065 0.10600000503472984 0.14199395757168531
0 0.15700000745709985 0.5725075523369014 0.06600000313483179 0.08761329296976328
0 0.0720000034198165 0.5770392743870616 0.05600000265985727 0.07854984886944294
0 0.04600000218488276 0.507552869617939 0.05200000246986747 0.06042296066880226
0 0.06900000327732414 0.45317220501601696 0.03000000142492354 0.054380664601922035
0 0.04000000189989805 0.4652567971497774 0.03200000151991844 0.06646525673568249
0 0.1190000056521967 0.5226586097851396 0.05400000256486237 0.07854984886944294
0 0.13600000645965338 0.4622356491163373 0.03600000170990825 0.06042296066880226
0 0.20600000978447497 0.507552869617939 0.04400000208988786 0.07250755280256271
0 0.18800000892952085 0.4728096672333777 0.04000000189989805 0.0694864047691226
0 0.2400000113993883 0.4864048333838582 0.03200000151991844 0.054380664601922035
0 0.2730000129668042 0.46676737116649747 0.034000001614913344 0.05135951656848192
0 0.2900000137742609 0.5211480357684195 0.04000000189989805 0.08157099690288305
0 0.3140000149141997 0.4939577034674585 0.03200000151991844 0.0694864047691226
0 0.3290000156266615 0.4728096672333777 0.026000001234933734 0.05135951656848192
0 0.34400001633912325 0.45015105698257685 0.028000001329928637 0.04229607246816158
0 0.4040000191889703 0.4728096672333777 0.02400000113993883 0.03927492443472147
0 0.3860000183340162 0.46676737116649747 0.02400000113993883 0.05135951656848192
