0 0.10388889140449464 0.8200000198557973 0.20111111598089337 0.3466666750609875
0 0.2694444509688765 0.6950000168289989 0.12333333631977439 0.22666667215526104
0 0.10388889140449464 0.5541666800854728 0.1144444472156465 0.15166667033918202
0 0.06444444600492716 0.38500000932253897 0.08222222421318293 0.11333333607763052
0 0.1761111153755337 0.3900000094436109 0.07000000169500709 0.11666666949167848
0 0.1994444492738694 0.4916666785720736 0.08555555762723088 0.153333337046206
0 0.2688888953998685 0.43166667711921036 0.08222222421318293 0.13333333656191826
0 0.2905555625911802 0.5100000123493373 0.08111111307516694 0.13666666997596622
0 0.40222223196178675 0.6183333483058959 0.09777778014540672 0.19666667142882943
0 0.4361111216712743 0.45666667772457004 0.08333333535119891 0.12666666973382235
0 0.5233333460055292 0.38666667602956295 0.07555555738508701 0.15000000363215804
0 0.5822222363203764 0.5066666789352894 0.06666666828095913 0.13666666997596622
0 0.6188889038749039 0.5941666810540482 0.09555555786937475 0.20833333837799728
0 0.6483333490323275 0.4533333443105221 0.06777777941897511 0.11333333607763052
0 0.6955555723980069 0.41833334346301854 0.0533333346247673 0.1066666692495346
0 0.7472222403157502 0.44666667748242617 0.06777777941897511 0.12333333631977439
0 0.7766666854731739 0.613333348184824 0.09111111331731081 0.16333333728834987
0 0.9016666884999722 0.7000000169500709 0.076666668523103 0.17333333753049374
0 0.8877777992747724 0.4683333446737379 0.0688888905569911 0.11333333607763052
0 0.8211111309938133 0.4666666779667139 0.07111111283302307 0.12666666973382235
0 0.9855555794201791 0.32500000786967576 0.028888889588415623 0.1066666692495346
0 0.8788889101706445 0.2966666738502681 0.07111111283302307 0.10333333583548665
0 0.7494444625917822 0.36250000877771527 0.05222222348675132 0.07833333523012698
0 0.7288889065384865 0.29333334043622017 0.05111111234873533 0.08000000193715096
0 0.6683333495166153 0.28083334013354033 0.047777778934687376 0.07500000181607902
0 0.5944444588385522 0.27333333995193243 0.0533333346247673 0.1066666692495346
0 0.5966666811145842 0.16500000399537385 0.04222222324460745 0.07333333510905504
0 0.5272222349885851 0.153333337046206 0.05222222348675132 0.08333333535119891
0 0.535555568523705 0.26583333977032453 0.04666666779667139 0.09500000230036676
0 0.4833333450369537 0.26250000635627657 0.057777779176831245 0.10833333595655859
0 0.3450000083539635 0.32666667457669973 0.06777777941897511 0.11666666949167848
0 0.23555556125938892 0.32666667457669973 0.055555556900799274 0.08666666876524687
0 0.2833333401940763 0.3766666757874191 0.04888889007270336 0.08000000193715096
0 0.2994444516953081 0.2441666725790128 0.04111111210659146 0.06500000157393515
0 0.3527777863200754 0.23500000569038093 0.043333334382623434 0.08666666876524687
0 0.34222223050892353 0.15666667046025395 0.033333334140479565 0.060000001452863216
0 0.384444453753531 0.15083333698567003 0.04222222324460745 0.08500000205822289
0 0.4738889003638178 0.152500003692694 0.03888888983055949 0.08500000205822289
