0 0.22963341255672276 0.36837295396253467 0.06211812933906913 0.11882998514920473
0 0.44348271028138697 0.22303474135696888 0.025458249729126692 0.04753199405968189
0 0.4694501250050962 0.23948812391608953 0.020366599783301353 0.04387568682432175
0 0.5336049143224955 0.20383912837132812 0.020366599783301353 0.04570384044200182
0 0.6196537984069437 0.19926874432712793 0.02138492977246642 0.05118830129504204
0 0.6369654082227498 0.23308958625420928 0.025458249729126692 0.05301645491272211
0 0.6807535977568477 0.20932358922436833 0.025458249729126692 0.05301645491272211
0 0.6715886278543621 0.1709323632530868 0.019348269794136286 0.04570384044200182
0 0.7158859823830426 0.1855575921945274 0.018329939804971218 0.03839122597128153
0 0.6894094026647508 0.2586837369017303 0.028513239696621895 0.049360147677361965
0 0.7275967772584409 0.3062157309614122 0.025458249729126692 0.05301645491272211
0 0.8238289612345397 0.24497258476912975 0.02647657971829176 0.054844608530402184
0 0.8701629757415503 0.24954296881332994 0.025458249729126692 0.05301645491272211
0 0.9073320203460753 0.3135283454321325 0.028513239696621895 0.06398537661880255
0 0.9378819200210273 0.3217550367116928 0.03054989967495203 0.06946983747184277
