0 0.13700000650715083 0.785285304300487 0.09400000446476042 0.1471471507102251
0 0.2630000124918297 0.42342343367636204 0.05400000256486237 0.07807807996869087
0 0.3940000187139958 0.6576576735824347 0.0720000034198165 0.1321321353316307
0 0.5520000262185931 0.8768768981099129 0.144000006839633 0.22822823375463486
0 0.6040000286884606 0.6336336489766836 0.0760000036098063 0.13813814148306847
0 0.6530000310158357 0.5990991136059165 0.05400000256486237 0.08708708919584751
0 0.6000000284984708 0.5090090213343501 0.028000001329928637 0.045045046135783195
0 0.6500000308733433 0.46546547673642635 0.020000000949949026 0.042042043060064316
0 0.6830000324407592 0.4789789905771613 0.026000001234933734 0.051051052287220955
0 0.7470000354805961 0.48048049211502075 0.026000001234933734 0.048048049211502075
0 0.7520000357180834 0.5720720859244466 0.04800000227987766 0.06906907074153423
0 0.7720000366680324 0.6846847012639046 0.0760000036098063 0.1321321353316307
0 0.7810000370955095 0.4939940059557557 0.03000000142492354 0.045045046135783195
0 0.7990000379504636 0.45045046135783195 0.026000001234933734 0.042042043060064316
0 0.873000041465275 0.4624624736607075 0.03000000142492354 0.042042043060064316
0 0.9230000438401476 0.4639639751985669 0.03000000142492354 0.051051052287220955
0 0.9370000445051119 0.8663663873448968 0.12600000598467886 0.2552552614361048
0 0.9070000430801883 0.5930931074544787 0.058000002754852176 0.09909910149872303
0 0.9480000450275838 0.5660660797730088 0.05200000246986747 0.08108108304440975
0 0.9270000440301374 0.5405405536293983 0.042000001994892955 0.06606606766581535
