0 0.04616477268427843 0.7064951230422594 0.08745941550296266 0.15747549576917663
0 0.0723417207118473 0.565410559225711 0.05864448046486359 0.09283088563825004
0 0.030336850621097255 0.5505514900723938 0.06026785708672833 0.08884804236004129
0 0.20829951279301895 0.5626532061869511 0.05458603891020175 0.10447304291301407
0 0.2860186685647932 0.549479186112876 0.046874999956344254 0.06954657108872198
0 0.2825689932433306 0.7185968391568167 0.09598214276775252 0.1859681438363623
0 0.17735389593872242 0.9105392479104921 0.16801948036300018 0.17892157495953143
0 0.3724634736790904 0.5669424220250221 0.06026785708672833 0.09589461123687215
0 0.4173092528581037 0.5805760009388905 0.044845779179013334 0.07720588508527726
0 0.39529220742406324 0.5045956060930621 0.032873376592760906 0.06433823757106438
0 0.6226663955239928 0.5373774699983187 0.03835227269155439 0.06433823757106438
0 0.7059659084334271 0.5500919312326005 0.053977272677002475 0.09405637587769888
0 0.803875810939644 0.763939978016424 0.10004058432241436 0.18780637919553556
0 0.8224431810522219 0.5514706077519804 0.06290584409725852 0.10355392523342744
0 0.9643871744265198 0.6344975714746397 0.0712256492843153 0.13174020074075088
0 0.9543425315787317 0.5742953634617152 0.07061688305111602 0.1026348075538408
