0 0.9033203125 0.2830645117792301 0.08984375 0.1758064489113167
0 0.79833984375 0.3258064466062933 0.0263671875 0.06451612804085016
0 0.81689453125 0.3217741886037402 0.0224609375 0.05645161203574389
0 0.75830078125 0.3282258014078252 0.0556640625 0.12419354647863656
0 0.69482421875 0.3161290274001658 0.0810546875 0.1548387072980404
0 0.59423828125 0.26693547976901755 0.0576171875 0.10806451446842402
0 0.52783203125 0.3217741886037402 0.0322265625 0.06612903124187142
0 0.45703125 0.3193548338022083 0.06640625 0.13225806248374283
0 0.4990234375 0.3274193498073146 0.02734375 0.05483870883472264
0 0.42578125 0.32903225300833583 0.03125 0.061290321638807654
0 0.38134765625 0.36854838143335655 0.0478515625 0.0983870952622965
0 0.3623046875 0.2870967697817832 0.029296875 0.05161290243268013
0 0.36279296875 0.32661289820680395 0.0322265625 0.05645161203574389
0 0.29248046875 0.3161290274001658 0.0361328125 0.06451612804085016
0 0.248046875 0.3580645106267184 0.0703125 0.12903225608170033
0 0.20166015625 0.34112902701599523 0.0361328125 0.07580645044799894
0 0.1572265625 0.3314516078098677 0.048828125 0.08870967605616897
0 0.1103515625 0.3790322522399947 0.05859375 0.11290322407148778
0 0.0693359375 0.3338709626113996 0.048828125 0.08387096645310521
0 0.01708984375 0.31532257579965517 0.0302734375 0.05645161203574389
