0 0.1305084730265662 0.49660635634791106 0.08135593123733997 0.11085973330773413
0 0.14661016775062308 0.45588237268384546 0.05932203319389373 0.07918552379123867
0 0.09661016834434122 0.4309954937780276 0.05423728749155998 0.07013574964366853
0 0.16864406579406932 0.38574662304017693 0.049152541789226234 0.07013574964366853
0 0.22033898043446243 0.37782807066105306 0.05084745702333748 0.07239819318056107
0 0.2779660983942449 0.36085974413435906 0.047457626555114985 0.0746606367174536
0 0.3466101653757505 0.37443440535571426 0.042372880852781236 0.06561086256988347
0 0.39322033431380987 0.356334857060574 0.03389830468222499 0.05656108842231333
0 0.424576266144868 0.3461538611445576 0.03559321991633624 0.058823531959205866
0 0.458474570827093 0.33823530876543373 0.03220338944811374 0.05656108842231333
0 0.5101694854674861 0.3597285223659128 0.03728813515044749 0.0542986448854208
0 0.5542372815543786 0.34389141760766506 0.03050847421400249 0.045248870737850666
0 0.598305077641271 0.36425340943969786 0.03389830468222499 0.045248870737850666
0 0.6542372803669423 0.3529411917552352 0.03050847421400249 0.0407239836640656
0 0.7016949069220573 0.37217196181882173 0.03050847421400249 0.0475113142747432
0 0.7440677877748385 0.3936651754193008 0.04067796561866999 0.04977375781163573
0 0.8059321938198991 0.38461540127173066 0.042372880852781236 0.04977375781163573
0 0.8576271084602922 0.37556562712416053 0.02711864374577999 0.0542986448854208
0 0.9042372773983516 0.36764707474503666 0.07627118553500623 0.10633484623394907
