0 0.12758620642125607 0.5613496801815927 0.04827586188912392 0.11656441446393728
0 0.1362068960443139 0.866564397001639 0.062068965286016464 0.10122699150815606
0 0.3672413779422641 0.6042944644577801 0.05517241358757019 0.11656441446393728
0 0.47241379134356976 0.5414110303390771 0.051724137738347054 0.10122699150815606
0 0.40603448124602437 0.39877299685031176 0.04310344811528921 0.08588956855237484
0 0.35344827454537153 0.28680980927310884 0.037931034341454506 0.07055214559659362
0 0.315517240203917 0.17484662169590592 0.03448275849223137 0.0552147226408124
0 0.2939655161462724 0.138036806602031 0.025862068869173527 0.04294478427618742
0 0.2724137920886278 0.047546011162921786 0.02413793094456196 0.046012268867343664
0 0.22327586123719811 0.10736196069046855 0.029310344718396664 0.04907975345849991
0 0.2525862059555948 0.18404907546937466 0.029310344718396664 0.061349691823124886
0 0.2741379300132394 0.26533741713501513 0.031034482643008232 0.06441717641428113
0 0.295689654070884 0.4585889463778585 0.04310344811528921 0.07668711477890611
0 0.13793103396892548 0.3251533666625619 0.03448275849223137 0.06748466100543737
0 0.1586206890642643 0.26073619024828076 0.027586206793785095 0.0552147226408124
0 0.14568965462967753 0.17638036399148405 0.025862068869173527 0.05214723804965615
0 0.1586206890642643 0.11349692987278104 0.02413793094456196 0.03680981509387493
0 0.34224137803539634 0.05674846493639052 0.02241379301995039 0.03374233050271869
0 0.36982758482918143 0.1242331259418279 0.029310344718396664 0.046012268867343664
0 0.4267241363413632 0.16411042562685907 0.0327586205676198 0.06441717641428113
0 0.42327586049214005 0.07668711477890611 0.018965517170727253 0.04907975345849991
0 0.4698275844566524 0.07208588789217174 0.018965517170727253 0.039877299685031176
0 0.4534482741728425 0.1180981567595154 0.02068965509533882 0.046012268867343664
0 0.48965517058968544 0.1809815908782184 0.027586206793785095 0.0552147226408124
0 0.5129310325719416 0.1180981567595154 0.02241379301995039 0.046012268867343664
0 0.5051724119111896 0.0828220839612186 0.017241379246115685 0.03680981509387493
0 0.5499999979510903 0.12116564135067165 0.017241379246115685 0.046012268867343664
0 0.5543103427626193 0.17177913710474968 0.02241379301995039 0.04294478427618742
0 0.5974137908779085 0.17791410628706217 0.02241379301995039 0.04294478427618742
0 0.6689655147492886 0.1733128794003278 0.027586206793785095 0.05214723804965615
0 0.6413793079555035 0.28067484009079635 0.03448275849223137 0.05214723804965615
0 0.6405172389931977 0.22699385974556208 0.02241379301995039 0.04907975345849991
0 0.5499999979510903 0.28680980927310884 0.031034482643008232 0.06441717641428113
0 0.4862068947404623 0.27453987090848386 0.03448275849223137 0.06441717641428113
0 0.5336206876672804 0.3680981509387493 0.0327586205676198 0.07975459937006235
0 0.6258620666339993 0.3865030584856868 0.04137931019067764 0.08588956855237484
0 0.6956896525807679 0.2975460053421557 0.025862068869173527 0.04294478427618742
0 0.7301724110729992 0.2484662518836558 0.018965517170727253 0.04907975345849991
0 0.7681034454144537 0.2714723863173276 0.018965517170727253 0.039877299685031176
0 0.7637931006029248 0.41257667751051486 0.031034482643008232 0.06441717641428113
0 0.8198275831528008 0.3665644086431712 0.025862068869173527 0.05828220723196864
0 0.8646551691927016 0.42638035817071795 0.029310344718396664 0.061349691823124886
0 0.9439655137248337 0.5245398650877178 0.025862068869173527 0.061349691823124886
0 0.8491379278711975 0.4969325037673116 0.02241379301995039 0.061349691823124886
0 0.8094827556051314 0.5214723804965615 0.029310344718396664 0.061349691823124886
0 0.7241379283368587 0.5214723804965615 0.031034482643008232 0.07975459937006235
0 0.6336206872947514 0.5751533608417958 0.03620689641684294 0.0828220839612186
0 0.8939655139110982 0.7223926212172955 0.05344827566295862 0.10736196069046855
