0 0.09240069059887901 0.5012953241821378 0.05008635565172881 0.10103626688942313
0 0.05872193421237171 0.4624352215323597 0.03799654566682875 0.06476683774963021
0 0.03626942995470017 0.44689118047244847 0.03454231424257159 0.044041449669748545
0 0.1105354055762291 0.44559584371745586 0.031088082818314433 0.05181347019970417
0 0.18221070762956515 0.34585491358302534 0.04317789280321449 0.06994818476960063
0 0.19257340190233663 0.5621761516667902 0.06390328134875745 0.11398963443934917
0 0.238341968273744 0.4624352215323597 0.031088082818314433 0.059585490729659796
0 0.2694300510920584 0.4792745993472636 0.031088082818314433 0.07253885827958584
0 0.30138169176643714 0.5090673447120935 0.03972366137895733 0.08031087880954146
0 0.30915371247101575 0.44430050696246326 0.027633851394057274 0.04922279668971896
0 0.35924006812274456 0.4520725274924189 0.031088082818314433 0.05440414370968938
0 0.3540587209863588 0.5220207122620195 0.03799654566682875 0.07512953178957105
0 0.4248704651836306 0.5012953241821378 0.03454231424257159 0.06476683774963021
0 0.44559585372917354 0.3924870367627591 0.04145077709108591 0.06476683774963021
0 0.4982728829490952 0.4507771907374263 0.03626942995470017 0.062176164239645004
0 0.5535405857372098 0.559585478156805 0.08808290131855756 0.13471502251923084
0 0.5431778914644383 0.46502589504234493 0.03626942995470017 0.06994818476960063
0 0.5725388585706241 0.490932630142197 0.03281519853044301 0.059585490729659796
0 0.6096718463813886 0.47538858908228576 0.03799654566682875 0.059585490729659796
0 0.6260794456466101 0.5051813344471157 0.04663212422747165 0.07772020529955626
0 0.6606217598891817 0.47279791557230055 0.03626942995470017 0.08031087880954146
0 0.6960276319878176 0.540155426831916 0.0759930913336575 0.13212434900924563
0 0.7461139876395464 0.5323834063019603 0.06908462848514318 0.1217616549693048
0 0.7590673554805107 0.3898963632527739 0.03281519853044301 0.06994818476960063
0 0.8082901532761753 0.47538858908228576 0.04835923993960023 0.07512953178957105
0 0.8635578560642898 0.5155440284870565 0.062176165636628866 0.11398963443934917
0 0.9749568194965832 0.47797926259227097 0.04663212422747165 0.10103626688942313
