0 0.04888889007270336 0.4891666785115376 0.0533333346247673 0.041666667675599456
0 0.230000005569309 0.6425000155577436 0.14666667021811008 0.11666666949167848
0 0.1905555601697415 0.5162500125006773 0.07444444624707103 0.05583333468530327
0 0.3594444531481713 0.4358333438867703 0.07222222397103906 0.061666668159887195
0 0.30333334067836404 0.4729166781180538 0.05111111234873533 0.03916666761506349
0 0.384444453753531 0.4666666779667139 0.03777777869254351 0.03666666755452752
0 0.4444444552063942 0.4970833453699015 0.05111111234873533 0.042500001029111445
0 0.5200000125914812 0.47791667823912576 0.04222222324460745 0.03583333420101553
0 0.5000000121071935 0.46083334449213 0.03777777869254351 0.033333334140479565
0 0.5922222365625203 0.5087500123190694 0.055555556900799274 0.042500001029111445
0 0.5783333473373204 0.5691666804486886 0.09000000217929482 0.07500000181607902
0 0.6344444598071277 0.4912500118953176 0.035555556416511536 0.03916666761506349
0 0.6038889035116881 0.47041667805751786 0.03222222300246358 0.030833334079943597
0 0.7377777956426144 0.4741666781483218 0.04000000096857548 0.03666666755452752
0 0.7605555739719421 0.4920833452488296 0.043333334382623434 0.04083333432208747
0 0.8138889085967094 0.5233333460055292 0.06555555714294314 0.05833333474583924
0 0.8766666878946126 0.47875001159263775 0.033333334140479565 0.034166667493991554
0 0.9527778008487076 0.4891666785115376 0.047777778934687376 0.04833333450369537
