0 0.25310345587786287 0.4834025150630623 0.03172413888387382 0.04979253374040127
0 0.3448275965638459 0.5062240930274129 0.03586207004263997 0.04979253374040127
0 0.33172414789441973 0.48547720396891236 0.028965518111363053 0.04979253374040127
0 0.402758632786572 0.5041494041215628 0.04689655313268304 0.06639004498720169
0 0.39862070162780583 0.3879668253939599 0.022068966180086136 0.04149377811700106
0 0.2758620772510767 0.6120332272257656 0.05517241545021534 0.07883817842230201
0 0.26482759416103363 0.5632780379382893 0.03586207004263997 0.05186722264625132
0 0.39586208085529506 0.6400415274547413 0.09379310626536608 0.13485477888025343
0 0.46344828978180885 0.5985477493377402 0.05517241545021534 0.07676348951645195
0 0.485517255961895 0.46576765936333686 0.030344828497618437 0.04356846702285111
0 0.5441379473777488 0.4626556260045618 0.03448275965638459 0.053941911552101374
0 0.5765517414547503 0.5062240930274129 0.041379311587661505 0.06639004498720169
0 0.5813793278066441 0.6317427718313411 0.09517241665162146 0.13485477888025343
0 0.6841379515826702 0.8848548183450475 0.21241379948332906 0.23029046854935586
0 0.9468965801643208 0.8402490068692714 0.10620689974166453 0.2821576911956072
0 0.8268965765601024 0.5176348820095882 0.053793105063959956 0.09751037857495248
0 0.8875862335553393 0.5186722264625132 0.05931034660898149 0.08298755623400211
0 0.9517241665162146 0.4906639262335375 0.041379311587661505 0.07261411170475185
0 0.7668965747579932 0.5072614374803379 0.04413793236017227 0.06431535608135164
0 0.7310345047153533 0.46991703717503697 0.033103449270129204 0.047717844834551215
0 0.7172414008527994 0.4481328036636114 0.033103449270129204 0.04564315592870116
0 0.6675862269476056 0.46473031491041183 0.02758620772510767 0.04564315592870116
0 0.6565517438575625 0.509336126386188 0.049655173905193806 0.06431535608135164
