0 0.2994594667106867 0.18446602334734052 0.015135135501623154 0.03106796182692051
0 0.41189190186560154 0.20873786852462217 0.01297297328710556 0.029126214212737978
0 0.44648649729788303 0.2310679660877213 0.017297297716140747 0.03495145705528557
0 0.44432433508336544 0.18155340192606673 0.015135135501623154 0.03300970944110304
0 0.4610810922458768 0.13495145918568596 0.00972972996532917 0.025242718984372914
0 0.48108109273016453 0.1708737900480628 0.015135135501623154 0.03106796182692051
0 0.4589189300313592 0.20097087806789204 0.011891892179846764 0.029126214212737978
0 0.5475675808265805 0.16699029481969774 0.011891892179846764 0.027184466598555446
0 0.5594594730064273 0.19029126618988812 0.01621621660888195 0.03106796182692051
0 0.6324324477463961 0.12038835207931697 0.01297297328710556 0.03106796182692051
0 0.6259459611028433 0.26019418030045927 0.01945945993065834 0.03883495228365064
0 0.6275675827637315 0.21456311136716977 0.01621621660888195 0.04077669989783317
0 0.670270286500454 0.2194174804026261 0.017297297716140747 0.03883495228365064
0 0.6756756920367479 0.17572815908351913 0.01297297328710556 0.03300970944110304
0 0.6383783938363194 0.3368932110606693 0.031351352110505104 0.05242718558292836
0 0.6756756920367479 0.2912621421273798 0.01945945993065834 0.0427184475120157
0 0.731351369060576 0.23009709228063002 0.02270270325243473 0.04077669989783317
0 0.8243243442848325 0.259223306493368 0.018378378823399544 0.036893204669468105
0 0.8567567775025964 0.2563106850720942 0.018378378823399544 0.05436893319711089
0 0.8243243442848325 0.3873786490294151 0.044324325397610664 0.11844660446513444
0 0.9329729955643415 0.24077670415863395 0.015135135501623154 0.0427184475120157
