0 0.0383333342615515 0.22361808805726469 0.07000000169500709 0.1457286416552961
0 0.08666666876524687 0.22613065084442496 0.0533333346247673 0.1005025114864111
0 0.06500000157393515 0.1457286416552961 0.05666666803881526 0.09045226033776999
0 0.051666667917743325 0.11306532542221248 0.06333333486691117 0.10552763706073165
0 0.2133333384990692 0.253768841503188 0.08000000193715096 0.13567839050665498
0 0.25500000617466867 0.21859296248294413 0.05000000121071935 0.11557788820937276
0 0.20500000496394932 0.17587939510121942 0.05666666803881526 0.09045226033776999
0 0.3216666744556278 0.22864321363158524 0.07000000169500709 0.12562813935801387
0 0.15166667033918202 0.43718592496588826 0.11000000266358256 0.19095477182418108
0 0.33166667469777167 0.4547738644760102 0.09000000217929482 0.1557788928039372
0 0.37166667566634715 0.3467336646281183 0.07000000169500709 0.14070351608097553
0 0.4050000098068267 0.2336683392059058 0.05666666803881526 0.10552763706073165
0 0.4833333450369537 0.2788944693747908 0.060000001452863216 0.11557788820937276
0 0.48000001162290573 0.15829145559109747 0.04666666779667139 0.08542713476344943
0 0.49500001198612154 0.42713567381724715 0.10333333583548665 0.15075376722961664
0 0.5683333470951766 0.3190954739693552 0.07000000169500709 0.12562813935801387
0 0.6116666814778 0.2763819065876305 0.05000000121071935 0.1105527626350522
0 0.6766666830517352 0.19346733461134136 0.0533333346247673 0.09547738591209054
0 0.6616666826885194 0.4221105482429266 0.076666668523103 0.17085426952689886
0 0.7066666837781668 0.35175879020243883 0.060000001452863216 0.1105527626350522
0 0.7600000184029341 0.37185929249972105 0.060000001452863216 0.14070351608097553
0 0.7500000181607902 0.26130652986466885 0.0533333346247673 0.08040200918912888
0 0.8466666871681809 0.1658291439525783 0.16666667070239782 0.3015075344592333
0 0.9783333570230752 0.26130652986466885 0.043333334382623434 0.1105527626350522
0 0.92166668898426 0.253768841503188 0.05000000121071935 0.11557788820937276
