0 0.209226472012233 0.3606965174549259 0.049394222791306674 0.10116086236666888
0 0.28191985649755225 0.25953565508825704 0.01957129582297057 0.038142620236612856
0 0.32805219665169716 0.2786069652065635 0.018639329355210066 0.04311774461530149
0 0.3429636601358652 0.2686567164491862 0.018639329355210066 0.036484245443716645
0 0.35507922421675175 0.21641791047295555 0.01677539641968906 0.038142620236612856
0 0.37931035237852484 0.21227197349071503 0.020503262290731072 0.04311774461530149
0 0.4193849104922265 0.21558872307650745 0.020503262290731072 0.036484245443716645
0 0.4394221895490773 0.23383084579836577 0.017707362887449563 0.036484245443716645
0 0.42637465900043026 0.2835820895852521 0.023299161694012582 0.04643449420109391
0 0.42264679312938824 0.1774461028398946 0.017707362887449563 0.03316749585792422
0 0.44082013925071806 0.1923714759759605 0.01677539641968906 0.036484245443716645
0 0.4655172506463714 0.19817578775109723 0.017707362887449563 0.03150912106502801
0 0.44361603865399957 0.15754560532514006 0.014911463484168053 0.0298507462721318
0 0.45526561950100586 0.16583747928962111 0.01957129582297057 0.0298507462721318
0 0.49673812731634825 0.16915422887541354 0.01677539641968906 0.036484245443716645
0 0.48229264706606045 0.13598673301748931 0.01397949701640755 0.023217247100546956
0 0.5027959093567915 0.19983416254399344 0.01957129582297057 0.03150912106502801
0 0.5237651548814029 0.1948590381653048 0.018639329355210066 0.034825870650820434
0 0.5167754063731991 0.13930348260328174 0.017707362887449563 0.03316749585792422
0 0.5335508027928881 0.1326699834316969 0.015843429951928556 0.02653399668633938
0 0.5526561153819785 0.15837479272158816 0.018639329355210066 0.038142620236612856
0 0.5531220986158587 0.12023217248497531 0.012115564080886543 0.024875621893443167
0 0.570363478269428 0.15837479272158816 0.014911463484168053 0.02819237147923559
0 0.5890028076246381 0.10945273633114994 0.013047530548647046 0.0298507462721318
0 0.6085741034476086 0.12189054727787152 0.014911463484168053 0.03150912106502801
0 0.6849953538039699 0.10613598674535751 0.014911463484168053 0.036484245443716645
0 0.5545200483174995 0.2553897181060165 0.02236719522625208 0.04643449420109391
0 0.4780987979611382 0.33333333337213844 0.03168685990385711 0.06301824213005602
0 0.5405405513010919 0.32172470982186496 0.0279589940328151 0.05306799337267876
0 0.6043802543426864 0.32255389721831307 0.027027027565054595 0.05472636816557497
0 0.6029823046410456 0.2520729685202241 0.02236719522625208 0.049751243786886334
0 0.6132339357864112 0.20398009952623397 0.020503262290731072 0.04311774461530149
0 0.6630941418115981 0.20315091212978587 0.021435228758491576 0.0447761194081977
0 0.6770736388280056 0.16086235491093248 0.01957129582297057 0.04311774461530149
0 0.6975769011187367 0.17578772804699838 0.01957129582297057 0.03980099502950907
0 0.7101584484335035 0.20232172473333776 0.024231128161773086 0.049751243786886334
0 0.7096924651996233 0.2786069652065635 0.028890960500575602 0.06301824213005602
0 0.6724138064892031 0.31923714763252065 0.028890960500575602 0.06135986733715981
0 0.6579683262389153 0.26285240467404947 0.024231128161773086 0.0447761194081977
0 0.7716682353056967 0.31757877283962443 0.024231128161773086 0.05804311775136739
0 0.7446412077406421 0.18573797680437565 0.02236719522625208 0.049751243786886334
0 0.7045666496269405 0.14179104479262605 0.014911463484168053 0.03150912106502801
0 0.7306617107242346 0.12852404644945636 0.014911463484168053 0.034825870650820434
0 0.7460391574422829 0.1467661691713147 0.015843429951928556 0.03150912106502801
0 0.7632805370958522 0.12852404644945636 0.018639329355210066 0.02819237147923559
0 0.7520969394827262 0.11028192372759804 0.013047530548647046 0.03150912106502801
0 0.7949673969997093 0.12852404644945636 0.014911463484168053 0.03150912106502801
0 0.8066169778467156 0.12686567165656015 0.01397949701640755 0.02819237147923559
0 0.7968313299352303 0.18407960201147944 0.018639329355210066 0.03980099502950907
0 0.8154706592904404 0.16915422887541354 0.01677539641968906 0.03316749585792422
0 0.842497686855495 0.19071310118306428 0.020503262290731072 0.04643449420109391
0 0.8681267647189088 0.13018242124235258 0.01397949701640755 0.034825870650820434
0 0.8816402785014361 0.18822553899371997 0.01677539641968906 0.038142620236612856
0 0.8709226641221903 0.22885572141967714 0.017707362887449563 0.049751243786886334
0 0.9133271384052932 0.18573797680437565 0.020503262290731072 0.04643449420109391
0 0.9100652557681315 0.10033167497022077 0.017707362887449563 0.03150912106502801
