0 0.13134568854002282 0.6047957502887584 0.04190169204957783 0.119005331187509
0 0.22562449565157294 0.3250444120494649 0.022562449565157294 0.053285969188436866
0 0.2143432708689943 0.2957371289958246 0.01772763894405216 0.04440497432369739
0 0.2719580974371638 0.26642984594218433 0.015310233633499593 0.04262877535074949
0 0.2872683310706634 0.271758442861028 0.015310233633499593 0.046181173296645284
0 0.30580177178489976 0.2397868613479659 0.01692183717386797 0.046181173296645284
0 0.3303787257755175 0.2690941444016062 0.01772763894405216 0.05150977021548897
0 0.3473005629493855 0.23712256288854405 0.014504431863315403 0.0408525763778016
0 0.3674456072039902 0.2904085320769809 0.019339242484420538 0.04795737226959318
0 0.3916196603095159 0.26642984594218433 0.01611603540368378 0.04262877535074949
0 0.43916196475038305 0.33214920794125646 0.024174053105525672 0.049733571242541075
0 0.3618049948127009 0.22202487161848694 0.014504431863315403 0.03197158151306212
0 0.38597904791822657 0.21314387675374746 0.012892828322947025 0.03197158151306212
0 0.4282836408528965 0.2229129711049609 0.01853344071423635 0.0408525763778016
0 0.43029814527835697 0.18738899164600298 0.012892828322947025 0.033747780486010015
0 0.4657534231664613 0.2770870397798717 0.019339242484420538 0.046181173296645284
0 0.48992747627198696 0.23001776699675247 0.014504431863315403 0.033747780486010015
0 0.47582594529376365 0.20159858342958614 0.013698630093131214 0.0408525763778016
0 0.46212731520063244 0.1971580859972164 0.012087026552762836 0.02841918356716633
0 0.4496373877627775 0.18916519061895087 0.014504431863315403 0.033747780486010015
0 0.49073327804217115 0.17761989729478955 0.01611603540368378 0.03552397945895791
0 0.515713132917881 0.1971580859972164 0.014504431863315403 0.03552397945895791
0 0.524174051504815 0.18117229524068534 0.013698630093131214 0.03197158151306212
0 0.5511684108059853 0.24511545826680958 0.01611603540368378 0.04262877535074949
0 0.5672844462096691 0.23712256288854405 0.01611603540368378 0.04440497432369739
0 0.5564061223121826 0.18916519061895087 0.01853344071423635 0.0408525763778016
0 0.549959708150709 0.1563055096194148 0.013698630093131214 0.03197158151306212
0 0.5725221577158663 0.1545293106464669 0.015310233633499593 0.0390763774048537
0 0.579774373647524 0.1989342849701643 0.01692183717386797 0.0390763774048537
0 0.6071716338337865 0.20159858342958614 0.013698630093131214 0.0408525763778016
0 0.6184528586163651 0.22646536905085668 0.015310233633499593 0.0408525763778016
0 0.6547139382746536 0.20603908086195588 0.012087026552762836 0.03197158151306212
0 0.6490733258833643 0.17051510140299797 0.012087026552762836 0.0390763774048537
0 0.626510876318207 0.15008881321409717 0.01692183717386797 0.0408525763778016
0 0.5962933099362999 0.1412078183493577 0.01611603540368378 0.030195382540114224
0 0.6639806586317718 0.15275311167351902 0.012892828322947025 0.03552397945895791
0 0.6869460090820212 0.1598579075653106 0.013698630093131214 0.03197158151306212
0 0.7087026568769943 0.17761989729478955 0.015310233633499593 0.0390763774048537
0 0.6941982250136789 0.24511545826680958 0.015310233633499593 0.04262877535074949
0 0.6764705860696267 0.20603908086195588 0.015310233633499593 0.0390763774048537
0 0.5697018515202217 0.37300178431905806 0.022562449565157294 0.06039076508022845
0 0.6023368232126813 0.40586146531859413 0.02659145841607824 0.06216696405317634
0 0.609186138259247 0.3268206110224128 0.019339242484420538 0.053285969188436866
0 0.6583400462404825 0.2806394377257675 0.022562449565157294 0.06039076508022845
0 0.7211925843148492 0.29307283053640276 0.01772763894405216 0.046181173296645284
0 0.6551168391597457 0.43960924580460414 0.020950846024788916 0.05506216816138476
0 0.7179693772341125 0.43250444991281256 0.024174053105525672 0.06216696405317634
0 0.7997582569078077 0.5071048067766242 0.02497985487570986 0.08703374967444688
0 0.8416599489573855 0.5506216816138476 0.031426269037183374 0.0817051527556032
0 0.8803384339262266 0.43428064888576046 0.01853344071423635 0.05506216816138476
0 0.9597099082893692 0.4857904191012494 0.022562449565157294 0.06927175994496793
0 0.9476228817366064 0.4165186591562815 0.019339242484420538 0.05861456610728055
0 0.9721998357272241 0.3996447689132765 0.01692183717386797 0.049733571242541075
0 0.9685737277613953 0.3516873966436833 0.014504431863315403 0.04262877535074949
0 0.9786462498886976 0.306394322833512 0.01853344071423635 0.04440497432369739
0 0.9484286835067905 0.2735346418339759 0.01772763894405216 0.049733571242541075
0 0.9278807383670937 0.3010657259146683 0.013698630093131214 0.033747780486010015
0 0.9238517295161728 0.3605683915084228 0.020145044254604727 0.049733571242541075
0 0.9004834781808313 0.2859680346446112 0.012087026552762836 0.03552397945895791
0 0.8916196587088052 0.25932505005039275 0.013698630093131214 0.04262877535074949
0 0.8839645418920554 0.3214920141035691 0.01772763894405216 0.046181173296645284
0 0.8702659117989242 0.3499111976707354 0.022562449565157294 0.049733571242541075
0 0.8597904887865297 0.3774422817514278 0.019339242484420538 0.04795737226959318
0 0.8130539861158468 0.3285968099953607 0.019339242484420538 0.049733571242541075
0 0.7473811418458354 0.3268206110224128 0.023368251335341483 0.049733571242541075
0 0.7401289259141777 0.25754885107744485 0.01692183717386797 0.0390763774048537
0 0.7449637365352828 0.21847247367259115 0.012087026552762836 0.03197158151306212
0 0.7767929064575583 0.2362344634020701 0.014504431863315403 0.0390763774048537
0 0.7933118427463342 0.27619894029339775 0.015310233633499593 0.04795737226959318
0 0.8170829949667677 0.25932505005039275 0.014504431863315403 0.03552397945895791
0 0.8408541471872013 0.24245115980738774 0.013698630093131214 0.037300178431905806
0 0.8686543082585558 0.2602131495368667 0.01611603540368378 0.037300178431905806
0 0.8058017701841891 0.2175843741861172 0.01611603540368378 0.04440497432369739
0 0.771152294066269 0.20426288188900799 0.01611603540368378 0.03552397945895791
