0 0.8238358134694863 0.6049836671736557 0.0998774545150809 0.14869281218852848
0 0.8633578736917116 0.33946078826556914 0.08823529724031687 0.12745098187588155
0 0.78278189044795 0.4691585021937499 0.0539215705357492 0.0935457527230028
0 0.7622549289371818 0.38684640973224305 0.04840686445822939 0.06699346483219415
0 0.6807598280138336 0.3255718992149923 0.03370098158484325 0.048202614940237254
0 0.6727941414574161 0.4007352987828199 0.03431372670456767 0.04493464104598388
0 0.6447610522300238 0.38051471031212714 0.03216911878553219 0.04779411820345558
0 0.639246346152504 0.34293301052821334 0.025428922468563542 0.038807189994258806
0 0.6147365413635271 0.37540850110235624 0.025428922468563542 0.04983660188736394
0 0.4946384978975402 0.384395429311553 0.05300245285616256 0.08986928209196776
0 0.4894301643798826 0.33210784700349905 0.03645833462360315 0.050653595360927284
0 0.4643076144711813 0.5716911831259495 0.10018382707494311 0.13766340029542334
0 0.4590992809535237 0.3574346446839627 0.02236519686994143 0.04003268020460382
0 0.40870099485618994 0.31903595142648555 0.04105392302153632 0.06699346483219415
0 0.3354779530491214 0.3386437947920058 0.05453431565547362 0.09150326903909445
0 0.27650123527564574 0.4685457570885774 0.10386029779328965 0.16013072081841528
0 0.20435049742809497 0.32414216063625645 0.07169117900775746 0.1123366026149597
0 0.23866422413266264 0.3604983702098252 0.0269607852678746 0.04779411820345558
0 0.12821691630233545 0.3359885660029249 0.03584558950387873 0.04697712472989224
0 0.10983456271060277 0.3490604615799384 0.02481617734883912 0.038807189994258806
0 0.07352941436693072 0.3713235337345395 0.04779411933850497 0.07189542567357421
0 0.02726715782773681 0.3210784351103939 0.03615196206374094 0.04493464104598388
