0 0.09296875138534233 0.38750000938307494 0.051562500768341124 0.09722222457639873
0 0.04921875073341653 0.34722223062999547 0.03593750053551048 0.06666666828095913
0 0.19140625285217538 0.3986111207632348 0.051562500768341124 0.11388889164663851
0 0.16953125252621248 0.3513888973975554 0.03281250048894435 0.05833333474583924
0 0.23437500349245965 0.33333334140479565 0.02500000037252903 0.05000000121071935
0 0.2625000039115548 0.3750000090803951 0.040625000605359674 0.08333333535119891
0 0.3257812548545189 0.36527778662275523 0.03281250048894435 0.08611111319623888
0 0.39453125587897375 0.3388888970948756 0.03906250058207661 0.08333333535119891
0 0.45234375674044713 0.33333334140479565 0.029687500442378223 0.08333333535119891
0 0.4445312566240318 0.5541666800854728 0.10781250160653144 0.18055555992759764
0 0.5671875084517524 0.4375000105937943 0.09062500135041773 0.21944444975815713
0 0.5171875077066943 0.3750000090803951 0.06250000093132257 0.1444444479420781
0 0.6585937598138116 0.4194444546010345 0.06718750100117177 0.1444444479420781
0 0.7742187615367584 0.5236111237900332 0.10781250160653144 0.22500000544823706
0 0.7562500112690032 0.3597222309326753 0.05000000074505806 0.11944444733671844
0 0.7203125107334927 0.3583333420101553 0.02500000037252903 0.07222222397103906
0 0.8078125120373443 0.3388888970948756 0.0437500006519258 0.08333333535119891
0 0.9062500135041773 0.4041666764533147 0.06250000093132257 0.14166667009703815
