0 0.050000002374872565 0.5026666612830013 0.0800000037997961 0.1039999988861382
0 0.02400000113993883 0.41733332886360586 0.04400000208988786 0.08266666578128934
0 0.15500000736210495 0.43466666201129556 0.07000000332482159 0.09066666569560766
0 0.1520000072196126 0.38799999584443867 0.06400000303983688 0.07199999922886491
0 0.12400000588968396 0.31599999661557376 0.04400000208988786 0.06666666595265269
0 0.26600001263432205 0.30133333010599017 0.04800000227987766 0.05866666603833437
0 0.3350000159116462 0.297333330148831 0.03800000180490315 0.06133333267644048
0 0.2920000138692558 0.3639999961014837 0.04800000227987766 0.07199999922886491
0 0.31700001505669206 0.42933332873508334 0.07000000332482159 0.09599999897181988
0 0.2590000123018399 0.5719999938737601 0.09400000446476042 0.1359999985434115
0 0.37300001771654934 0.3693333293776959 0.050000002374872565 0.06666666595265269
0 0.4580000217538327 0.39999999571591616 0.05600000265985727 0.07466666586697102
0 0.45500002161134034 0.33999999635852873 0.042000001994892955 0.05599999940022826
0 0.43000002042390406 0.5079999945592135 0.0760000036098063 0.12533333199098706
0 0.5560000264085829 0.5213333277497441 0.08400000398978591 0.10933333216235042
0 0.5940000282134861 0.7266666588839144 0.13600000645965338 0.19466666458174586
0 0.8060000382829458 0.5959999936167151 0.11600000550970435 0.15733333164826035
0 0.6940000329632312 0.4253333287779242 0.06000000284984708 0.09333333233371377
0 0.7700000365730375 0.4133333289064467 0.06000000284984708 0.08533333241939545
0 0.8160000387579203 0.4253333287779242 0.04400000208988786 0.08266666578128934
0 0.7580000360030681 0.35999999614432454 0.04400000208988786 0.053333332762122154
0 0.7580000360030681 0.3293333298061043 0.03200000151991844 0.050666666124016047
0 0.7960000378079712 0.33066666312515736 0.04000000189989805 0.06399999931454659
0 0.6700000318232924 0.31333332997746766 0.03200000151991844 0.05599999940022826
0 0.6370000302558765 0.3266666631679982 0.03800000180490315 0.05599999940022826
0 0.6040000286884606 0.3693333293776959 0.04800000227987766 0.06133333267644048
0 0.5780000274535269 0.3386666630394757 0.03600000170990825 0.053333332762122154
0 0.5370000255061314 0.3639999961014837 0.050000002374872565 0.07199999922886491
0 0.9030000428901985 0.3519999962300062 0.050000002374872565 0.0693333325907588
0 0.9370000445051119 0.34799999627284706 0.042000001994892955 0.07199999922886491
