0 0.05818181857466698 0.5461309625534341 0.04363636393100023 0.08035714435391128
0 0.1627272738260217 0.6041666779201478 0.07454545504879206 0.1369047644548118
0 0.2527272744337097 0.5684523915406317 0.03636363660916686 0.06547619169577956
0 0.27545454731443897 0.5565476294141263 0.03454545477870852 0.06547619169577956
0 0.3609090933459811 0.5907738205278292 0.06000000040512532 0.09226190648041666
0 0.38818182080285624 0.5565476294141263 0.04181818210054189 0.059523810632526875
0 0.42909091198816895 0.5491071530850604 0.01818181830458343 0.03869047691114247
0 0.4690909122582525 0.5000000093132257 0.021818181965500116 0.04166666744276881
0 0.4818181850714609 0.5892857252620161 0.04363636393100023 0.08928571594879031
0 0.5200000035110861 0.6830357270082459 0.08363636420108378 0.1636904792394489
0 0.5900000039837323 0.5982142968568951 0.045454545761458576 0.06547619169577956
0 0.5890909130685031 0.5476190578192472 0.02909090928733349 0.0476190485060215
0 0.6036363677121699 0.5029761998448521 0.01818181830458343 0.035714286379516125
0 0.6109090950340033 0.5505952483508736 0.021818181965500116 0.04166666744276881
0 0.630909095169045 0.5461309625534341 0.01818181830458343 0.03273809584788978
0 0.6454545498127118 0.5491071530850604 0.02909090928733349 0.05654762010090053
0 0.6872727319132537 0.5758928678696975 0.04000000027008355 0.0744047632906586
0 0.7127272775396705 0.48958334245253354 0.01818181830458343 0.044642857974395156
0 0.7363636413356289 0.5446428672876209 0.021818181965500116 0.04166666744276881
0 0.7536363687249832 0.5491071530850604 0.02363636379595846 0.03869047691114247
0 0.7672727324534208 0.5773809631355107 0.02909090928733349 0.059523810632526875
0 0.7827272780123167 0.5535714388824999 0.020000000135041773 0.04166666744276881
0 0.7990909144864418 0.5684523915406317 0.02363636379595846 0.04166666744276881
0 0.8345454601803795 0.571428582072258 0.02909090928733349 0.0476190485060215
0 0.7054545502178371 0.6904762033373117 0.06181818223558366 0.12500000232830644
0 0.8509090966545045 0.6488095358945429 0.05454545491375029 0.10714285913854837
0 0.9127272788900882 0.6220238211099058 0.04727272759191692 0.10119047807529569
0 0.9481818245840259 0.6071428684517741 0.045454545761458576 0.07142857275903225
0 0.9345454608555883 0.5044642951106653 0.021818181965500116 0.05059523903764784
0 0.9881818248541094 0.6086309637175873 0.02363636379595846 0.0684523822274059
