0 0.10416666918899864 0.5612499874550849 0.10833333595655859 0.22249999502673745
0 0.1916666713077575 0.3962499911431223 0.05666666803881526 0.0874999980442226
0 0.2891666736686602 0.47999998927116394 0.10166666912846267 0.17999999597668648
0 0.27250000659842044 0.7074999841861427 0.1383333366829902 0.2249999949708581
0 0.34916667512152344 0.4549999898299575 0.06833333498798311 0.14999999664723873
0 0.49416667863260955 0.2512499943841249 0.1383333366829902 0.2624999941326678
0 0.7250000175554305 0.38749999133870006 0.06666666828095913 0.1149999974295497
0 0.8366666869260371 0.5749999871477485 0.12000000290572643 0.2249999949708581
0 0.7783333521801978 0.5412499879021198 0.11000000266358256 0.18249999592080712
0 0.8900000215508044 0.5012499887961894 0.09333333559334278 0.16249999636784196
0 0.9491666896501556 0.4174999906681478 0.07166666840203106 0.11999999731779099
