0 0.19363636494381353 0.5339285744121298 0.045454545761458576 0.11785714351572096
0 0.29909091111039743 0.5500000030733645 0.06000000040512532 0.12857142928987741
0 0.26272727450123057 0.498214288498275 0.045454545761458576 0.10357142915017903
0 0.34000000229571015 0.48750000272411853 0.03636363660916686 0.08214285760186613
0 0.3900000026333146 0.5303571458207443 0.045454545761458576 0.11071428633295
0 0.41909091192064807 0.29285714449360967 0.04909090942237526 0.09285714337602258
0 0.48090909415623173 0.435714288149029 0.038181818439625204 0.07142857182770967
0 0.6863636409980245 0.3107142874505371 0.03454545477870852 0.06428571464493871
0 0.6245454587624408 0.6839285752503201 0.08909090969245881 0.18928571534343064
0 0.7245454594376497 0.6410714321536943 0.07454545504879206 0.1750000009778887
0 0.8590909148915671 0.760714289965108 0.13636363728437573 0.30000000167638063
0 0.8590909148915671 0.5589285745518282 0.056363636744208634 0.11785714351572096
0 0.8490909148240462 0.46607143117580563 0.050909091252833605 0.11071428633295
0 0.8081818236387335 0.47500000265426934 0.04181818210054189 0.09285714337602258
0 0.7645454597077332 0.43750000244472176 0.038181818439625204 0.07500000041909516
0 0.7563636414706707 0.5339285744121298 0.04363636393100023 0.11071428633295
0 0.7163636412005872 0.45000000251457095 0.03636363660916686 0.07142857182770967
0 0.9136363698053174 0.4303571452619508 0.056363636744208634 0.08214285760186613
0 0.9000000060768798 0.48750000272411853 0.032727272948250175 0.08214285760186613
0 0.9636363701429218 0.49285714561119676 0.05454545491375029 0.12142857210710645
