0 0.09501844833721407 0.7194444317137823 0.06211561994859949 0.08888888731598854
0 0.24538744910387322 0.6935185062466189 0.051660515600815415 0.0685185173060745
0 0.4790897815837525 0.6569444328197278 0.04674046649597585 0.06944444321561605
0 0.513222622248577 0.6486110996338539 0.03997539897682145 0.06944444321561605
0 0.6838868255726993 0.6314814703073353 0.034440343733876944 0.042592591838911176
0 0.7438499240379315 0.6226851741666906 0.030135300767142326 0.05462962866295129
0 0.8299507833726238 0.6249999889405444 0.025215251662302762 0.042592591838911176
0 0.8785362682829145 0.6138888780260459 0.025215251662302762 0.04074074001982808
0 0.9837023178988602 0.5648148048203439 0.02275522710988298 0.0333333327434957
0 0.9541820232698228 0.5611111011821777 0.0202952025574632 0.029629629105329514
0 0.9154366365692113 0.5407407311722636 0.016605165728833526 0.03148148092441261
0 0.8548585319658741 0.5333333238959312 0.020910208695568144 0.0333333327434957
0 0.8121156053675804 0.49629628751426935 0.02152521483367309 0.04074074001982808
0 0.7527675130404532 0.5763888786896132 0.023370233247987926 0.032407406833954155
0 0.714944635546999 0.5824073971016333 0.017835178005043417 0.0351851845625788
0 0.7475399608665612 0.5175925834337249 0.014145141176413745 0.025925925467163324
0 0.7450799363141414 0.484722213645 0.014145141176413745 0.023148147738538682
0 0.7253997398947831 0.5055555466096848 0.015375153452623636 0.02777777728624642
0 0.7170971570303664 0.4833333247806877 0.012300122762098908 0.018518518190830946
0 0.6955719421966933 0.5064814725192264 0.01476014731451869 0.022222221828997135
0 0.6786592733988073 0.48749999137362465 0.011685116623993963 0.019444444100372493
0 0.6506764941150323 0.4879629543283954 0.01476014731451869 0.02407407364808023
0 0.6183886718645226 0.5138888797955588 0.016605165728833526 0.0333333327434957
0 0.5658056470565498 0.46157406590646133 0.011070110485889018 0.021296295919455588
0 0.5507379966729786 0.4777777693234384 0.015375153452623636 0.02037037000991404
0 0.42558424756862223 0.4092592520173639 0.012300122762098908 0.02407407364808023
0 0.024292742455145344 0.5374999904888682 0.033825337595772 0.056481480482034385
0 0.040282902045873925 0.5018518429715186 0.03259532531956211 0.046296295477077365
0 0.015067650383571163 0.4671296213637106 0.017835178005043417 0.03425925865303725
0 0.07933579181553796 0.48055554705206305 0.022140220971778035 0.03703703638166189
0 0.1082410803064704 0.4606481399969198 0.022140220971778035 0.03055555501487106
0 0.13038130127824843 0.48055554705206305 0.022140220971778035 0.03888888820074499
0 0.13899138721171767 0.5398148052627221 0.0270602700766176 0.05185185093432665
0 0.1599015959072858 0.5060185095644556 0.020910208695568144 0.04537036956753582
0 0.21586715447483584 0.509259250247851 0.023370233247987926 0.04074074001982808
0 0.24200491534429602 0.5898148043779656 0.03874538670061156 0.05185185093432665
0 0.2601475964183919 0.5157407316146418 0.0270602700766176 0.03888888820074499
0 0.3874538670061156 0.5671296195941977 0.035670356010086834 0.052777776843868196
0 0.48400983068859205 0.5476851754938252 0.017220171866938472 0.039814814110286534
0 0.4855473460338544 0.5217592500266619 0.02275522710988298 0.03055555501487106
0 0.4621771127858665 0.5129629538860172 0.017835178005043417 0.0351851845625788
0 0.4520295115071349 0.4916666579665616 0.020910208695568144 0.022222221828997135
0 0.43081179974251427 0.4763888804591261 0.02152521483367309 0.02685185137670487
0 0.37822877493454143 0.46805554727325216 0.0135301350383088 0.021296295919455588
0 0.34409593426971696 0.47499999159481376 0.0202952025574632 0.025925925467163324
0 0.31519064577878453 0.4564814734039828 0.015375153452623636 0.022222221828997135
0 0.275830252940068 0.45555554749444127 0.012915128900203854 0.022222221828997135
0 0.26107010562554933 0.45416665863012895 0.009225092071574181 0.019444444100372493
0 0.4880073705862742 0.47870369523297995 0.012915128900203854 0.02407407364808023
0 0.4913899043458514 0.46435184363508597 0.01599015959072858 0.021296295919455588
0 0.5070725608675275 0.474537028640043 0.009225092071574181 0.023148147738538682
0 0.5135301253176294 0.4851851765997708 0.01476014731451869 0.022222221828997135
0 0.5249077388725709 0.5231481388909742 0.015375153452623636 0.02407407364808023
0 0.5495079843967687 0.4976851763785817 0.016605165728833526 0.02685185137670487
0 0.5651906409184448 0.5425925829913467 0.020910208695568144 0.03888888820074499
0 0.6073185613786336 0.5398148052627221 0.017835178005043417 0.0351851845625788
0 0.5836408250615932 0.5847222118754871 0.02952029462903738 0.04351851774845272
0 0.6629766168771312 0.5652777677751146 0.024600245524197817 0.04537036956753582
0 0.6835793225036468 0.5805555452825502 0.0202952025574632 0.0351851845625788
