0 0.07708333735354245 0.6847222388023511 0.054166669491678476 0.08055555750615895
0 0.12291667307727039 0.7333333510905504 0.06250000325962901 0.1000000024214387
0 0.05000000260770321 0.8222222421318293 0.07916667079553008 0.11666666949167848
0 0.21875001140870154 0.6819444609573111 0.05000000260770321 0.08055555750615895
0 0.34375001792795956 0.8513889095047489 0.06666667014360428 0.12500000302679837
0 0.34791668481193483 0.7541666849283502 0.058333336375653744 0.08055555750615895
0 0.38125001988373697 0.6972222391050309 0.03750000195577741 0.06666666828095913
0 0.49166669230908155 0.6972222391050309 0.041666668839752674 0.0611111125908792
0 0.5270833608228713 0.7569444627733901 0.05000000260770321 0.08055555750615895
0 0.5395833614747971 0.843055575969629 0.06250000325962901 0.09722222457639873
0 0.5750000299885869 0.9458333562361076 0.09166667144745588 0.09722222457639873
0 0.6750000352039933 0.7152777950977907 0.041666668839752674 0.05833333474583924
0 0.7500000391155481 0.5416666797827929 0.041666668839752674 0.06666666828095913
0 0.7322917048586532 0.7722222409211099 0.047916669165715575 0.07222222397103906
0 0.7895833745133132 0.7041666837176308 0.04583333572372794 0.07500000181607902
0 0.8260417097480968 0.8319444645894691 0.06041666981764138 0.10277778026647866
0 0.8614583782618865 0.7583333516959101 0.047916669165715575 0.08333333535119891
