0 0.04218750062864274 0.8942065143492073 0.08125000121071935 0.1863979776389897
0 0.06250000093132257 0.8161208750680089 0.07187500107102096 0.11586901312693954
0 0.13906250207219273 0.7418135731713846 0.059375000884756446 0.1083123383577913
0 0.18046875268919393 0.7506296937353909 0.07343750109430403 0.130982362665236
0 0.2523437537602149 0.8702770442469046 0.11093750165309757 0.19899243558757007
0 0.17109375254949555 0.9269521050155163 0.15156250225845724 0.14609571220353246
0 0.2695312540163286 0.7493702479405329 0.06718750100117177 0.11335012153722346
0 0.35859375534346327 0.7430730189662427 0.05781250086147338 0.10579344676807523
0 0.3976562559255399 0.8085642002988607 0.08593750128056854 0.15617127856239676
0 0.49375000735744834 0.9093198638875037 0.14687500218860805 0.18136019445955753
0 0.49375000735744834 0.7682619348634034 0.07812500116415322 0.11083122994750738
0 0.5500000081956387 0.7430730189662427 0.059375000884756446 0.10579344676807523
0 0.6109375091036782 0.7959697423502803 0.08125000121071935 0.1511334953829646
0 0.6781250101048499 0.7959697423502803 0.07500000111758709 0.130982362665236
0 0.6937500103376806 0.7002518619410694 0.059375000884756446 0.10579344676807523
0 0.9625000143423676 0.6851385124027729 0.07187500107102096 0.12594457948580384
