1 0.5673828125 0.1666666668606922 0.05078125 0.13002364081330597
1 0.650390625 0.14420803799293935 0.05078125 0.13711583940312266
1 0.7490234375 0.12411347532179207 0.04296875 0.1158392436336726
1 0.78564453125 0.17612293164711446 0.0126953125 0.040189125342294574
1 0.30029296875 0.13829787250142545 0.0458984375 0.1347517732065171
1 0.4091796875 0.12647754151839763 0.037109375 0.09219858166761696
1 0.521484375 0.13120567391160876 0.03515625 0.08747044927440584
1 0.81689453125 0.1737588654505089 0.0107421875 0.026004728162661195
1 0.86279296875 0.17730496474541724 0.0107421875 0.02364066196605563
1 0.22998046875 0.01536643027793616 0.0048828125 0.011820330983027816
1 0.22509765625 0.010638297884725034 0.0048828125 0.011820330983027816
0 0.96923828125 0.34278959850780666 0.0302734375 0.0898345154710114
