0 0.06666666828095913 0.5249999882653356 0.033333334140479565 0.04999999888241291
0 0.05833333474583924 0.47999998927116394 0.02666666731238365 0.04499999899417162
0 0.10250000248197466 0.3399999924004078 0.031666667433455586 0.04999999888241291
0 0.1375000033294782 0.4774999893270433 0.031666667433455586 0.0549999987706542
0 0.18000000435858965 0.4599999897181988 0.033333334140479565 0.04999999888241291
0 0.1908333379542455 0.43749999022111297 0.025000000605359674 0.03999999910593033
0 0.19750000478234142 0.5012499887961894 0.03500000084750354 0.052499998826533556
0 0.22583333880174905 0.4237499905284494 0.025000000605359674 0.03749999916180968
0 0.2450000059325248 0.4737499894108623 0.02666666731238365 0.05749999871477485
0 0.2750000066589564 0.4824999892152846 0.030000000726431608 0.04999999888241291
0 0.307500007445924 0.5562499875668436 0.051666667917743325 0.07749999826774001
0 0.3275000079302117 0.5124999885447323 0.0383333342615515 0.07499999832361937
0 0.31833334104157984 0.4499999899417162 0.033333334140479565 0.03999999910593033
0 0.31166667421348393 0.3499999921768904 0.023333333898335695 0.03499999921768904
0 0.3900000094436109 0.47624998935498297 0.030000000726431608 0.052499998826533556
0 0.37916667584795505 0.43749999022111297 0.025000000605359674 0.03999999910593033
0 0.3975000096252188 0.4387499901931733 0.021666667191311717 0.047499998938292265
0 0.460000011138618 0.43124999036081135 0.023333333898335695 0.03749999916180968
0 0.4666666779667139 0.4512499899137765 0.02666666731238365 0.047499998938292265
0 0.47000001138076186 0.49624998890794814 0.043333334382623434 0.06249999860301614
0 0.49500001198612154 0.5449999878183007 0.060000001452863216 0.08999999798834324
0 0.5100000123493373 0.433749990304932 0.023333333898335695 0.03249999927356839
0 0.5025000121677294 0.41499999072402716 0.01833333377726376 0.024999999441206455
0 0.5633333469741046 0.43124999036081135 0.02000000048428774 0.03749999916180968
0 0.5825000141048804 0.511249988572672 0.04833333450369537 0.0824999981559813
0 0.5816666807513684 0.3574999920092523 0.02666666731238365 0.03499999921768904
0 0.609166681417264 0.4124999907799065 0.025000000605359674 0.03999999910593033
0 0.6566666825674474 0.43124999036081135 0.02666666731238365 0.042499999050050974
0 0.685833349940367 0.3349999925121665 0.021666667191311717 0.03999999910593033
0 0.7200000174343586 0.49249998899176717 0.04000000096857548 0.07499999832361937
0 0.7066666837781668 0.4674999895505607 0.033333334140479565 0.0549999987706542
0 0.761666685109958 0.46374998963437974 0.030000000726431608 0.05749999871477485
0 0.7975000193109736 0.48624998913146555 0.03500000084750354 0.05749999871477485
0 0.840000020340085 0.46499998960644007 0.030000000726431608 0.05999999865889549
0 0.8533333539962769 0.43624999024905264 0.02000000048428774 0.042499999050050974
0 0.915000022156164 0.45249998988583684 0.033333334140479565 0.0549999987706542
0 0.9516666897106916 0.4387499901931733 0.030000000726431608 0.052499998826533556
