0 0.18343899186584167 0.3925104152876884 0.03565768740372732 0.06102635432034731
0 0.1616481828968972 0.37101249501574785 0.025356577709317207 0.04576976574026048
0 0.150950876675779 0.34604716824833304 0.027733756869565696 0.04576976574026048
0 0.12797147812671028 0.3266296918736771 0.024564184655901045 0.048543690936639905
0 0.17987322312546894 0.32524272927548736 0.023771791602484882 0.04576976574026048
0 0.22860539591056295 0.3058252529008314 0.021394612442236394 0.048543690936639905
0 0.2575277423602529 0.3155339910881594 0.026941363816149533 0.0596393917221576
0 0.32646593800745904 0.2822468887316063 0.026941363816149533 0.06518724211491644
0 0.33676704770186916 0.24410541728138924 0.028526149922981858 0.05547850392758846
0 0.3399366199155338 0.3744799015112221 0.03803486656397581 0.072122055105865
0 0.3744057177391369 0.3294036170700565 0.034072901296895 0.056865466525778174
0 0.42432648010435514 0.2968099960125983 0.02931854297639802 0.06102635432034731
