0 0.111083984375 0.5003676568449009 0.13037109375 0.15220588532974944
0 0.17431640625 0.3650735365517903 0.0673828125 0.09926470782374963
0 0.265869140625 0.3297794182144571 0.08349609375 0.12720588484080508
0 0.3466796875 0.3591911834955681 0.0859375 0.15220588532974944
0 0.375244140625 0.5202205984096508 0.15283203125 0.2772058877744712
0 0.545654296875 0.5158088336174842 0.21337890625 0.36102941882563755
0 0.516357421875 0.27867647603852674 0.06689453125 0.1294117672368884
0 0.65380859375 0.2797794172365684 0.0625 0.11102941393619403
0 0.708984375 0.2889705938869156 0.1220703125 0.16911765036638826
0 0.87646484375 0.3158088297059294 0.162109375 0.27279412298230454
