0 0.23333333898335695 0.3446808401495218 0.060000001452863216 0.08936169929802418
0 0.17833333765156567 0.308510628528893 0.05000000121071935 0.06808510422706604
0 0.2966666738502681 0.34574466990306973 0.05000000121071935 0.06595744471997023
0 0.30333334067836404 0.29893616074696183 0.033333334140479565 0.048936168663203716
0 0.3583333420101553 0.3393616913817823 0.04666666779667139 0.05744680669158697
0 0.37000000895932317 0.4138297741301358 0.07333333510905504 0.09574467781931162
0 0.44833334418945014 0.33297871286049485 0.05000000121071935 0.0617021257057786
0 0.4000000096857548 0.3531914781779051 0.03666666755452752 0.05106382817029953
0 0.37750000914093107 0.308510628528893 0.03500000084750354 0.042553190141916275
0 0.4141666766954586 0.217021269723773 0.031666667433455586 0.042553190141916275
0 0.4766666782088578 0.3117021177895367 0.02666666731238365 0.04468084964901209
0 0.4966666786931455 0.3829787112772465 0.05000000121071935 0.0765957422554493
0 0.5283333461266011 0.44255317747592926 0.09000000217929482 0.12765957042574883
0 0.686666683293879 0.45744679402559996 0.08666666876524687 0.11063829436898232
0 0.616666681598872 0.3712765839882195 0.0533333346247673 0.07872340176254511
0 0.5466666799038649 0.3287233938463032 0.04666666779667139 0.0617021257057786
0 0.5233333460055292 0.2755319061689079 0.033333334140479565 0.04468084964901209
0 0.5808333473978564 0.30319147976115346 0.02833333401940763 0.05744680669158697
0 0.6425000155577436 0.3106382880359888 0.031666667433455586 0.05106382817029953
0 0.6700000162236392 0.31808509631082416 0.03666666755452752 0.05744680669158697
0 0.7000000169500709 0.3574467971920967 0.05666666803881526 0.0765957422554493
0 0.769166685291566 0.38085105177015066 0.061666668159887195 0.0936170183122158
0 0.8025000194320455 0.3223404153250158 0.041666667675599456 0.05744680669158697
0 0.8600000208243728 0.3702127542346716 0.05666666803881526 0.08510638028383255
0 0.9425000228220597 0.3414893508888781 0.04833333450369537 0.07446808274835348
0 0.9466666895896196 0.5468084933236241 0.1066666692495346 0.1702127605676651
