0 0.061447113039321266 0.42940370758879 0.04943385723163374 0.059629884373862296
0 0.033140016021206975 0.4246059008000884 0.033140016021206975 0.05071967176627368
0 0.11585197267413605 0.41089788140379824 0.041148853226331994 0.060315285343676805
0 0.1770229189132806 0.39016450206690934 0.04142502002650872 0.05791638194932602
0 0.20035901352821384 0.4527073405624833 0.051090858032694086 0.06511309213237837
0 0.254901956563117 0.4340301641350379 0.03921568562509492 0.05791638194932602
0 0.28224246978061274 0.45424949274456594 0.03921568562509492 0.05997258485876955
0 0.29839822759095114 0.39718986200750805 0.0367301844235044 0.052090473705902696
0 0.20367301513033453 0.2078478440962499 0.03286384922103025 0.04420836255303584
0 0.2390223655529553 0.22464016785670538 0.0345208500220906 0.049006169341737404
0 0.27851421797822695 0.22755312197841704 0.030654514819616452 0.04729266691720113
0 0.3319524938124232 0.23406443119165488 0.03534935042262077 0.05414667661534622
0 0.36150234143133275 0.21401645282458048 0.022645677614491433 0.03735435285489075
0 0.3616404248314211 0.45493489371438045 0.04225352042703889 0.05860178291914053
0 0.35128416982479393 0.41483893698023167 0.033692349621560425 0.04694996643229388
0 0.3623308418318629 0.3894791010970948 0.03755868482403457 0.04489376352285035
0 0.38359568544547074 0.2172721074311994 0.023198011214844882 0.03975325624924153
0 0.4193592860683566 0.42032214473874774 0.039491852425271645 0.049006169341737404
0 0.4436619644839084 0.40215901903866325 0.029549847618909553 0.04352296158322133
0 0.45664180409221444 0.37697053339798003 0.03286384922103025 0.04592186497757211
0 0.4703120607009623 0.4508224878954934 0.04197735362686217 0.06545579261728562
0 0.498757241119165 0.43660041777184233 0.03811101842438802 0.061000686313491315
0 0.5785694463702384 0.4551062439568341 0.04308202082756907 0.05894448340404779
0 0.5742888609674992 0.41483893698023167 0.0345208500220906 0.041466758673777804
0 0.5745650277676759 0.3879369489150122 0.027892846817849204 0.03838245430961251
0 0.6244131351995748 0.4114119321311591 0.030930681619793177 0.049691570311551914
0 0.6518917318171589 0.43471556510485243 0.038939518824918196 0.06134338679839857
0 0.5948632875806652 0.22138451325008646 0.034244683221913874 0.05551747855497524
0 0.6743993260315619 0.21127484894532245 0.030930681619793177 0.04283756061340682
0 0.5285832555382513 0.2066483923990745 0.030378348019439727 0.03358464752091095
0 0.5046948273229646 0.21830020888592117 0.01850317561184056 0.026045236852951348
0 0.48412040070979856 0.20373543827736285 0.02485501201590523 0.02844414024730213
0 0.43634354427922517 0.214701853794395 0.032035348820500076 0.04215215964359231
0 0.41797845206747297 0.20562029094435275 0.026788179617142305 0.030157642671838403
0 0.45249930208956357 0.20424948900472373 0.022921844414668158 0.030157642671838403
0 0.7739574574952712 0.22875257367559243 0.09417287886026315 0.130568884749664
0 0.9007180187763879 0.4156956881924998 0.03286384922103025 0.06305688922293484
0 0.9512565432087285 0.459732700503082 0.04556752202915959 0.0709390003758017
