0 0.18750000454019755 0.5384615454822779 0.08166666864417493 0.13609467633068562
0 0.20916667173150927 0.48224852699786425 0.05833333474583924 0.10650887712836266
0 0.17833333765156567 0.41715976875275373 0.03666666755452752 0.06508875824511051
0 0.22083333868067712 0.4260355085134506 0.03500000084750354 0.05917159840464592
0 0.19750000478234142 0.3786982297897339 0.025000000605359674 0.041420118883252144
0 0.1608333372278139 0.369822490029037 0.021666667191311717 0.041420118883252144
0 0.14333333680406213 0.39349112939089537 0.02000000048428774 0.03550295904278755
0 0.13250000320840627 0.37130177998915315 0.021666667191311717 0.04437869880348444
0 0.08083333529066294 0.41124260891228914 0.0383333342615515 0.08284023776650429
0 0.26416667306330055 0.37721893982961774 0.021666667191311717 0.04437869880348444
0 0.28833334031514823 0.4038461591117084 0.023333333898335695 0.056213018484413624
0 0.31000000750645995 0.40236686915159225 0.02666666731238365 0.05325443856418133
0 0.4191666768165305 0.32840237114578485 0.01833333377726376 0.05325443856418133
0 0.4691666780272499 0.37721893982961774 0.021666667191311717 0.03846153896301985
0 0.5208333459449932 0.39053254947066307 0.021666667191311717 0.041420118883252144
0 0.5250000127125531 0.4408284081146121 0.02666666731238365 0.06508875824511051
0 0.5500000133179128 0.4230769285932183 0.030000000726431608 0.05325443856418133
0 0.5750000139232725 0.4008875791914761 0.02000000048428774 0.05029585864394903
0 0.6075000147102401 0.44526627799496055 0.031666667433455586 0.056213018484413624
0 0.616666681598872 0.39644970931112766 0.02000000048428774 0.03550295904278755
0 0.5991666811751202 0.3890532595105469 0.015000000363215804 0.03846153896301985
0 0.6725000162841752 0.3328402410261333 0.031666667433455586 0.04437869880348444
0 0.6741666829911992 0.4630177575163543 0.03500000084750354 0.062130178324878216
0 0.7158333506667987 0.4556213077157736 0.04833333450369537 0.08284023776650429
0 0.6533333491533995 0.519230776000768 0.0533333346247673 0.10946745704859495
0 0.840000020340085 0.5532544450834394 0.09333333559334278 0.16568047553300858
0 0.9025000218534842 0.48816568683832884 0.061666668159887195 0.10059171728789806
