0 0.19813953910488635 0.5083194524049759 0.04093023343011737 0.08485856652259827
0 0.10883721162099391 0.3244592249393463 0.01860465155914426 0.036605656147003174
0 0.25488372636027634 0.22712145745754242 0.014883721247315407 0.02828618884086609
0 0.4241860555484891 0.22296172380447388 0.016744186403229833 0.036605656147003174
0 0.45674419577699155 0.22712145745754242 0.01860465155914426 0.03161397576332092
0 0.42697675328236073 0.27703826129436493 0.01860465155914426 0.041597336530685425
0 0.4883721034275368 0.3136439174413681 0.026046512182801962 0.041597336530685425
0 0.5418604766600765 0.36605656147003174 0.023255814448930323 0.04326122999191284
0 0.7116279221372679 0.15224625170230865 0.016744186403229833 0.03494176268577576
0 0.7413953646318987 0.1555740386247635 0.014883721247315407 0.03161397576332092
0 0.8748837395687588 0.22212977707386017 0.01581395382527262 0.03826954960823059
