0 0.03369140625 0.34505209361668676 0.0361328125 0.052083334885537624
0 0.06494140625 0.36718751094304025 0.0478515625 0.08593750256113708
0 0.10595703125 0.38606771983904764 0.0537109375 0.08203125244472176
0 0.150390625 0.32161459291819483 0.03125 0.052083334885537624
0 0.17578125 0.35742188565200195 0.04296875 0.07161458546761423
0 0.21240234375 0.32812500977888703 0.0283203125 0.052083334885537624
0 0.240234375 0.3470052186748944 0.04296875 0.07161458546761423
0 0.26806640625 0.3359375100117177 0.0302734375 0.052083334885537624
0 0.2607421875 0.49804688984295353 0.10546875 0.1471354210516438
0 0.38818359375 0.5097656401921995 0.0673828125 0.10546875314321369
0 0.5068359375 0.4576823053066619 0.06640625 0.11328125337604433
0 0.4697265625 0.3743489694898017 0.052734375 0.08463541918899864
0 0.43212890625 0.3619791774544865 0.0361328125 0.06250000186264515
0 0.38671875 0.34765626036096364 0.037109375 0.06510416860692203
0 0.373046875 0.28320313344011083 0.037109375 0.055989585001952946
0 0.4169921875 0.3203125095460564 0.029296875 0.04427083465270698
0 0.46484375 0.32226563460426405 0.029296875 0.03776041779201478
0 0.51904296875 0.3294270931510255 0.0224609375 0.04687500139698386
0 0.54248046875 0.35091146879130974 0.0302734375 0.0481770847691223
0 0.5517578125 0.3242187596624717 0.025390625 0.03645833441987634
0 0.5712890625 0.36067709408234805 0.033203125 0.05729166837409139
0 0.59033203125 0.3372395933838561 0.0283203125 0.052083334885537624
0 0.6103515625 0.34179688518634066 0.033203125 0.053385418257676065
0 0.6630859375 0.25781250768341124 0.046875 0.07291666883975267
0 0.65087890625 0.4902343896101229 0.1103515625 0.1575520880287513
0 0.7421875 0.4368489713524468 0.0859375 0.13932292081881315
0 0.7763671875 0.3808593863504939 0.064453125 0.07421875221189111
0 0.7451171875 0.33138021820923313 0.033203125 0.053385418257676065
0 0.82275390625 0.40885417885147035 0.0498046875 0.07031250209547579
0 0.828125 0.36002605239627883 0.03125 0.0481770847691223
0 0.85693359375 0.3430989685584791 0.0341796875 0.06119791849050671
0 0.921875 0.36002605239627883 0.046875 0.06901041872333735
0 0.9765625 0.33789063506992534 0.044921875 0.05859375174622983
