0 0.7416666846256703 0.3187499928753823 0.06333333486691117 0.11749999737367034
0 0.17000000411644578 0.7099999841302633 0.076666668523103 0.11999999731779099
0 0.3975000096252188 0.7487499832641333 0.10500000254251063 0.14749999670311809
0 0.41750001010950655 0.6674999850802124 0.0916666688863188 0.12499999720603228
0 0.5133333457633853 0.7449999833479524 0.08333333535119891 0.1599999964237213
0 0.5950000144075602 0.7687499828170985 0.09333333559334278 0.15249999659135938
0 0.6041666812961921 0.6862499846611172 0.08833333547227085 0.11249999748542905
0 0.6758333496982232 0.7924999822862446 0.13166666985489428 0.1599999964237213
0 0.6608333493350074 0.8924999800510705 0.13166666985489428 0.18499999586492777
0 0.8066666861996055 0.7324999836273491 0.09666666900739074 0.12999999709427357
0 0.844166687107645 0.6887499846052378 0.06833333498798311 0.11749999737367034
