0 0.04181818210054189 0.2789317490532994 0.04363636393100023 0.065281898714602
0 0.20636363775702193 0.2804154285695404 0.038181818439625204 0.05637982161715627
0 0.3800000025657937 0.27448071050457656 0.04727272759191692 0.08011869387701154
0 0.36909091158304363 0.455489611485973 0.06909090955741704 0.12759643839672208
0 0.4818181850714609 0.4139465850312263 0.07272727321833372 0.15133531065657735
0 0.5709090947639197 0.5103857535868883 0.10909090982750058 0.1721068238839507
0 0.5709090947639197 0.42729970067739487 0.050909091252833605 0.08902077097445726
0 0.6854545500827953 0.47626112471334636 0.09818181884475052 0.15133531065657735
0 0.6818181864218786 0.37240355857647955 0.05454545491375029 0.09198813000693917
0 0.7236363685224205 0.40504450793378055 0.05454545491375029 0.12166172033175826
0 0.7809090961818583 0.3709198790602386 0.038181818439625204 0.08902077097445726
0 0.7518181868945248 0.3798219561576843 0.04181818210054189 0.08902077097445726
0 0.8263636419433169 0.3738872380927205 0.04909090942237526 0.08902077097445726
0 0.848181823908817 0.41543026454746723 0.06727272772695869 0.10682492516934872
0 0.8936363696702756 0.586053408915177 0.14727272826712579 0.25816023582592607
0 0.959090915566776 0.47922848374582827 0.08181818237062544 0.15727002872154117
0 0.9090909152291715 0.40207714890129864 0.04727272759191692 0.10385756613686681
0 0.990909097599797 0.28783382615074515 0.01818181830458343 0.029673590324819088
0 0.9445454609231092 0.390207712771371 0.03090909111779183 0.0682492577470839
0 0.9663636428886093 0.3649851609952748 0.045454545761458576 0.07715133484452963
