0 0.07571428490336984 0.6209523743018508 0.07714285631664097 0.09523809421807528
0 0.09714285610243678 0.5504761845804751 0.042857142398133874 0.060952380299568176
0 0.14571428415365517 0.5380952323321253 0.0342857139185071 0.04761904710903764
0 0.1614285696996376 0.5057142802979797 0.0342857139185071 0.04761904710903764
0 0.20285714068450034 0.5438095179852098 0.04571428522467613 0.06285714218392968
0 0.24071428313618526 0.5219047563150525 0.03857142815832049 0.057142856530845165
0 0.26142856862861663 0.5076190421823412 0.03142857109196484 0.05142857087776065
0 0.27928571129450575 0.5038095184136182 0.027142856852151453 0.05142857087776065
0 0.2421428545494564 0.41809523361735046 0.027142856852151453 0.04380952334031463
0 0.4371428524609655 0.7123809447512031 0.11999999871477485 0.16380952205508947
0 0.4235714240348898 0.5980952316895127 0.06428571359720081 0.09142857044935226
0 0.4435714238206856 0.5428571370430291 0.03571428533177823 0.04952380899339914
0 0.4978571375249885 0.5180952325463295 0.027142856852151453 0.0342857139185071
0 0.5128571373643354 0.5333333276212215 0.025714285438880324 0.03809523768723011
0 0.5442857084563002 0.5419047561008483 0.03714285674504936 0.05904761841520667
0 0.6271428504260257 0.6361904693767428 0.07142857066355646 0.08761904668062925
0 0.6649999928777106 0.5771428509615362 0.04999999946448952 0.07238095160573721
0 0.6185714219463989 0.5599999940022826 0.03142857109196484 0.057142856530845165
0 0.5728571367217228 0.519999994430691 0.03142857109196484 0.04190476145595312
0 0.6214285647729412 0.5142857087776065 0.03142857109196484 0.03809523768723011
0 0.6542857072781771 0.523809518199414 0.028571428265422583 0.03809523768723011
0 0.6978571353829466 0.5390476132743061 0.041428570984862745 0.06476190406829119
0 0.7042857067426667 0.9342857042793185 0.11428571306169033 0.13142857002094388
0 0.9299999900395051 0.881904752459377 0.1371428556740284 0.23619047366082668
0 0.9014285617740825 0.7352380873635411 0.1228571415413171 0.16380952205508947
0 0.9414285613456741 0.6695238023530692 0.0685714278370142 0.10095237987115979
0 0.7992857057251967 0.6666666595265269 0.08142857055645436 0.11809523683041334
0 0.8042857056716457 0.5685714224819094 0.05428571370430291 0.08571428479626775
0 0.7507142776739784 0.5628571368288249 0.04714285663794726 0.06666666595265269
0 0.8664285621489398 0.5504761845804751 0.04714285663794726 0.057142856530845165
0 0.8321428482304327 0.5419047561008483 0.027142856852151453 0.04761904710903764
0 0.9092857045470737 0.535238089505583 0.03571428533177823 0.04190476145595312
0 0.9428571327589452 0.5704761843662709 0.059999999357387424 0.0704761897213757
