0 0.46129031549207866 0.2532299808226526 0.012903225608170033 0.02067183516919613
0 0.5370967659400776 0.24289406323805451 0.009677419206127524 0.02067183516919613
0 0.23467741574859247 0.5064599616453052 0.06290322483982891 0.10335917584598064
0 0.2620967701659538 0.4289405797608197 0.053225805633701384 0.08268734067678452
0 0.29112902778433636 0.37984497123397887 0.02419354801531881 0.04134367033839226
0 0.30241935019148514 0.3165374760283157 0.017741935211233795 0.03875969094224274
0 0.34112902701599523 0.29974160995334387 0.017741935211233795 0.031007752753794193
0 0.3185483822016977 0.2894056923687458 0.011290322407148778 0.02583979396149516
0 0.37419354263693094 0.3178294657263905 0.012903225608170033 0.031007752753794193
0 0.3943548326496966 0.31007752753794193 0.014516128809191287 0.031007752753794193
0 0.44354838028084487 0.31912145542446524 0.01612903201021254 0.028423773357644677
0 0.41612902586348355 0.3423772699898109 0.01612903201021254 0.028423773357644677
0 0.38870967144612223 0.37080104334745556 0.025806451216340065 0.043927649734541774
0 0.4241935418685898 0.39276486821472645 0.025806451216340065 0.04134367033839226
0 0.37419354263693094 0.683462550281547 0.08709677285514772 0.14728682558052242
0 0.4766128959017806 0.5167958792299032 0.053225805633701384 0.10852713463827968
0 0.5241935403319076 0.3875969094224274 0.022580644814297557 0.056847546715289354
0 0.48870966990944 0.37080104334745556 0.022580644814297557 0.03875969094224274
0 0.4919354763114825 0.3359173214994371 0.01612903201021254 0.031007752753794193
0 0.4774193475022912 0.3268733936129138 0.009677419206127524 0.03359173214994371
0 0.4596774122910574 0.31266150693409145 0.009677419206127524 0.02067183516919613
0 0.5217741855303757 0.31912145542446524 0.014516128809191287 0.023255814565345645
0 0.5282257983344607 0.3385013008955866 0.017741935211233795 0.031007752753794193
0 0.5419354755431414 0.32816538331098855 0.012903225608170033 0.031007752753794193
0 0.5572580559528433 0.33462533180136234 0.011290322407148778 0.028423773357644677
0 0.5693548299605027 0.3268733936129138 0.012903225608170033 0.023255814565345645
0 0.5935483779758215 0.3514211978763342 0.01612903201021254 0.031007752753794193
0 0.5870967651717365 0.37467701244167984 0.01935483841225505 0.031007752753794193
0 0.5887096683727577 0.4121447136858478 0.03225806402042508 0.05426356731913984
0 0.5766128943650983 0.8333333552582189 0.08548386965412647 0.19896641350351274
0 0.04838709603063762 0.42635660036467016 0.05483870883472264 0.08785529946908355
0 0.12338709487812594 0.3385013008955866 0.04354838642757386 0.06201550550758839
0 0.1790322553133592 0.31524548633024096 0.029032257618382573 0.04134367033839226
0 0.20967741613276303 0.3074935481417924 0.01935483841225505 0.036175711546093225
0 0.22580644814297557 0.30620155844371766 0.022580644814297557 0.03359173214994371
0 0.2677419313695282 0.2919896717648953 0.012903225608170033 0.02067183516919613
0 0.05241935403319076 0.3410852802917361 0.04032258002553135 0.05167958792299032
0 0.08629032125463709 0.32428941421676427 0.02741935441736132 0.043927649734541774
0 0.09435483725974336 0.2932816614629701 0.02419354801531881 0.043927649734541774
0 0.024999999615829438 0.29715763055719435 0.030645160819403827 0.04651162913069129
0 0.011290322407148778 0.2687338571995497 0.01935483841225505 0.031007752753794193
0 0.06451612804085016 0.2687338571995497 0.01935483841225505 0.02583979396149516
0 0.10806451446842402 0.2519379911245778 0.01612903201021254 0.03359173214994371
0 0.1403225784888491 0.26356589840725064 0.01612903201021254 0.031007752753794193
0 0.15725806209957227 0.2674418675014749 0.014516128809191287 0.028423773357644677
0 0.1999999969266355 0.28165375418029726 0.012903225608170033 0.02067183516919613
0 0.7314516016631387 0.35271318757440895 0.017741935211233795 0.028423773357644677
0 0.7564516012789682 0.3759690021397546 0.01935483841225505 0.03359173214994371
0 0.7943548265029676 0.37080104334745556 0.020967741613276303 0.028423773357644677
0 0.8298386969254352 0.36434109485708177 0.014516128809191287 0.031007752753794193
0 0.8153225681162439 0.3888888991205022 0.020967741613276303 0.043927649734541774
0 0.8733870833530091 0.41085272398777306 0.033870967221446335 0.056847546715289354
0 0.8419354709330946 0.46382430160883814 0.0387096768245101 0.0645994849037379
0 0.9096774053759873 0.41472869308199733 0.025806451216340065 0.05943152611143887
0 0.9701612754142843 0.528423786512576 0.049999999231658876 0.080103361280635
0 0.9645161142107099 0.4534883840242401 0.0387096768245101 0.05426356731913984
0 0.9846774042234756 0.40826874459162354 0.030645160819403827 0.06718346429988742
