0 0.9840163943590596 0.2607944725314155 0.010655737714841962 0.03799654566682875
0 0.9520491812145337 0.25043177825864404 0.010655737714841962 0.03799654566682875
0 0.9299180336529389 0.27461139822844416 0.012295081978663802 0.03799654566682875
0 0.9774590173037723 0.3134715017513372 0.012295081978663802 0.03972366137895733
0 0.9737704927101731 0.3385146795772016 0.013114754110574722 0.04490500851534307
0 0.9770491812378168 0.3747841095319018 0.014754098374396563 0.04835923993960023
0 0.9524590172804892 0.3877374773728661 0.018032786902040243 0.06044904992450029
0 0.929098361521028 0.35060448956210166 0.015573770506307483 0.05181347136385739
0 0.9561475418740883 0.4835923993960023 0.020491803297773004 0.07253885990940034
0 0.8758196729468182 0.4326424858882092 0.022131147561594844 0.07081174419727176
0 0.8618852467043325 0.4930915358127095 0.025409836089238524 0.08808290131855756
0 0.8618852467043325 0.3713298781076446 0.017213114770129323 0.05526770278811455
0 0.8709016401553527 0.31951640674378723 0.017213114770129323 0.04490500851534307
0 0.867622951627709 0.23402417899342254 0.010655737714841962 0.03972366137895733
0 0.9057377057615668 0.23488773684948683 0.013114754110574722 0.03799654566682875
0 0.9016393451020122 0.2642487039556727 0.013114754110574722 0.04145077709108591
0 0.8848360663978383 0.24438687326619402 0.012295081978663802 0.029360967106185853
0 0.8864754106616601 0.28238341893302277 0.015573770506307483 0.05354058707598597
0 0.8081967220641673 0.1951640754705295 0.013114754110574722 0.04490500851534307
0 0.8307377056917176 0.22193436900852248 0.013934426242485642 0.04317789280321449
0 0.8184426237130538 0.22625215828884393 0.015573770506307483 0.04145077709108591
0 0.8122950827237219 0.30224524962250143 0.018032786902040243 0.05872193421237171
0 0.7918032794259489 0.2616580303874798 0.016393442638218403 0.05354058707598597
0 0.7877049187663943 0.2107081168796867 0.014754098374396563 0.04145077709108591
0 0.7680327876005322 0.19170984404627234 0.014754098374396563 0.03799654566682875
0 0.7467213121708483 0.1960276333265938 0.011475409846752882 0.03626942995470017
0 0.7475409843027592 0.3056994810467586 0.018032786902040243 0.05526770278811455
0 0.7299180334666744 0.22452504257671535 0.013934426242485642 0.03799654566682875
0 0.7364754105219617 0.24179619969800115 0.013934426242485642 0.04835923993960023
0 0.7254098367411643 0.2867012082133442 0.018032786902040243 0.05181347136385739
0 0.6926229514647275 0.2124352325918153 0.014754098374396563 0.04490500851534307
0 0.6852459022775292 0.13903281482635066 0.011475409846752882 0.03281519853044301
0 0.6840163940796629 0.16580310836434364 0.013934426242485642 0.031088082818314433
0 0.7036885252455249 0.16666666622040793 0.010655737714841962 0.029360967106185853
0 0.626229508779943 0.13212435197783634 0.011475409846752882 0.03626942995470017
0 0.5934426235035062 0.1183074262808077 0.011475409846752882 0.03281519853044301
0 0.5704918038100004 0.13816925697028637 0.013114754110574722 0.03454231424257159
0 0.6012295087566599 0.1606217612279579 0.013934426242485642 0.03799654566682875
0 0.5463114759186283 0.1433506041066721 0.012295081978663802 0.03799654566682875
0 0.5491803283803165 0.16666666622040793 0.013114754110574722 0.03626942995470017
0 0.5741803284035996 0.1770293604931794 0.013934426242485642 0.04317789280321449
0 0.5717213120078668 0.20207253831904382 0.013934426242485642 0.04145077709108591
0 0.5106557381805032 0.17184801335679367 0.014754098374396563 0.04663212422747165
0 0.5172131152357906 0.16580310836434364 0.013114754110574722 0.04145077709108591
0 0.54344262345694 0.2288428318570368 0.014754098374396563 0.04663212422747165
0 0.48401639389339834 0.15544041409157217 0.013934426242485642 0.03799654566682875
0 0.48483606602530926 0.16234887694008648 0.013934426242485642 0.04145077709108591
0 0.4844262299593538 0.21675302187213674 0.016393442638218403 0.05008635565172881
0 0.41721311514265835 0.1701208976446651 0.013114754110574722 0.03281519853044301
0 0.4250000003958121 0.19689119118265808 0.013934426242485642 0.04145077709108591
0 0.43483606597874314 0.1683937819325365 0.013934426242485642 0.03972366137895733
0 0.4606557381339371 0.25129533611470833 0.018032786902040243 0.05354058707598597
0 0.38032786920666695 0.19170984404627234 0.014754098374396563 0.03799654566682875
0 0.384836065932177 0.25043177825864404 0.013934426242485642 0.04490500851534307
0 0.4270491807255894 0.3126079438952729 0.018032786902040243 0.05872193421237171
0 0.29631147568579763 0.21848013758426532 0.017213114770129323 0.03972366137895733
0 0.3077868855325505 0.23056994756916538 0.022131147561594844 0.05008635565172881
0 0.3377049183472991 0.21502590616000816 0.014754098374396563 0.04317789280321449
0 0.3500000003259629 0.19948186475085095 0.014754098374396563 0.03626942995470017
0 0.35655737738125026 0.271157166804187 0.018032786902040243 0.05872193421237171
0 0.2553278690902516 0.24352331541012973 0.015573770506307483 0.03799654566682875
0 0.18237704935017973 0.29792746034218 0.015573770506307483 0.04663212422747165
0 0.21270491823088378 0.2944732289179228 0.018852459033951163 0.05008635565172881
0 0.7860655745025724 0.45336787443375215 0.024590163957327604 0.09153713274281472
0 0.7266393449390307 0.42055267590330914 0.022131147561594844 0.07081174419727176
0 0.6528688530670479 0.4257340230396949 0.025409836089238524 0.0673575127730146
0 0.6098360661417246 0.2953367867739871 0.018032786902040243 0.05526770278811455
0 0.6598360661882907 0.24956822040257975 0.019672131165862083 0.06044904992450029
0 0.6500000006053597 0.1450777198188007 0.011475409846752882 0.04145077709108591
0 0.6606557383202016 0.13989637268241495 0.013114754110574722 0.03454231424257159
0 0.6528688530670479 0.18048359191743657 0.012295081978663802 0.03972366137895733
0 0.6053278694162145 0.178756476205308 0.013934426242485642 0.03972366137895733
0 0.60573770548217 0.1960276333265938 0.013114754110574722 0.04317789280321449
0 0.5684426234802231 0.34196891100145876 0.020491803297773004 0.06563039706088603
0 0.6045081972843036 0.36873920453945175 0.022131147561594844 0.0673575127730146
0 0.07172131154220551 0.5716753007145599 0.04672131151892245 0.12089809984900057
