0 0.27821180762839504 0.6111653827974806 0.06423611158970743 0.0992838571255561
0 0.1933593764406396 0.583658871561056 0.060329861560603604 0.10351562808500603
0 0.07714843807480065 0.5654297043511178 0.05186631983087864 0.09244791942182928
0 0.06250000046566129 0.47298178492928855 0.023437500174622983 0.04231770959449932
0 0.12434895925980527 0.4459635549574159 0.017795139021473005 0.025390625756699592
0 0.1372612857448985 0.472167982821702 0.02365451406512875 0.033528646832564846
0 0.14594184136512922 0.455078138562385 0.01584201400692109 0.029947917559184134
0 0.17545573047391372 0.4544270968763158 0.01844618069299031 0.029947917559184134
0 0.18598090416344348 0.4514974092890043 0.010850694525288418 0.02408854238456115
0 0.20540364736370975 0.46940105565590784 0.02365451406512875 0.038411459478084
0 0.21289062658615876 0.45345053434721194 0.01605902789742686 0.02473958407063037
0 0.2256944461259991 0.4576823053066619 0.019097222364507616 0.031250000931322575
0 0.2324218767316779 0.4778645975748077 0.02647569464170374 0.04622395971091464
0 0.23014323088136734 0.44433595074224286 0.01193576397781726 0.02408854238456115
0 0.24674479350505862 0.45963543036486953 0.019531250145519152 0.034505209361668676
0 0.2879774327011546 0.47623699335963465 0.020399305707542226 0.03580729273380712
0 0.28483073128882097 0.45100912802445237 0.014973958444898017 0.02180989648331888
0 0.30088975918624783 0.45426433645479847 0.013671875101863407 0.02376302154152654
0 0.32541232881339965 0.458821628257283 0.017578125130967237 0.030924480088287964
0 0.36100260685634566 0.5262044427654473 0.03580729193345178 0.06022135596140288
0 0.37836371809680713 0.47965496221149806 0.014973958444898017 0.029622396716149524
0 0.3929036487606936 0.47363282661535777 0.02235243072209414 0.03906250116415322
0 0.36577691244747257 0.4713541807141155 0.016276041787932627 0.026041667442768812
0 0.3572048637724947 0.46305339921673294 0.013020833430346102 0.0224609381693881
0 0.3537326415244024 0.4495442842307966 0.013888888992369175 0.02213541732635349
0 0.3299696205140208 0.4490560029662447 0.012369791758828796 0.019205729739042
0 0.3993055585306138 0.45393881561176386 0.011718750087311491 0.02180989648331888
0 0.40570746830053395 0.45996095120790415 0.010199652853771113 0.02278645901242271
0 0.41677517671632813 0.4715169411356328 0.01844618069299031 0.026367188285803422
0 0.4445529547010665 0.4747721495659789 0.02105034737905953 0.033528646832564846
0 0.4575737881314126 0.4656575659610098 0.014105902882874943 0.02506510491366498
0 0.44900173945643473 0.45670574277755804 0.011284722306299955 0.016276042151730508
0 0.4555121561716078 0.45035808633838315 0.013020833430346102 0.02050781311118044
0 0.47775607994844904 0.4749349099874962 0.021918402941082604 0.03645833441987634
0 0.4734158021383337 0.45735678446362726 0.012369791758828796 0.02408854238456115
0 0.4849175383351394 0.45686850319907535 0.009765625072759576 0.01790364636690356
0 0.4926215314480942 0.462565117952181 0.009982638963265345 0.01888020889600739
0 0.49153646199556533 0.449218763387762 0.010850694525288418 0.01888020889600739
0 0.5054253509879345 0.455078138562385 0.008680555620230734 0.01822916720993817
0 0.5146484413344297 0.4641927221673541 0.012369791758828796 0.026041667442768812
0 0.4828559063753346 0.5493164226209046 0.045572917006211355 0.08626302340417169
0 0.5885416710516438 0.6940104373497888 0.07942708392511122 0.12109375360887498
0 0.5542534763517324 0.520182307169307 0.02777777798473835 0.04687500139698386
0 0.5467664971292834 0.49544272309867665 0.018880208474001847 0.030598959245253354
0 0.544270837388467 0.46402996174583677 0.015190972335403785 0.027018229971872643
0 0.5296223997793277 0.45703126362059265 0.011501736196805723 0.01953125058207661
0 0.5520833374466747 0.45410157603328116 0.007812500058207661 0.013020833721384406
0 0.5590277819428593 0.4589843886788003 0.010416666744276881 0.02083333395421505
0 0.5692274347966304 0.455078138562385 0.008246527839219198 0.015625000465661287
0 0.5793185807051486 0.45410157603328116 0.01193576397781726 0.02148437564028427
0 0.5840928862962755 0.47037761818501167 0.016276041787932627 0.028645834187045693
0 0.6219618101895321 0.5413411619665567 0.0342881946999114 0.04361979296663776
0 0.6620008729878464 0.5107422027213033 0.030164930780301802 0.0481770847691223
0 0.733506949909497 0.5454101725044893 0.0342881946999114 0.053059897414641455
0 0.8399522632025764 0.5966797052824404 0.05403645873593632 0.07486979389796034
0 0.8247612908671726 0.5170898591604782 0.02929687521827873 0.04459635549574159
0 0.881618930179684 0.551106787257595 0.03190104190434795 0.04557291802484542
0 0.90592448591633 0.5320638179400703 0.03059895856131334 0.04785156392608769
0 0.9397786528352299 0.48291017064184416 0.009765625072759576 0.02180989648331888
0 0.928385423583677 0.48632813949370757 0.011718750087311491 0.02278645901242271
0 0.9123263956862502 0.4843750144354999 0.011718750087311491 0.02083333395421505
0 0.8971354233508464 0.4873047020228114 0.013020833430346102 0.02148437564028427
0 0.9027777845039964 0.4777018371532904 0.010416666744276881 0.017252604680834338
0 0.8814019162891782 0.48225912895577494 0.012803819539840333 0.01855468805297278
0 0.8692491384208552 0.47347006619384047 0.01063368063478265 0.016601562994765118
0 0.8631727494866936 0.4816080872697057 0.010199652853771113 0.01790364636690356
0 0.8542751799759571 0.48909506665950175 0.01453993066388648 0.025716146599734202
0 0.8423394159981399 0.4754231912520481 0.011501736196805723 0.01790364636690356
0 0.8293185825677938 0.4804687643190846 0.01323784732085187 0.02343750069849193
0 0.8136935824513785 0.47281902450777125 0.011067708415794186 0.01985677142511122
0 0.8008897629115381 0.47656251420266926 0.013671875101863407 0.02473958407063037
0 0.7927517420175718 0.47639975378115196 0.013454861211357638 0.026367188285803422
0 0.7837456655615824 0.4775390767317731 0.010199652853771113 0.017578125523868948
0 0.7621527834562585 0.47900392052542884 0.013454861211357638 0.025716146599734202
0 0.6976996579760453 0.4648437638534233 0.012152777868323028 0.02148437564028427
0 0.6077474003614043 0.4586588678357657 0.010199652853771113 0.014973958779592067
0 0.6272786505069234 0.46272787837369833 0.012369791758828796 0.017252604680834338
0 0.6399739631015109 0.462565117952181 0.011284722306299955 0.02148437564028427
0 0.6495225742837647 0.46647136806859635 0.010850694525288418 0.02018229226814583
0 0.6621093799330993 0.46305339921673294 0.010850694525288418 0.019205729739042
0 0.6868489634507569 0.4615885554230772 0.012152777868323028 0.01888020889600739
