0 0.09791667177341878 0.40138889860827476 0.14583334093913436 0.20277778268791735
0 0.02604166802484542 0.30972222972195596 0.047916669165715575 0.11388889164663851
0 0.1291666734032333 0.22500000544823706 0.05000000260770321 0.1000000024214387
0 0.2406250125495717 0.19722222699783742 0.03541666851378977 0.07222222397103906
0 0.33750001760199666 0.2611111174337566 0.07916667079553008 0.1222222251817584
0 0.4083333546295762 0.20416667161043733 0.03750000195577741 0.06944444612599909
0 0.4458333565853536 0.2222222276031971 0.05000000260770321 0.08888889104127884
0 0.7072917035548016 0.2527777838986367 0.05208333604969084 0.08888889104127884
0 0.744791705510579 0.22777778329327703 0.08125000423751771 0.1444444479420781
0 0.9447917159413919 0.3986111207632348 0.11041667242534459 0.24722222820855677
0 0.6947917029028758 0.19305556023027748 0.03541666851378977 0.06944444612599909
