0 0.19291754491860047 0.35834896843880415 0.04122621507849544 0.07129455916583538
0 0.2906976704252884 0.21013133227825165 0.014799154130741954 0.03001876175403595
0 0.30179703602334484 0.22607879946008325 0.013742071692831814 0.028142589144408703
0 0.3150105664972216 0.24202626664191484 0.016913319006562233 0.03752345219254494
0 0.34513741597766057 0.2532833022996783 0.02008456632029265 0.04127579741179943
0 0.3810782188666053 0.2439024392515421 0.015856236568652093 0.03001876175403595
0 0.41543339809868485 0.22514071315526962 0.019027483882382512 0.03752345219254494
0 0.41014798590913415 0.20544090075418353 0.014799154130741954 0.028142589144408703
0 0.3868921722751111 0.1998123829253018 0.014799154130741954 0.028142589144408703
0 0.3705073944875039 0.19512195140123367 0.015856236568652093 0.03377110697329044
0 0.35095136938616633 0.18480300204828382 0.016913319006562233 0.02439024392515421
0 0.34196616866393015 0.16979362117126584 0.013742071692831814 0.028142589144408703
0 0.439217752951663 0.216697936411947 0.015856236568652093 0.0318949343636632
0 0.48044396803015843 0.216697936411947 0.013742071692831814 0.03564727958291769
0 0.416490480536595 0.17354596639052033 0.014799154130741954 0.028142589144408703
0 0.4201902690692805 0.13789868680760264 0.011627906817011535 0.02439024392515421
0 0.4460887887980789 0.16604127595201135 0.014799154130741954 0.020637898705899715
0 0.4719873085268773 0.17729831160977483 0.015856236568652093 0.02439024392515421
0 0.4719873085268773 0.1482176361605525 0.009513741941191256 0.022514071315526962
0 0.47145876730792224 0.1285178237594664 0.012684989254921675 0.020637898705899715
0 0.4963002045988105 0.1482176361605525 0.011627906817011535 0.022514071315526962
0 0.49788582825567573 0.11913696071133018 0.010570824379101396 0.020637898705899715
0 0.5068710289779119 0.13789868680760264 0.009513741941191256 0.020637898705899715
0 0.5211416418896988 0.12288930593058467 0.010570824379101396 0.020637898705899715
0 0.5237843479844742 0.15009380877017975 0.013742071692831814 0.022514071315526962
0 0.5026426992262714 0.1885553472675383 0.015856236568652093 0.0318949343636632
0 0.5385835021152161 0.1885553472675383 0.015856236568652093 0.028142589144408703
0 0.5475687028374523 0.15290806768462062 0.012684989254921675 0.028142589144408703
0 0.5491543264943175 0.11819887440651655 0.011627906817011535 0.022514071315526962
0 0.545454537961632 0.13789868680760264 0.010570824379101396 0.01688555348664522
0 0.5708245164714754 0.1200750470161438 0.010570824379101396 0.026266416534781456
0 0.5597251508734189 0.14352720463648438 0.009513741941191256 0.020637898705899715
0 0.5808667996316217 0.16697936225682497 0.013742071692831814 0.03001876175403595
0 0.5961944949813187 0.12476547854021192 0.012684989254921675 0.028142589144408703
0 0.5808667996316217 0.11069418396800756 0.013742071692831814 0.026266416534781456
0 0.6051796957035549 0.10975609766319394 0.009513741941191256 0.02439024392515421
0 0.6141648964257911 0.11726078810170293 0.008456659503281116 0.020637898705899715
0 0.6247357208048925 0.12570356484502554 0.010570824379101396 0.03001876175403595
0 0.6183932261774316 0.1566604129038751 0.012684989254921675 0.0318949343636632
0 0.6538054878474213 0.13696060050278902 0.013742071692831814 0.03001876175403595
0 0.6569767351611517 0.11069418396800756 0.009513741941191256 0.01876172609627247
0 0.666490477102343 0.1003752346150577 0.009513741941191256 0.02439024392515421
0 0.6865750434226356 0.11819887440651655 0.009513741941191256 0.022514071315526962
0 0.6934460792690516 0.1003752346150577 0.010570824379101396 0.020637898705899715
0 0.7087737746187486 0.10318949352949858 0.011627906817011535 0.026266416534781456
0 0.49418603972299024 0.2729831147007644 0.02431289607193321 0.050656660459935665
0 0.5396405845531262 0.2804878051392734 0.028541225823573768 0.05816135089844465
0 0.5972515774192289 0.33395872451364994 0.02748414338566363 0.0600375235080719
0 0.5750528462231159 0.23358348989859223 0.02114164875820279 0.04315197002142668
0 0.6183932261774316 0.2607879927381873 0.02114164875820279 0.045028142631053925
0 0.6157505200826563 0.20637898705899715 0.015856236568652093 0.03752345219254494
0 0.6707188068539836 0.2532833022996783 0.02431289607193321 0.045028142631053925
0 0.6717758892918937 0.17823639791458845 0.015856236568652093 0.03001876175403595
0 0.7008456563344225 0.1885553472675383 0.014799154130741954 0.039399624802172184
0 0.6960887853638269 0.30675422167405486 0.02431289607193321 0.050656660459935665
0 0.7256870936253108 0.2926829271018505 0.02008456632029265 0.04878048785030842
0 0.7489429072593339 0.3639774862676859 0.02642706094775349 0.0600375235080719
0 0.8150105596287176 0.4155722330324352 0.02748414338566363 0.05816135089844465
0 0.8932346600340679 0.440900563262403 0.029598308261483908 0.06754221394658089
0 0.9122621439164504 0.34615384647622705 0.02536997850984335 0.05816135089844465
0 0.9186046385439113 0.28236397774890065 0.019027483882382512 0.05440900567919016
0 0.9455602407106198 0.21482176380231977 0.017970401444472373 0.039399624802172184
0 0.8847780005307868 0.22514071315526962 0.019027483882382512 0.03377110697329044
0 0.8662790578673594 0.2551594749093056 0.02008456632029265 0.045028142631053925
0 0.8324524198542349 0.3208255162462592 0.02219873119611293 0.04878048785030842
0 0.7864693338051438 0.30206379014998674 0.02325581363402307 0.045028142631053925
0 0.8165961832855828 0.2532833022996783 0.02008456632029265 0.03752345219254494
0 0.7938689108705148 0.224202626850456 0.014799154130741954 0.039399624802172184
0 0.7632135201711208 0.23076923098415136 0.02114164875820279 0.03752345219254494
0 0.7214587638736703 0.21857410902157426 0.017970401444472373 0.039399624802172184
0 0.7536997782299295 0.18480300204828382 0.014799154130741954 0.028142589144408703
0 0.7378435416612774 0.15947467181831598 0.012684989254921675 0.026266416534781456
0 0.7251585524063557 0.15384615398943424 0.010570824379101396 0.03001876175403595
0 0.7468287423835136 0.13133208267390728 0.011627906817011535 0.026266416534781456
0 0.7600422728573903 0.1557223265990615 0.010570824379101396 0.026266416534781456
0 0.7684989323606715 0.14634146355092525 0.012684989254921675 0.03001876175403595
0 0.7922832872136496 0.15290806768462062 0.015856236568652093 0.03564727958291769
