0 0.20314960554242134 0.4105914749088697 0.04251968488097191 0.08390646555926651
0 0.2842519674450159 0.25240715459221974 0.018897637724876404 0.034387895721010864
0 0.2964566918089986 0.2544704283354804 0.019685039296746254 0.0357634115498513
0 0.3137795263901353 0.22214580635773018 0.018110236153006554 0.034387895721010864
0 0.3283464554697275 0.2702888603671454 0.022047244012355804 0.04814305400941521
0 0.35078740026801825 0.21801925887120888 0.019685039296746254 0.04264099069405347
0 0.3862204710021615 0.2592847337364219 0.022834645584225655 0.0398899590363726
0 0.3999999985098839 0.23658872256055474 0.018897637724876404 0.04126547486521304
0 0.4224409433081746 0.26547455496620387 0.022834645584225655 0.04126547486521304
0 0.43385826610028744 0.23727648047497496 0.018897637724876404 0.04264099069405347
0 0.4220472425222397 0.1946354897809215 0.017322834581136703 0.03713892737869173
0 0.40708661265671253 0.18431912106461823 0.015748031437397003 0.03026134823448956
0 0.39330708514899015 0.1946354897809215 0.016535433009266853 0.034387895721010864
0 0.4271653527393937 0.16437414154643193 0.016535433009266853 0.028885832405649126
0 0.4472440928220749 0.15612104657338932 0.012598425149917603 0.034387895721010864
0 0.46692913211882114 0.1629986257175915 0.015748031437397003 0.034387895721010864
0 0.4775590533390641 0.2187070167856291 0.024409448727965355 0.049518569838255644
0 0.4964566910639405 0.1911967002088204 0.018110236153006554 0.04126547486521304
0 0.49370078556239605 0.1396148566273041 0.014173228293657303 0.028885832405649126
0 0.5074803130701184 0.15061898325802758 0.016535433009266853 0.028885832405649126
0 0.5212598405778408 0.14855570951476693 0.017322834581136703 0.03026134823448956
0 0.5437007853761315 0.19325997395208105 0.018110236153006554 0.03713892737869173
0 0.5484251948073506 0.15061898325802758 0.014960629865527153 0.023383769090287387
0 0.5598425175994635 0.16643741528969258 0.017322834581136703 0.024759284919127822
0 0.5732283443212509 0.14030261454172432 0.012598425149917603 0.02751031657680869
0 0.5759842498227954 0.17262723651947454 0.018110236153006554 0.03713892737869173
0 0.6066929111257195 0.15199449908686802 0.013385826721787453 0.026134800747968256
0 0.5897637773305178 0.14924346742918715 0.014173228293657303 0.031636864063329995
0 0.6039370056241751 0.1114167821360752 0.014173228293657303 0.024759284919127822
0 0.6240157457068563 0.13823934079846367 0.018110236153006554 0.031636864063329995
0 0.6472440920770168 0.12104539293795824 0.011023622006177902 0.024759284919127822
0 0.6649606274440885 0.12242090876679868 0.013385826721787453 0.03301237989217043
0 0.5539370058104396 0.2579092179075815 0.025984251871705055 0.05089408566709608
0 0.541338580660522 0.310178819403518 0.029133858159184456 0.061898212297819555
0 0.4976377934217453 0.29711141902953386 0.029921259731054306 0.05502063315361738
0 0.6062992103397846 0.2111416797270067 0.022047244012355804 0.04814305400941521
0 0.599212596192956 0.26891334453830495 0.026771653443574905 0.05089408566709608
0 0.6539370054379106 0.21801925887120888 0.022834645584225655 0.04264099069405347
0 0.6452755881473422 0.1712517206906341 0.016535433009266853 0.0398899590363726
0 0.6874015722423792 0.15337001491570845 0.018897637724876404 0.031636864063329995
0 0.6917322808876634 0.19738652143860236 0.021259842440485954 0.0398899590363726
0 0.709448816254735 0.22214580635773018 0.023622047156095505 0.04814305400941521
0 0.6649606274440885 0.24828060710569844 0.024409448727965355 0.04814305400941521
0 0.6795275565236807 0.3094910614890978 0.029921259731054306 0.06052269646897912
0 0.7074803123250604 0.29642366111511365 0.025984251871705055 0.06464924395550042
0 0.7216535406187177 0.1547455307445489 0.016535433009266853 0.03713892737869173
0 0.7397637767717242 0.19050894229440019 0.021259842440485954 0.04264099069405347
0 0.7539370050653815 0.22420908010099083 0.022834645584225655 0.04126547486521304
0 0.7629921231418848 0.33700137806590647 0.03622047230601311 0.06052269646897912
0 0.7929133828729391 0.28817056614207104 0.025196850299835205 0.05364511732477695
0 0.8440944850444794 0.32530949352076277 0.031496062874794006 0.05639614898245782
0 0.8059055088087916 0.22764786967309192 0.022834645584225655 0.04814305400941521
0 0.7759842490777373 0.20839064806932583 0.021259842440485954 0.04264099069405347
0 0.7590551152825356 0.1795048156636767 0.017322834581136703 0.0398899590363726
0 0.7582677137106657 0.14167813037056476 0.020472440868616104 0.03301237989217043
0 0.7795275561511517 0.16162310988875106 0.018897637724876404 0.0398899590363726
0 0.793700784444809 0.1437414041138254 0.015748031437397003 0.034387895721010864
0 0.8031496033072472 0.1746905102627352 0.017322834581136703 0.044016506522893906
0 0.81456692609936 0.15612104657338932 0.014960629865527153 0.034387895721010864
0 0.8287401543930173 0.14580467785708606 0.014960629865527153 0.03301237989217043
0 0.8641732251271605 0.14993122534360737 0.013385826721787453 0.04126547486521304
0 0.8283464536070824 0.19669876352418214 0.020472440868616104 0.04126547486521304
0 0.8318897606804967 0.231086659245193 0.019685039296746254 0.046767538180574775
0 0.8519685007631779 0.2393397542182356 0.022047244012355804 0.05226960149593651
0 0.8755905479192734 0.2269601117586717 0.018897637724876404 0.049518569838255644
0 0.8854330675676465 0.2028885847539641 0.018110236153006554 0.04264099069405347
0 0.9003936974331737 0.26547455496620387 0.022834645584225655 0.06327372812665999
