0 0.22000000532716513 0.42499999050050974 0.12166666961275041 0.1749999960884452
0 0.2533333394676447 0.3093749930849299 0.07000000169500709 0.10874999756924808
0 0.3120833408902399 0.3637499918695539 0.09583333565387875 0.14499999675899744
0 0.39583334291819483 0.3287499926518649 0.06500000157393515 0.12499999720603228
0 0.459583344461862 0.3674999917857349 0.0691666683414951 0.1149999974295497
0 0.5058333455817774 0.3968749911291525 0.12333333631977439 0.19624999561347067
0 0.5450000131968409 0.43937499017920345 0.15666667046025395 0.22624999494291842
0 0.610416681447532 0.35812499199528247 0.09250000223983079 0.14374999678693712
0 0.6804166831425391 0.3349999925121665 0.07583333516959101 0.14999999664723873
0 0.8033333527855575 0.3449999922886491 0.12833333644084632 0.18999999575316906
0 0.8825000213691965 0.4349999902769923 0.1450000035110861 0.21249999525025487
0 0.9716666901949793 0.12812499713618308 0.04500000108964741 0.09124999796040356
0 0.9462500229128636 0.1537499965634197 0.04083333432208747 0.0874999980442226
0 0.9008333551464602 0.12062499730382115 0.05500000133179128 0.09624999784864485
0 0.7570833516656421 0.14312499680090696 0.05916666809935123 0.08874999801628292
0 0.6704166829003952 0.07999999821186066 0.08083333529066294 0.1099999975413084
0 0.4275000103516504 0.06562499853316694 0.0533333346247673 0.09624999784864485
0 0.5970833477913402 0.16749999625608325 0.03916666761506349 0.05999999865889549
0 0.3441666750004515 0.14437499677296728 0.025000000605359674 0.0437499990221113
0 0.21875000529689714 0.13187499705236405 0.02750000066589564 0.0437499990221113
0 0.10791666927980259 0.08562499808613211 0.03750000090803951 0.056249998742714524
0 0.05666666803881526 0.07999999821186066 0.03500000084750354 0.04499999899417162
0 0.09875000239117071 0.35062499216292053 0.0691666683414951 0.10874999756924808
0 0.11208333604736254 0.2893749935319647 0.06750000163447112 0.09124999796040356
0 0.04666666779667139 0.32437499274965376 0.051666667917743325 0.09624999784864485
0 0.017916667100507766 0.3074999931268394 0.032500000786967576 0.09999999776482582
