0 0.19265143922530115 0.33953899634070694 0.0417080435436219 0.07624113233759999
0 0.2706057587056421 0.2260638226289302 0.016881827148608863 0.03723404137417674
0 0.3207547158235684 0.24734041769988835 0.019860973116010427 0.040780140552669764
0 0.337140018644277 0.20124112837947905 0.016881827148608863 0.03368794219568372
0 0.35302879713708535 0.20124112837947905 0.01489572983700782 0.026595743838697672
0 0.36693147831829265 0.20656027714721859 0.01489572983700782 0.03368794219568372
0 0.37686196487629786 0.18528368207626045 0.012909632525406778 0.030141843017190695
0 0.39821251097600907 0.1764184341300279 0.017874875804409385 0.030141843017190695
0 0.4245283003547229 0.15336878946982324 0.01489572983700782 0.030141843017190695
0 0.4195630570757203 0.1923758804332465 0.01489572983700782 0.026595743838697672
0 0.41857000841991976 0.2225177234504372 0.018867924460209906 0.03723404137417674
0 0.40863952186191455 0.273936161538586 0.018867924460209906 0.03723404137417674
0 0.441906651831232 0.21985814906656742 0.017874875804409385 0.03900709096342325
0 0.45928500330774114 0.13918439275585115 0.010923535213805735 0.02304964466020465
0 0.4796425007516518 0.15159573988057673 0.0139026811812073 0.026595743838697672
0 0.47070506284944713 0.1861702068708837 0.017874875804409385 0.03546099178493023
0 0.4826216467190534 0.23936169454827905 0.019860973116010427 0.042553190141916275
0 0.4999999981955625 0.19946807879023254 0.016881827148608863 0.03368794219568372
0 0.5143992037046701 0.17553190933540463 0.0139026811812073 0.028368793427944183
0 0.5342601768206805 0.20744680194184184 0.019860973116010427 0.03900709096342325
0 0.5034756684908643 0.14982269029133022 0.011916583869606256 0.02304964466020465
0 0.49205560894915834 0.13297871919348836 0.008937437902204692 0.014184396713972092
0 0.5034756684908643 0.1320921943988651 0.007944389246404171 0.015957446303218603
0 0.5158887766883709 0.13475176878273487 0.010923535213805735 0.021276595070958138
0 0.5307845065253787 0.14095744234509766 0.012909632525406778 0.02304964466020465
0 0.5461767606902868 0.14450354152359068 0.011916583869606256 0.030141843017190695
0 0.556107247248292 0.14184396713972092 0.009930486558005214 0.021276595070958138
0 0.5794438906596042 0.1861702068708837 0.016881827148608863 0.031914892606437206
0 0.5749751717085019 0.1382978679612279 0.011916583869606256 0.02482269424945116
0 0.582919560954906 0.12145389686338603 0.011916583869606256 0.019503545481711626
0 0.592353523185011 0.13918439275585115 0.01489572983700782 0.030141843017190695
0 0.6067527286941186 0.11524822330102324 0.011916583869606256 0.021276595070958138
0 0.6142005936126225 0.10992907453328371 0.010923535213805735 0.017730495892465115
0 0.6315789450891316 0.10372340097092092 0.011916583869606256 0.019503545481711626
0 0.626613701810129 0.11524822330102324 0.009930486558005214 0.021276595070958138
0 0.6176762639079243 0.13741134316660464 0.011916583869606256 0.026595743838697672
0 0.6161866909242235 0.16932623577304184 0.01489572983700782 0.030141843017190695
0 0.6499503452214412 0.14095744234509766 0.012909632525406778 0.030141843017190695
0 0.6509433938772418 0.10726950014941394 0.010923535213805735 0.019503545481711626
0 0.6633565020747483 0.1161347480956465 0.011916583869606256 0.030141843017190695
0 0.6832174751907587 0.12322694645263255 0.011916583869606256 0.030141843017190695
0 0.7075471672578715 0.11436169850639999 0.010923535213805735 0.02304964466020465
0 0.7229394214227796 0.1400709175504744 0.011916583869606256 0.02482269424945116
0 0.7015888753230684 0.1684397109784186 0.010923535213805735 0.021276595070958138
0 0.6981132050277665 0.19503545481711626 0.015888778492808342 0.03900709096342325
0 0.6583912587957457 0.18262410769239068 0.0139026811812073 0.028368793427944183
0 0.6673286966979504 0.21719857468269765 0.019860973116010427 0.03368794219568372
0 0.6226415071869269 0.21276595070958138 0.015888778492808342 0.03546099178493023
0 0.6281032747938298 0.2624113392084837 0.018867924460209906 0.0460992893204093
0 0.662859977746848 0.27127658715471625 0.018867924460209906 0.04964538849890232
0 0.5719960257411003 0.2801418351009488 0.02184707042761147 0.04964538849890232
0 0.5650446851504967 0.26507091359235346 0.017874875804409385 0.03368794219568372
0 0.7229394214227796 0.2828014094848186 0.02184707042761147 0.04787233890965581
0 0.7591856973594986 0.2606382896192372 0.016881827148608863 0.042553190141916275
0 0.7929493516567163 0.2863475086633116 0.02085402177181095 0.054964537266641855
0 0.8426017844467424 0.30141843017190695 0.02085402177181095 0.04964538849890232
0 0.8872889739577658 0.32180850044824183 0.02284011908341199 0.054964537266641855
0 0.9106256173690781 0.27925531030632555 0.017874875804409385 0.04787233890965581
0 0.8555114169721492 0.2579787152353674 0.02085402177181095 0.044326239731162786
0 0.8376365411677398 0.23492907057516277 0.012909632525406778 0.03723404137417674
0 0.7835153894266114 0.21276595070958138 0.015888778492808342 0.031914892606437206
0 0.7492552108014934 0.21985814906656742 0.016881827148608863 0.031914892606437206
0 0.7413108215550892 0.18262410769239068 0.012909632525406778 0.02482269424945116
0 0.756206551392097 0.15780141344293952 0.01489572983700782 0.028368793427944183
0 0.7711022812291048 0.13297871919348836 0.012909632525406778 0.028368793427944183
0 0.7909632543451153 0.15514183905906975 0.012909632525406778 0.030141843017190695
0 0.801886789558921 0.15070921508595347 0.008937437902204692 0.017730495892465115
0 0.8138033734285273 0.14361701672896743 0.012909632525406778 0.02482269424945116
0 0.8207547140191309 0.1719858101569116 0.010923535213805735 0.028368793427944183
0 0.8321747735608369 0.15691488864831626 0.0139026811812073 0.030141843017190695
0 0.8465739790699445 0.1542553142644465 0.010923535213805735 0.02482269424945116
0 0.836146968184039 0.1923758804332465 0.0139026811812073 0.030141843017190695
0 0.8530287953326479 0.19326240522786975 0.011916583869606256 0.028368793427944183
0 0.8649453792022541 0.17464538454078138 0.0139026811812073 0.03368794219568372
0 0.8793445847113617 0.15248226467519999 0.010923535213805735 0.02482269424945116
0 0.904667325434275 0.16312056221067905 0.009930486558005214 0.02482269424945116
0 0.8922542172367685 0.20301417796872556 0.012909632525406778 0.03368794219568372
0 0.8992055578273721 0.18351063248701394 0.010923535213805735 0.026595743838697672
0 0.9349553094361909 0.1764184341300279 0.010923535213805735 0.026595743838697672
0 0.9280039688455872 0.20656027714721859 0.010923535213805735 0.02304964466020465
0 0.9414101256988943 0.2101063763257116 0.011916583869606256 0.02304964466020465
0 0.9205561039270833 0.23492907057516277 0.011916583869606256 0.030141843017190695
0 0.940913601370994 0.2588652400299907 0.016881827148608863 0.04964538849890232
