0 0.11458333930931985 0.5893416786566377 0.06666667014360428 0.09404388489201665
0 0.06875000358559191 0.5454545323736966 0.04583333572372794 0.06896551558747888
0 0.06041666981764138 0.49843258992768824 0.03333333507180214 0.050156738609075546
0 0.03958333539776504 0.48589340527541935 0.029166668187826872 0.050156738609075546
0 0.014583334093913436 0.5172413669060916 0.025000001303851604 0.06896551558747888
0 0.11354167258832604 0.4655172302154824 0.031250001629814506 0.05329153477214277
0 0.12812500668223947 0.5062695803353563 0.031250001629814506 0.05329153477214277
0 0.1604166750330478 0.5297805515583605 0.04583333572372794 0.06896551558747888
0 0.1552083414280787 0.4749216187046841 0.031250001629814506 0.04075235011987388
0 0.21354167780373245 0.49843258992768824 0.03958333539776504 0.06269592326134443
0 0.20520834403578192 0.4529780455632135 0.031250001629814506 0.047021942446008325
0 0.26145834696944803 0.5423197362106293 0.05625000293366611 0.0877742925658822
0 0.25104167975950986 0.6332288249395788 0.07291667046956718 0.12539184652268887
0 0.25104167975950986 0.467084628297016 0.027083334745839238 0.0438871462829411
0 0.26250001369044185 0.44357365707401186 0.025000001303851604 0.04075235011987388
0 0.3020833490882069 0.45768023980781436 0.03333333507180214 0.0438871462829411
0 0.3197916833451018 0.4529780455632135 0.02291666786186397 0.04075235011987388
0 0.35000001825392246 0.5062695803353563 0.041666668839752674 0.0721003117505461
0 0.3760416862787679 0.5830720863305032 0.05208333604969084 0.10031347721815109
0 0.3593750187428668 0.4467084532370791 0.027083334745839238 0.047021942446008325
0 0.3760416862787679 0.4764890167862177 0.027083334745839238 0.0438871462829411
0 0.4135416882345453 0.47335422062315047 0.027083334745839238 0.0438871462829411
0 0.44062502298038453 0.4780564148677513 0.027083334745839238 0.05329153477214277
0 0.4562500237952918 0.4498432494001463 0.029166668187826872 0.05329153477214277
0 0.48020835837814957 0.4623824340524152 0.027083334745839238 0.05956112709827721
0 0.47916669165715575 0.5344827458029613 0.05000000260770321 0.08463949640281498
0 0.5322916944278404 0.49686519184615463 0.03958333539776504 0.05956112709827721
0 0.5385416947538033 0.45924763788934797 0.02291666786186397 0.047021942446008325
0 0.5833333637565374 0.47178682254161686 0.03750000195577741 0.05956112709827721
0 0.6364583665272221 0.4905955995200202 0.04375000228174031 0.0721003117505461
0 0.619791698991321 0.47021942446008325 0.031250001629814506 0.050156738609075546
0 0.6781250353669748 0.4796238129492849 0.03541666851378977 0.06896551558747888
0 0.8614583782618865 0.32288400479592383 0.11458333930931985 0.18181817745789886
