0 0.21796875324798748 0.2718750040512532 0.15468750230502337 0.3500000052154064
0 0.45468750677537173 0.10781250160653144 0.0656250009778887 0.17187500256113708
0 0.5507812582072802 0.040625000605359674 0.04531250067520887 0.07500000111758709
0 0.5921875088242814 0.315625004703179 0.09687500144354999 0.2500000037252903
0 0.6976562603958882 0.15625000232830644 0.07656250114087015 0.1750000026077032
0 0.679687510128133 0.05625000083819032 0.0437500006519258 0.10000000149011612
0 0.8101562620722689 0.23750000353902578 0.10468750155996531 0.21250000316649675
0 0.7984375118976459 0.12343750183936208 0.059375000884756446 0.12187500181607902
0 0.7820312616531737 0.051562500768341124 0.04531250067520887 0.09687500144354999
0 0.8273437623283826 0.04687500069849193 0.03906250058207661 0.0875000013038516
0 0.9046875134808943 0.09687500144354999 0.05000000074505806 0.11250000167638063
0 0.9242187637719326 0.06250000093132257 0.03281250048894435 0.07500000111758709
0 0.41640625620493665 0.040625000605359674 0.05781250086147338 0.07500000111758709
0 0.24921875371364877 0.08437500125728548 0.09531250142026693 0.1625000024214387
