0 0.0874999980442226 0.5539033396635205 0.14999999664723873 0.23048326885327697
0 0.1812499959487468 0.45539032958913594 0.1324999970383942 0.17472118767909706
0 0.4349999902769923 0.421933080884628 0.06999999843537807 0.10780669027008116
0 0.49749998888000846 0.433085497119464 0.09499999787658453 0.13754646689631045
0 0.5062499886844307 0.26022304547950625 0.052499998826533556 0.08921932987868786
0 0.6149999862536788 0.5204460909590125 0.09499999787658453 0.15613382728770375
0 0.7399999834597111 0.5427509234286845 0.1699999962002039 0.2750929337926209
0 0.8012499820906669 0.39962824841495603 0.047499998938292265 0.0855018578004092
0 0.8362499813083559 0.40148698445409536 0.042499999050050974 0.07434944156557322
0 0.9037499797996134 0.4460966493934393 0.0824999981559813 0.1338289948180318
0 0.9474999788217247 0.405204456532374 0.0549999987706542 0.08921932987868786
