0 0.06882352667162195 0.119170984136872 0.03176470461767167 0.05526770278811455
0 0.1052941134548746 0.14075993053847924 0.04352941003162414 0.0673575127730146
0 0.15647058200556785 0.1683937819325365 0.06823529140092432 0.09153713274281472
0 0.26941175397951156 0.13126079412177205 0.03529411624185741 0.06563039706088603
0 0.28470587101764977 0.11398963700048625 0.028235292993485928 0.05526770278811455
0 0.3429411628167145 0.1433506041066721 0.04588235111441463 0.0759930913336575
0 0.3752941027050838 0.12348877341719344 0.03529411624185741 0.05354058707598597
0 0.43705880612833425 0.10621761629590765 0.0199999992037192 0.03626942995470017
0 0.4688235107460059 0.12003454199293628 0.0199999992037192 0.03626942995470017
0 0.48999998049112037 0.13903281482635066 0.03882352786604315 0.05699481850024313
0 0.5276470378157683 0.1096718477201648 0.022352940286509693 0.03972366137895733
0 0.5594117424334399 0.12089809984900057 0.029411763534881175 0.04490500851534307
0 0.5882352706976235 0.11312607914442196 0.016470587579533458 0.03626942995470017
0 0.6323529159999453 0.12089809984900057 0.024705881369300187 0.04835923993960023
0 0.6735293849487789 0.12003454199293628 0.024705881369300187 0.03972366137895733
0 0.7176470302511007 0.12089809984900057 0.016470587579533458 0.027633851394057274
0 0.7494117348687723 0.11312607914442196 0.02352941082790494 0.03281519853044301
0 0.5329411552520469 0.2962003446300514 0.12941175955347717 0.24697754683438689
0 0.7364705589134246 0.20639032759936526 0.0776470557320863 0.1433506041066721
0 0.817058790998999 0.1960276333265938 0.05529411544557661 0.09844559559132904
0 0.8635293773841113 0.15544041409157217 0.04235293949022889 0.0759930913336575
0 0.912352904852014 0.15025906695518643 0.03411764570046216 0.062176165636628866
0 0.9394117273041047 0.1347150255460292 0.024705881369300187 0.05181347136385739
0 0.9611764323199168 0.13903281482635066 0.02352941082790494 0.04317789280321449
