0 0.0472602752270177 0.5287474516080692 0.0863013721536845 0.20739220432005823
0 0.172602744307369 0.47535935940686613 0.10410959180444479 0.16632444108836353
0 0.14452055178117007 0.29876797751057893 0.06712328945286572 0.09650924359448254
0 0.16643836058210582 0.27926078997552395 0.04794520675204694 0.11498973704874516
0 0.11164383857976645 0.271047237329185 0.05068493285216391 0.09034907910972834
0 0.367808228940703 0.321355247288011 0.07260274165309966 0.10882957256399095
0 0.4904109719209373 0.10882957256399095 0.06301370030269027 0.09856263175606728
0 0.5691780972993001 0.38706366845872253 0.10000000265426934 0.14989733579568565
0 0.6013698789756745 0.25359343795571476 0.0684931525029242 0.10061601991765201
0 0.5623287820490077 0.2720739314099774 0.05616438505239785 0.10061601991765201
0 0.6643835792783648 0.24435319122858346 0.06301370030269027 0.09034907910972834
0 0.7493150883819908 0.2587269083596766 0.0684931525029242 0.11498973704874516
0 0.707534265355207 0.4599589481949806 0.11095890705473721 0.17248460557311773
0 0.8890411194879562 0.6273100833641365 0.16712329210713506 0.2648870728444308
0 0.8472602964611724 0.3162217768840492 0.07808219385333359 0.12731006601825356
0 0.8965753662632778 0.24845996755175292 0.05616438505239785 0.0944558554328978
0 0.9732876970665529 0.21355236880481243 0.05068493285216391 0.09034907910972834
