0 0.18207547441124916 0.46179400896653533 0.049056604504585266 0.0863787354901433
0 0.2617924567312002 0.2616279007634148 0.014150943607091904 0.02491694292984903
0 0.27452830597758293 0.2657807245850563 0.01320754736661911 0.029900331515818834
0 0.3259434010833502 0.24501660547684878 0.01603773608803749 0.03488372010178864
0 0.3391509484499693 0.24916942929849029 0.014150943607091904 0.02657807245850563
0 0.3556603826582432 0.2574750769417733 0.016981132328510284 0.029900331515818834
0 0.3674528356641531 0.28986710275057703 0.017924528568983078 0.038205979159101844
0 0.3985849115997553 0.29235879704356194 0.017924528568983078 0.04318936774507165
0 0.33254717476665974 0.21096345013938844 0.012264151126146317 0.023255813401192427
0 0.34622642025351524 0.21096345013938844 0.01320754736661911 0.029900331515818834
0 0.36037736386060715 0.22591361589729786 0.015094339847564697 0.02657807245850563
0 0.40377359092235565 0.21760796825401485 0.016981132328510284 0.03322259057313204
0 0.38726415671408176 0.19186046055983752 0.012264151126146317 0.02491694292984903
0 0.3683962319046259 0.19019933103118092 0.012264151126146317 0.028239201987162232
0 0.41792453452944756 0.19019933103118092 0.01320754736661911 0.028239201987162232
0 0.4523584973067045 0.18936876626685262 0.014150943607091904 0.02657807245850563
0 0.47547170519828796 0.22923587495461106 0.01886792480945587 0.039867108687758446
0 0.4580188747495413 0.21926909778267145 0.01603773608803749 0.029900331515818834
0 0.46556604467332363 0.14950165757909417 0.012264151126146317 0.019933554343879223
0 0.49150944128632545 0.12956810323521495 0.009433962404727936 0.023255813401192427
0 0.4830188751220703 0.1719269062159583 0.016981132328510284 0.02491694292984903
0 0.5174528378993273 0.1810631186235696 0.014150943607091904 0.029900331515818834
0 0.5353773664683104 0.20598006155341864 0.017924528568983078 0.039867108687758446
0 0.5235849134624004 0.15946843475103378 0.011320754885673523 0.023255813401192427
0 0.5580188762396574 0.1636212585726753 0.012264151126146317 0.02491694292984903
0 0.5735849142074585 0.14534883375745267 0.011320754885673523 0.01827242481522262
0 0.5886792540550232 0.1636212585726753 0.015094339847564697 0.028239201987162232
0 0.6165094431489706 0.14784052805043757 0.014150943607091904 0.02657807245850563
0 0.6051886882632971 0.13787375087849796 0.01037735864520073 0.02657807245850563
0 0.5745283104479313 0.11627906700596213 0.01320754736661911 0.023255813401192427
0 0.6174528393894434 0.11461793747730553 0.01037735864520073 0.019933554343879223
0 0.6047169901430607 0.11627906700596213 0.011320754885673523 0.01661129528656602
0 0.6462264247238636 0.13787375087849796 0.011320754885673523 0.02657807245850563
0 0.6556603871285915 0.11794019653461874 0.011320754885673523 0.023255813401192427
0 0.6858490668237209 0.12375414988491684 0.015094339847564697 0.031561461044475436
0 0.5127358566969633 0.29983387992251664 0.02358490601181984 0.04485049727372825
0 0.557547178119421 0.29651162086520344 0.024528302252292633 0.048172756331041455
0 0.5589622724801302 0.24833886453416198 0.021698113530874252 0.04152823821641505
0 0.6132075563073158 0.3488372010178864 0.030188679695129395 0.04983388585969806
0 0.6320754811167717 0.24501660547684878 0.01886792480945587 0.04152823821641505
0 0.6863207649439573 0.2541528178844601 0.021698113530874252 0.04318936774507165
0 0.7273585014045238 0.29485049133654684 0.02075471729040146 0.04152823821641505
0 0.7754717096686363 0.2765780665213242 0.02075471729040146 0.048172756331041455
0 0.859433975070715 0.30481726850848645 0.01886792480945587 0.048172756331041455
0 0.6627358589321375 0.19767441391013563 0.01603773608803749 0.029900331515818834
0 0.6674528401345015 0.1777408595662564 0.014150943607091904 0.023255813401192427
0 0.69905661419034 0.14534883375745267 0.011320754885673523 0.021594683872535825
0 0.7183962371200323 0.15033222234342247 0.01037735864520073 0.021594683872535825
0 0.7259434070438147 0.17109634145163 0.01603773608803749 0.03322259057313204
0 0.7066037841141224 0.19518271961715072 0.016981132328510284 0.028239201987162232
0 0.7212264258414507 0.22009966254699975 0.017924528568983078 0.03488372010178864
0 0.740566048771143 0.20016610820312053 0.015094339847564697 0.03488372010178864
0 0.7698113322257996 0.22840531019028276 0.016981132328510284 0.03488372010178864
0 0.7787735965102911 0.20431893202476203 0.014150943607091904 0.039867108687758446
0 0.7787735965102911 0.16112956427969038 0.012264151126146317 0.02657807245850563
0 0.760849067941308 0.13953488040715456 0.01603773608803749 0.03322259057313204
0 0.7344339732080698 0.11627906700596213 0.012264151126146317 0.023255813401192427
0 0.7740566153079271 0.11794019653461874 0.014150943607091904 0.02657807245850563
0 0.7896226532757282 0.13538205658551306 0.011320754885673523 0.02491694292984903
0 0.8075471818447113 0.1694352119229734 0.01320754736661911 0.029900331515818834
0 0.8462264277040958 0.20847175584640354 0.01320754736661911 0.038205979159101844
0 0.847641522064805 0.15199335187207907 0.012264151126146317 0.02491694292984903
0 0.8660377487540245 0.15116278710775077 0.01320754736661911 0.03654484963044524
0 0.8957547303289175 0.17109634145163 0.014150943607091904 0.03654484963044524
0 0.9278302025049925 0.2541528178844601 0.01603773608803749 0.04651162680238485
0 0.914150957018137 0.22009966254699975 0.015094339847564697 0.031561461044475436
0 0.9334905799478292 0.22508305113296956 0.017924528568983078 0.03488372010178864
0 0.8542452957481146 0.19684384914580733 0.021698113530874252 0.038205979159101844
0 0.854716993868351 0.2674418541137129 0.022641509771347046 0.04651162680238485
0 0.9018868058919907 0.15531561092939228 0.015094339847564697 0.031561461044475436
0 0.6301886886358261 0.20431893202476203 0.02075471729040146 0.04318936774507165
