0 0.06110074484604411 0.48076922685140744 0.04757462575798854 0.06187290919478983
0 0.25932835217099637 0.2918060176889412 0.01865671598352492 0.0317725749919191
0 0.2826492471504025 0.2784280913765542 0.016791044385172427 0.028428093413822353
0 0.29944029153557494 0.27006688743131235 0.016791044385172427 0.03511705657001585
0 0.3428171561972704 0.2918060176889412 0.017723880184348673 0.03511705657001585
0 0.31623133592074737 0.23913043283391744 0.014925372786819935 0.033444815780967474
0 0.3330223803059198 0.23662207165034488 0.016791044385172427 0.028428093413822353
0 0.3661380511766765 0.2290969880996272 0.013992536987643689 0.03678929735906422
0 0.39085819985484704 0.2090300986310467 0.013059701188467443 0.033444815780967474
0 0.4099813337379601 0.18227424600627273 0.013992536987643689 0.02675585262477398
0 0.4291044676210731 0.18812708876794204 0.014925372786819935 0.0317725749919191
0 0.45988804899388924 0.18561872758436948 0.02052238758187741 0.02675585262477398
0 0.45382461629924364 0.15384615259245038 0.010261193790938705 0.02675585262477398
0 0.47014924278482795 0.1588628749595955 0.013059701188467443 0.02675585262477398
0 0.3978544683486689 0.3001672216341831 0.02518656657775864 0.04180601972620934
0 0.41324625903507695 0.23411371046677232 0.01865671598352492 0.033444815780967474
0 0.44169775090995245 0.2408026736229658 0.017723880184348673 0.03678929735906422
0 0.47667909337906167 0.24331103480653837 0.02052238758187741 0.038461538148112595
0 0.493003719864646 0.21822742297081277 0.01585820858599618 0.03511705657001585
0 0.47807834707782604 0.32107023149728775 0.021455223381053656 0.05351170524954796
0 0.5321828234300483 0.32107023149728775 0.028917909774463624 0.043478260515257716
0 0.5965484935732093 0.3436454821494408 0.023320894979406148 0.05518394603859633
0 0.6735074470052496 0.34531772293848917 0.024253730778582394 0.06521739077288657
0 0.7047574462776538 0.30100334202870727 0.023320894979406148 0.046822742093354464
0 0.7817163997096941 0.2984949808451347 0.024253730778582394 0.04849498288240284
0 0.7635261016257573 0.25083611835725605 0.01585820858599618 0.03678929735906422
0 0.7014925209805369 0.23745819204486907 0.02052238758187741 0.043478260515257716
0 0.663712671113899 0.2658862854586914 0.021455223381053656 0.05016722367145121
0 0.6571828205196653 0.21989966375986114 0.021455223381053656 0.04180601972620934
0 0.6138059558579698 0.22491638612700626 0.01865671598352492 0.04180601972620934
0 0.6119402842596173 0.2667224058532156 0.024253730778582394 0.0317725749919191
0 0.542444017220987 0.2031772558693774 0.017723880184348673 0.038461538148112595
0 0.546175360417692 0.17056856048293412 0.01585820858599618 0.02675585262477398
0 0.5237873012374621 0.14214046706911176 0.013992536987643689 0.030100334202870727
0 0.5629664048028644 0.11705685523338616 0.013992536987643689 0.030100334202870727
0 0.5778917775896844 0.17892976442817599 0.012126865389291197 0.033444815780967474
0 0.6273320749460254 0.152173911803402 0.013992536987643689 0.02675585262477398
0 0.6100746126612648 0.11956521641695872 0.011194029590114951 0.025083611835725605
0 0.591884314577328 0.1078595308936201 0.010261193790938705 0.01839464867953211
0 0.6385261045361403 0.11204013286624104 0.010261193790938705 0.02675585262477398
0 0.697761177783832 0.10367892892099917 0.013059701188467443 0.02675585262477398
0 0.6930969987879507 0.15468227298697457 0.01865671598352492 0.025083611835725605
0 0.6870335660933051 0.1973244131077081 0.019589551782701164 0.04013377893716097
0 0.7252798338595312 0.165551838115789 0.013992536987643689 0.03678929735906422
0 0.6506529699254315 0.1839464867953211 0.01585820858599618 0.02675585262477398
0 0.7341417739517055 0.2098662190255709 0.016791044385172427 0.03511705657001585
0 0.7499999825377017 0.16973244008840993 0.014925372786819935 0.021739130257628858
0 0.7327425202529412 0.1204013368114829 0.008395522192586213 0.02675585262477398
0 0.7635261016257573 0.13461538351839408 0.012126865389291197 0.03511705657001585
0 0.7803171460109297 0.1329431427293457 0.010261193790938705 0.025083611835725605
0 0.7915111756010447 0.1404682262800634 0.010261193790938705 0.030100334202870727
0 0.8120335631829221 0.13795986509649083 0.010261193790938705 0.028428093413822353
0 0.8302238612668589 0.14715718943625689 0.014925372786819935 0.030100334202870727
0 0.8166977421788033 0.1722408012719825 0.013992536987643689 0.030100334202870727
0 0.7961753545969259 0.18645484797889367 0.012126865389291197 0.0317725749919191
0 0.8451492340536788 0.18645484797889367 0.013059701188467443 0.0317725749919191
0 0.8680037111334968 0.1329431427293457 0.010261193790938705 0.028428093413822353
0 0.8983208746067248 0.1404682262800634 0.011194029590114951 0.023411371046677232
0 0.9277052022807766 0.16722407890483737 0.012126865389291197 0.020066889468580484
0 0.891324606112903 0.18729096837341785 0.012126865389291197 0.02675585262477398
0 0.880130576522788 0.2031772558693774 0.017723880184348673 0.0317725749919191
0 0.8661380395351443 0.2290969880996272 0.013992536987643689 0.04013377893716097
0 0.8633395321376156 0.16137123614316806 0.013992536987643689 0.025083611835725605
0 0.9235074411844835 0.27591973019298166 0.014925372786819935 0.04013377893716097
0 0.9221081874857191 0.21153845981461927 0.01585820858599618 0.03511705657001585
0 0.6707089396077208 0.1329431427293457 0.011194029590114951 0.025083611835725605
0 0.4808768544753548 0.16973244008840993 0.012126865389291197 0.028428093413822353
0 0.489272376667941 0.14715718943625689 0.012126865389291197 0.023411371046677232
0 0.5051305852539372 0.17976588482270017 0.013992536987643689 0.0317725749919191
0 0.37919775236514397 0.24331103480653837 0.017723880184348673 0.0317725749919191
0 0.5573693900078069 0.26254180388059467 0.021455223381053656 0.03678929735906422
0 0.595615657774033 0.13043478154577315 0.013992536987643689 0.02675585262477398
0 0.5573693900078069 0.14966555061982945 0.013992536987643689 0.03511705657001585
0 0.5704290911962744 0.15802675456507131 0.013992536987643689 0.0317725749919191
0 0.6091417768620886 0.15133779140887782 0.013059701188467443 0.0317725749919191
0 0.6189365527534392 0.10618729010457173 0.010261193790938705 0.025083611835725605
0 0.6329290897410829 0.13545150391291827 0.012126865389291197 0.02675585262477398
0 0.6497201341262553 0.12541805917862803 0.012126865389291197 0.02675585262477398
0 0.7467350572405849 0.12959866115124896 0.012126865389291197 0.025083611835725605
0 0.7024253567797132 0.1404682262800634 0.014925372786819935 0.033444815780967474
