0 0.05400000256486237 0.35333332954905927 0.04000000189989805 0.06133333267644048
0 0.13100000622216612 0.3613333294633776 0.04600000218488276 0.06666666595265269
0 0.20800000987946987 0.2599999972153455 0.04000000189989805 0.050666666124016047
0 0.26400001253932714 0.3519999962300062 0.05600000265985727 0.07999999914318323
0 0.3650000173365697 0.34533332963474095 0.04600000218488276 0.08799999905750155
0 0.35600001690909266 0.2693333304487169 0.04400000208988786 0.053333332762122154
0 0.3530000167666003 0.19599999790079892 0.03800000180490315 0.050666666124016047
0 0.483000022941269 0.2399999974295497 0.05400000256486237 0.0693333325907588
0 0.4740000225137919 0.16666666488163173 0.04000000189989805 0.05599999940022826
0 0.5630000267410651 0.1559999983292073 0.042000001994892955 0.06133333267644048
0 0.6290000298758969 0.2519999973010272 0.05400000256486237 0.07733333250507712
0 0.7780000369530171 0.12266666535288095 0.06400000303983688 0.08533333241939545
0 0.935000044410117 0.18133333139121532 0.06200000294484198 0.11199999880045652
0 0.8360000397078693 0.41199999558739364 0.10000000474974513 0.14666666509583592
