0 0.08574379805941135 0.41666667675599456 0.10950412764213979 0.18000000435858965
0 0.34710742346942425 0.5433333464898169 0.06611569970846176 0.11333333607763052
0 0.362603290588595 0.46333334455266595 0.05165289039723575 0.08000000193715096
0 0.5030991524690762 0.4900000118650496 0.05991735286079347 0.08000000193715096
0 0.4886363431578502 0.4216666768770665 0.03512396547012031 0.06333333486691117
0 0.5640495631378144 0.4150000100489706 0.03305784985423088 0.06333333486691117
0 0.6033057598397136 0.44000001065433025 0.03719008108600974 0.06666666828095913
0 0.6260330316144973 0.4116666766349226 0.0206611561588943 0.05000000121071935
0 0.6694214595481753 0.4266666769981384 0.03305784985423088 0.060000001452863216
0 0.732437985832803 0.41000000992789865 0.02272727177478373 0.04666666779667139
0 0.9803718597395346 0.5183333458844572 0.03512396547012031 0.10333333583548665
0 0.9648759926203638 0.4666666779667139 0.0413223123177886 0.060000001452863216
0 0.946280952077359 0.43333334382623434 0.02892561862245202 0.0533333346247673
0 0.9721073972759768 0.41666667675599456 0.03099173423834145 0.060000001452863216
