0 0.05186385661363602 0.5576519723981619 0.10048622218891978 0.18029349483549595
0 0.1742301433114335 0.2547169723547995 0.0761750394012779 0.11111110728234053
0 0.2917341934517026 0.47274631494656205 0.06807131180539727 0.1027253633365035
0 0.3508914049016312 0.5230607786215842 0.07293354836292565 0.10691823530942202
0 0.43435979913920164 0.44549264712259173 0.06482982076704502 0.098532491363585
0 0.47163694608025253 0.582809204235673 0.09724473115056753 0.14675051905214787
0 0.5072933475021273 0.47589096892625093 0.05186385661363602 0.07547169551253319
0 0.5542949675582349 0.4979035467840731 0.07131280284374952 0.10691823530942202
0 0.5883306234609336 0.46121591702103615 0.05510534765198827 0.08805031143128872
0 0.6677471539005637 0.5576519723981619 0.10372771322727203 0.14675051905214787
0 0.6693678994197398 0.8899370762519538 0.26256077410653234 0.2201257785782218
0 0.9570502290735021 0.8354297406040132 0.08589951251633465 0.20754716265946627
0 0.6669367811409757 0.47589096892625093 0.05348460213281214 0.07547169551253319
0 0.7204213832737878 0.4853249308653176 0.04700162005610764 0.07337525952607393
0 0.7852512040408328 0.4790356229059398 0.0632090752478689 0.098532491363585
0 0.8152349961455911 0.5387840485200286 0.07779578492045403 0.1215932872146368
0 0.8379254334140569 0.46540878899395466 0.06807131180539727 0.0796645674854517
0 0.8614262434421107 0.4297693772241473 0.059967584209516644 0.07127882353961468
0 0.9513776197563857 0.48742136685177684 0.06807131180539727 0.09433961939066648
