0 0.04987373617768753 0.3251262623234652 0.031565655808662996 0.05681818176526576
0 0.07344275918148924 0.32417929262737744 0.03367003286257386 0.05050505045801401
0 0.15509258887323085 0.33143939363071695 0.027356901700841263 0.048611111065838486
0 0.21191076932882424 0.33664772695919964 0.02441077382536605 0.04198232319322415
0 0.21054292424378218 0.31155303001287393 0.01746632954746019 0.03156565653625876
0 0.2361111054487992 0.31155303001287393 0.019781144306762144 0.03787878784351051
0 0.26167928665381623 0.3230744946486084 0.024621211530757137 0.04640151510830037
0 0.29955807362421183 0.36726641379937064 0.04145622796204407 0.07796717164455913
0 0.30418770314281574 0.3102904037514236 0.027988214817014523 0.04419191915076226
0 0.28377524571988033 0.30886994920729194 0.018308080369024538 0.036931818147422746
0 0.31681396546628093 0.30350378759612795 0.018308080369024538 0.036931818147422746
0 0.34795874586416176 0.29829545426764525 0.021675083655281924 0.03914141410496086
0 0.3690025164032704 0.38510100974235684 0.0456649820698658 0.0839646463864483
0 0.3837331557806465 0.3124999997089617 0.024621211530757137 0.03787878784351051
0 0.41109005748148775 0.3120265148609178 0.020412457422935404 0.0432449494546745
0 0.42760941735468805 0.3219696966698393 0.02946127875475213 0.05681818176526576
0 0.4539141305285739 0.31360479768773075 0.027356901700841263 0.05460858580772765
0 0.46548820432508364 0.33191287847876083 0.026515150879276916 0.055871212069178
0 0.49736951669183327 0.352430555227329 0.058291244393331 0.09059343425906263
0 0.5562920742013375 0.3456439390720334 0.038510100086568855 0.08333333325572312
0 0.4952651396379224 0.29624368659278844 0.01620370331511367 0.02619949492509477
0 0.5072600888452143 0.30145201992127113 0.01620370331511367 0.03661616158206016
0 0.5615530168361147 0.25726010077050887 0.02251683447684627 0.04924242419656366
0 0.5875420734519139 0.23469065634708386 0.026515150879276916 0.05460858580772765
0 0.6219486382833566 0.32607323201955296 0.027988214817014523 0.06123737368034199
0 0.6387836547146435 0.30303030274808407 0.018308080369024538 0.042297979758586735
0 0.666771869531658 0.3050820704229409 0.015361952493549325 0.03377525249379687
0 0.6601430818118388 0.29876893911568914 0.015993265609722584 0.02746212118654512
0 0.6871843269545934 0.31881313101621345 0.02251683447684627 0.048611111065838486
0 0.6906565490935463 0.28787878761067986 0.009680134447989985 0.01578282826812938
0 0.7040193433858803 0.2941919189179316 0.018308080369024538 0.03472222218988463
0 0.7155934171823901 0.34138257543963846 0.025883837763103656 0.06218434337642975
0 0.7512626082461793 0.34138257543963846 0.03998316402430646 0.08933080799761228
0 0.7765151328931097 0.33885732291673776 0.031565655808662996 0.059027777722803876
0 0.7966119337579585 0.32086489869107027 0.026725588584668003 0.05460858580772765
0 0.7835647960237111 0.2588383835973218 0.020412457422935404 0.02714646462118253
0 0.8032407214777777 0.2741477270174073 0.015993265609722584 0.03251262623234652
0 0.8155513272431563 0.31928661586425733 0.018308080369024538 0.036931818147422746
0 0.8193392059401958 0.2946654037659755 0.013257575439638458 0.03377525249379687
0 0.9007785979265464 0.36663510066864546 0.054082490285509266 0.09374999991268851
0 0.8800504839455243 0.32875631282513496 0.037878786970395595 0.06407828276860528
0 0.8593223699645023 0.3118686865782365 0.021675083655281924 0.041035353497136384
0 0.8645833125992795 0.2662563128833426 0.018308080369024538 0.029356060578720644
0 0.9053030085924547 0.2687815654062433 0.01809764266363345 0.036931818147422746
0 0.9189814594428753 0.3120265148609178 0.02314814759301953 0.0432449494546745
0 0.9335016611148603 0.2673611108621117 0.01683501643128693 0.02967171714408323
0 0.9509679906623205 0.3167613633413566 0.021043770539108664 0.04008838380104862
0 0.9754839833403821 0.35132575724855997 0.0393518509081332 0.07575757568702102
