0 0.7799999825656414 0.37166667566634715 0.09749999782070518 0.13666666997596622
0 0.8493749810149893 0.5100000123493373 0.021249999525025487 0.04666666779667139
0 0.8643749806797132 0.49416667863260955 0.026249999413266778 0.051666667917743325
0 0.6243749860441312 0.45583334437105805 0.028749999357387424 0.04500000108964741
0 0.5668749873293564 0.46166667784564197 0.033749999245628715 0.05000000121071935
0 0.5487499877344817 0.4500000108964741 0.0274999993853271 0.043333334382623434
0 0.4874999891035259 0.44833334418945014 0.0274999993853271 0.04000000096857548
0 0.46499998960644007 0.45666667772457004 0.024999999441206455 0.043333334382623434
0 0.4581249897601083 0.4300000104121864 0.023749999469146132 0.03666666755452752
0 0.42999999038875103 0.45666667772457004 0.03249999927356839 0.05666666803881526
0 0.36624999181367457 0.4691666780272499 0.03749999916180968 0.05833333474583924
0 0.356249992037192 0.5208333459449932 0.04499999899417162 0.07500000181607902
0 0.2649999940767884 0.5408333464292809 0.047499998938292265 0.08166666864417493
0 0.30374999321065843 0.46250001119915396 0.03749999916180968 0.06500000157393515
0 0.216874995152466 0.44916667754296213 0.04124999907799065 0.061666668159887195
0 0.22624999494291842 0.41000000992789865 0.03249999927356839 0.04000000096857548
0 0.25624999427236617 0.40250000974629074 0.024999999441206455 0.0383333342615515
0 0.2862499936018139 0.40833334322087467 0.02249999949708581 0.03666666755452752
0 0.3224999927915633 0.4275000103516504 0.02249999949708581 0.0383333342615515
0 0.3399999924004078 0.41833334346301854 0.019999999552965164 0.043333334382623434
0 0.18562499585095793 0.4300000104121864 0.028749999357387424 0.04666666779667139
0 0.15499999653548002 0.4458333441289142 0.03749999916180968 0.05833333474583924
0 0.11374999745748937 0.459166677785106 0.052499998826533556 0.08166666864417493
0 0.1406249968567863 0.4191666768165305 0.028749999357387424 0.04833333450369537
0 0.03687499917577952 0.4433333440683782 0.038749999133870006 0.060000001452863216
0 0.07374999835155904 0.38833334273658693 0.029999999329447746 0.043333334382623434
0 0.01812499959487468 0.384166675969027 0.026249999413266778 0.04500000108964741
