0 0.06314312398899347 0.38602328300476074 0.04396632337011397 0.07653909921646118
0 0.25210476911161095 0.2845257818698883 0.017773620085790753 0.03327786922454834
0 0.2731524771079421 0.265391007065773 0.02057998115196824 0.04492512345314026
0 0.2885874629719183 0.27870215475559235 0.017773620085790753 0.03161397576332092
0 0.30729653674643487 0.25790348649024963 0.023386342218145728 0.04991680383682251
0 0.3302151521202177 0.26788684725761414 0.018709073774516582 0.04326122999191284
0 0.3461178648285568 0.2662229537963867 0.018709073774516582 0.04991680383682251
0 0.32647333736531436 0.21797004342079163 0.018709073774516582 0.03327786922454834
0 0.3507951332721859 0.21131446957588196 0.016838166397064924 0.036605656147003174
0 0.37745556340087205 0.20715473592281342 0.017773620085790753 0.03494176268577576
0 0.39008418819867074 0.19301164150238037 0.018709073774516582 0.036605656147003174
0 0.39943872508592904 0.205490842461586 0.016838166397064924 0.03826954960823059
0 0.4275023357477039 0.21381030976772308 0.016838166397064924 0.02828618884086609
0 0.43171187734697014 0.2628951668739319 0.023386342218145728 0.04991680383682251
0 0.4176800720160827 0.16472545266151428 0.015902712708339095 0.026622295379638672
0 0.4307764236582443 0.15973377227783203 0.015902712708339095 0.036605656147003174
0 0.4391955068567768 0.20133110880851746 0.015902712708339095 0.03327786922454834
0 0.45463049272075295 0.22212977707386017 0.018709073774516582 0.03494176268577576
0 0.46445275645237416 0.20133110880851746 0.017773620085790753 0.03327786922454834
0 0.46071094169747084 0.165557399392128 0.015902712708339095 0.02828618884086609
0 0.4532273121876642 0.14392678439617157 0.012160897953435779 0.02163061499595642
0 0.4714686591178179 0.1472545713186264 0.016838166397064924 0.02828618884086609
0 0.481758649693802 0.1572379320859909 0.02057998115196824 0.03161397576332092
0 0.4878390986705199 0.12396006286144257 0.014031805330887437 0.02163061499595642
0 0.5032740845344961 0.15307819843292236 0.014967259019613266 0.036605656147003174
0 0.5196445240871981 0.14975041151046753 0.017773620085790753 0.029950082302093506
0 0.49251636711414903 0.22212977707386017 0.023386342218145728 0.04492512345314026
0 0.5210477046202868 0.20798668265342712 0.024321795906871557 0.036605656147003174
0 0.5430308663053438 0.13061563670635223 0.015902712708339095 0.02828618884086609
0 0.5519176763482392 0.15806987881660461 0.016838166397064924 0.03327786922454834
0 0.5589335790136829 0.1364392638206482 0.015902712708339095 0.03327786922454834
0 0.5757717454107478 0.1763727068901062 0.01964452746324241 0.04326122999191284
0 0.5809167406987399 0.15058235824108124 0.018709073774516582 0.03161397576332092
0 0.5626753937685862 0.10316139459609985 0.014031805330887437 0.023294508457183838
0 0.5898035507416353 0.11480864882469177 0.015902712708339095 0.026622295379638672
0 0.5926099118078128 0.09484192728996277 0.014031805330887437 0.026622295379638672
0 0.6216089761583135 0.1372712105512619 0.015902712708339095 0.03161397576332092
0 0.6155285271815956 0.11896838247776031 0.013096351642161608 0.02163061499595642
0 0.6192703419364989 0.10149750113487244 0.013096351642161608 0.023294508457183838
0 0.6379794157110155 0.11564059555530548 0.013096351642161608 0.02828618884086609
0 0.6534144015749916 0.0981697142124176 0.014031805330887437 0.026622295379638672
0 0.6716557485051453 0.10981696844100952 0.014967259019613266 0.026622295379638672
0 0.7015902665443718 0.09151414036750793 0.014967259019613266 0.03327786922454834
0 0.5654817548347637 0.23876871168613434 0.023386342218145728 0.04825291037559509
0 0.4906454597366974 0.28868551552295685 0.03086997172795236 0.05490848422050476
0 0.5500467689707875 0.30033276975154877 0.029934518039226532 0.05490848422050476
0 0.6089803513605148 0.3227953314781189 0.03180542541667819 0.05990016460418701
0 0.6099158050492406 0.2545756995677948 0.029934518039226532 0.053244590759277344
0 0.6216089761583135 0.21131446957588196 0.023386342218145728 0.04991680383682251
0 0.6651075726840645 0.19800332188606262 0.02057998115196824 0.046589016914367676
0 0.6557530357968062 0.1663893461227417 0.018709073774516582 0.036605656147003174
0 0.6833489196142182 0.1472545713186264 0.02151543484069407 0.041597336530685425
0 0.7086061692098156 0.12895174324512482 0.015902712708339095 0.03494176268577576
0 0.7001870860112831 0.2046588957309723 0.023386342218145728 0.04991680383682251
0 0.6646398458397016 0.2570715397596359 0.028999064350500703 0.04825291037559509
0 0.7104770765872672 0.28951746225357056 0.03086997172795236 0.04991680383682251
0 0.678671651170589 0.331114798784256 0.03461178648285568 0.06322795152664185
0 0.7815715569304302 0.2953410893678665 0.03274087910540402 0.06489184498786926
0 0.7544433999573812 0.22878535091876984 0.025257249595597386 0.06156405806541443
0 0.722637974540703 0.1763727068901062 0.02151543484069407 0.046589016914367676
0 0.7291861503617838 0.14891846477985382 0.017773620085790753 0.03826954960823059
0 0.7371375067159534 0.12063227593898773 0.016838166397064924 0.03826954960823059
0 0.7478952241363004 0.13144758343696594 0.014031805330887437 0.03993344306945801
0 0.7572497610235587 0.1472545713186264 0.017773620085790753 0.03826954960823059
0 0.7539756731130183 0.1073211282491684 0.013096351642161608 0.03826954960823059
0 0.7680074784439057 0.1264559030532837 0.016838166397064924 0.03993344306945801
0 0.7843779179966077 0.1181364357471466 0.012160897953435779 0.029950082302093506
0 0.7979419964831322 0.13061563670635223 0.014967259019613266 0.03161397576332092
0 0.8129092555027455 0.12396006286144257 0.014967259019613266 0.03494176268577576
0 0.7984097233274952 0.16888518631458282 0.01964452746324241 0.041597336530685425
0 0.8166510702576488 0.16472545266151428 0.014967259019613266 0.036605656147003174
0 0.8372310514096171 0.13477537035942078 0.014967259019613266 0.036605656147003174
0 0.8465855882968754 0.18801996111869812 0.016838166397064924 0.046589016914367676
0 0.8068288065260276 0.24043260514736176 0.02151543484069407 0.05490848422050476
0 0.8676332962932065 0.22712145745754242 0.01964452746324241 0.04492512345314026
0 0.8830682821571827 0.19301164150238037 0.016838166397064924 0.036605656147003174
0 0.8928905458888039 0.16139766573905945 0.017773620085790753 0.03993344306945801
0 0.8956969069549814 0.12396006286144257 0.017773620085790753 0.03826954960823059
0 0.8536014909623191 0.1480865180492401 0.017773620085790753 0.036605656147003174
0 0.8629560278495774 0.14226289093494415 0.014031805330887437 0.03494176268577576
0 0.8713751110481098 0.12479200959205627 0.012160897953435779 0.026622295379638672
0 0.9176800686400384 0.165557399392128 0.018709073774516582 0.041597336530685425
0 0.9265668786829337 0.19384358823299408 0.015902712708339095 0.04492512345314026
0 0.9298409665934741 0.15806987881660461 0.013096351642161608 0.036605656147003174
