0 0.05666666605975479 0.22565321647562087 0.06533333263359964 0.13301663286983967
0 0.14999999839346856 0.37292163143865764 0.035999999614432454 0.05700712837278843
0 0.1413333318196237 0.3372921762056649 0.029333333019167185 0.047505940310657024
0 0.1953333312412724 0.37767222546972334 0.035999999614432454 0.07600950449705124
0 0.22933333087712526 0.36935868591535836 0.039999999571591616 0.07363420748151839
0 0.24866666400339454 0.39192400756292045 0.04133333289064467 0.07125891046598554
0 0.2826666636392474 0.32660333963576704 0.026666666381061077 0.05938242538832128
0 0.31533332995604724 0.32660333963576704 0.022666666423901916 0.05938242538832128
0 0.3419999963371083 0.3337292306823656 0.02799999970011413 0.05463183135725558
0 0.37266666267532855 0.3372921762056649 0.025333333062008023 0.06175772240385413
0 0.4079999956302345 0.34916866128332913 0.029333333019167185 0.06175772240385413
0 0.4033333290135488 0.4406175963813439 0.04399999952875078 0.1068883656989783
0 0.45199999515898526 0.45130643295124173 0.04799999948590994 0.10451306868344545
0 0.45466666179709136 0.3574822008376941 0.03733333293348551 0.07838480151258409
0 0.5233333277283236 0.3206650970969349 0.025333333062008023 0.047505940310657024
0 0.47133332828525454 0.3064133150037378 0.025333333062008023 0.03800475224852562
0 0.5793333271285519 0.3254156911280006 0.03066666633822024 0.05700712837278843
0 0.5213333277497441 0.47980999713763595 0.050666666124016047 0.10926366271451116
0 0.607333326828666 0.4964370762463659 0.06266666599549353 0.12351544480770826
0 0.6233333266573027 0.399049898609519 0.046666666166856885 0.09026128659024835
0 0.6973333258647472 0.42399051727261394 0.04266666620969772 0.0878859895747155
0 0.7686666584340855 0.4216152202570811 0.0519999994430691 0.0926365836057812
0 0.7459999920101836 0.3705463344231248 0.035999999614432454 0.08076009852811694
0 0.7393333254149184 0.5427553680492565 0.07866666582413018 0.15439430600963533
0 0.8986666570417583 0.6294537091162056 0.08533333241939545 0.16627079108729959
0 0.8713333240011707 0.4346793538425118 0.06799999927170575 0.12351544480770826
0 0.829999991110526 0.37767222546972334 0.04399999952875078 0.09501188062131405
0 0.966666656313464 0.4679335120599717 0.06399999931454659 0.12351544480770826
0 0.9793333228444681 0.3942993045784533 0.04133333289064467 0.08076009852811694
