0 0.2450000059325248 0.6917293192818761 0.21666667191311717 0.3258145344443619
0 0.21000000508502126 0.4548872153973207 0.21666667191311717 0.26315789320506155
0 0.11000000266358256 0.36716791766230017 0.1766666709445417 0.2380952367093414
0 0.2516666727606207 0.2205513771623373 0.12000000290572643 0.2355889710597694
0 0.3375000081723556 0.17167919699568301 0.09833333571441472 0.20802004891447723
0 0.47250001144129783 0.15538847027346492 0.11166666937060654 0.23057643976062536
0 0.46166667784564197 0.46365914517082274 0.17333333753049374 0.26566415885463357
0 0.6025000145891681 0.3020050107734278 0.09833333571441472 0.19298245501704514
0 0.7450000180397183 0.19799498631618917 0.1000000024214387 0.23057643976062536
0 0.7383333512116224 0.513784458162263 0.153333337046206 0.26065162755548954
0 0.8316666868049651 0.18170425959397107 0.06333333486691117 0.11278195423074067
