0 0.1671875024912879 0.5506912437267601 0.1093750016298145 0.1520737325772643
0 0.14218750211875886 0.4193548383191228 0.07187500107102096 0.10138248838484287
0 0.29765625443542376 0.41820276458747685 0.06406250095460564 0.10368663584813476
0 0.38984375580912456 0.5299539165571332 0.08906250132713467 0.14746543765068054
0 0.47500000707805157 0.51382488431409 0.0656250009778887 0.11981566809117794
0 0.4226562562980689 0.3974654374178499 0.05468750081490725 0.08064516121521592
0 0.400781255972106 0.8732718885876238 0.21406250318977982 0.2350230412557721
0 0.7015625104540959 0.6601382482331246 0.11250000167638063 0.17741935467347503
0 0.5851562587195076 0.4366359442938119 0.06718750100117177 0.09447004599496722
0 0.6101562590920366 0.20852534542791545 0.06718750100117177 0.08986175106838346
0 0.7382812610012479 0.4919354834128171 0.07968750118743628 0.12211981555446982
0 0.7687500114552677 0.4642857138533145 0.059375000884756446 0.10829493077471852
