0 0.0664808927103877 0.47308781230822206 0.039012739434838295 0.07365438994020224
0 0.2261146530508995 0.3307365394430235 0.02229299396276474 0.04107648669742048
0 0.2746815327554941 0.30665721965488046 0.020700637251138687 0.04107648669742048
0 0.24880573619157076 0.35835693567059934 0.026273885741829872 0.04532577842473984
0 0.2826433163136244 0.35481585923116654 0.019108280539512634 0.04107648669742048
0 0.33837580122053623 0.29461755976080894 0.019108280539512634 0.03966005612164736
0 0.32444267999380827 0.3434844146249816 0.018312102183699608 0.04107648669742048
0 0.3757961839437485 0.2599150106543675 0.01592356711626053 0.03824362554587424
0 0.39251592941582203 0.2762039622757584 0.02229299396276474 0.03966005612164736
0 0.36902866791933775 0.3307365394430235 0.021496815606951714 0.035410764394328
0 0.39649682119488716 0.336402261746116 0.01751592382788658 0.03824362554587424
0 0.41122612077742815 0.2549575036391616 0.015127388760447502 0.03116147266700864
0 0.4343152930960059 0.2563739342149347 0.011942675337195396 0.03116147266700864
0 0.4458598792552948 0.24858356604818255 0.01751592382788658 0.04107648669742048
0 0.45660828705877066 0.23300282971467823 0.01990445889532566 0.03824362554587424
0 0.496417204849422 0.24150141316931695 0.011942675337195396 0.02407931978814304
0 0.4880573321133852 0.26062322594225407 0.01592356711626053 0.0283286115154624
0 0.5003980966284871 0.26558073295746 0.015127388760447502 0.03257790324278176
0 0.5091560585424304 0.24504248960874975 0.010350318625569344 0.01983002806082368
0 0.5294586066156626 0.2407931978814304 0.012738853693008423 0.02266288921236992
0 0.5402070144191384 0.2195467392448336 0.010350318625569344 0.02266288921236992
0 0.5537420464679599 0.20609064877498895 0.011942675337195396 0.02407931978814304
0 0.4331210255622864 0.33711047703400254 0.020700637251138687 0.03682719497010112
0 0.4518312169238925 0.31586401839740574 0.01990445889532566 0.03116147266700864
0 0.4880573321133852 0.3144475878216326 0.019108280539512634 0.03682719497010112
0 0.5553344031795859 0.2726628858363256 0.01353503204882145 0.02974504209123552
0 0.5656847218051553 0.24999999662395567 0.023089172318577766 0.02974504209123552
0 0.5847930023446679 0.2514164271997288 0.02468152903020382 0.02974504209123552
0 0.5824044672772288 0.2209631698206067 0.018312102183699608 0.03966005612164736
0 0.5903662508353591 0.20042492647189647 0.016719745472073555 0.02974504209123552
0 0.6046974612399936 0.2160056628054008 0.016719745472073555 0.02974504209123552
0 0.618232493288815 0.2174220933811739 0.015127388760447502 0.02974504209123552
0 0.44745223596692085 0.4050991446711123 0.023885350674390793 0.05382436187937856
0 0.511146504431963 0.3640226579736918 0.020700637251138687 0.05099150072783232
0 0.5222930014133453 0.40084985294379294 0.023885350674390793 0.05382436187937856
0 0.5756369512528181 0.3307365394430235 0.020700637251138687 0.04390934784896672
0 0.5712579702958465 0.3909348389133811 0.03582802601158619 0.05099150072783232
0 0.5688694352284074 0.44475920079275966 0.03105095587670803 0.06515580648556352
0 0.6405254872515798 0.21317280165385455 0.018312102183699608 0.02974504209123552
0 0.6516719842329621 0.2174220933811739 0.016719745472073555 0.02974504209123552
0 0.618232493288815 0.2549575036391616 0.01990445889532566 0.03966005612164736
0 0.6464968249201775 0.26983002468477935 0.01751592382788658 0.04107648669742048
0 0.616640136577189 0.3024079279275611 0.026273885741829872 0.03824362554587424
0 0.6234076526015997 0.3449008452007547 0.019108280539512634 0.04674220900051296
0 0.6333598820492625 0.3675637344131246 0.02468152903020382 0.05524079245515168
0 0.6751592457294464 0.2138810169417411 0.01751592382788658 0.02549575036391616
0 0.6783439591526985 0.24504248960874975 0.01751592382788658 0.03399433381855488
0 0.6675955513492227 0.2967422056244686 0.023089172318577766 0.03824362554587424
0 0.6648089271038771 0.35835693567059934 0.020700637251138687 0.05382436187937856
0 0.6186305824667215 0.47308781230822206 0.03980891779065132 0.06515580648556352
0 0.6990445964038372 0.4029744988074526 0.030254777520895004 0.05524079245515168
0 0.6890923669561744 0.5077903614146635 0.03582802601158619 0.0779036816675216
0 0.6994426855817437 0.2790368234273046 0.01353503204882145 0.03399433381855488
0 0.7113853609189391 0.24645892018452287 0.016719745472073555 0.03116147266700864
0 0.7197452336549759 0.24999999662395567 0.019108280539512634 0.04107648669742048
0 0.7380573358386755 0.230169968563132 0.01592356711626053 0.02691218093968928
0 0.7388535141944885 0.2613314412301406 0.012738853693008423 0.02691218093968928
0 0.7496019219979644 0.2790368234273046 0.011942675337195396 0.0283286115154624
0 0.7563694380223751 0.2386685520177707 0.012738853693008423 0.0212464586365968
0 0.7730891834944487 0.24008498259354383 0.014331210404634476 0.02691218093968928
0 0.781847145408392 0.2613314412301406 0.01751592382788658 0.04390934784896672
0 0.7898089289665222 0.2967422056244686 0.01592356711626053 0.035410764394328
0 0.7854299480095506 0.35481585923116654 0.01990445889532566 0.04674220900051296
0 0.7380573358386755 0.42351274215616286 0.03184713423252106 0.0566572230309248
0 0.799761158414185 0.5035410696873441 0.02468152903020382 0.06657223706133664
0 0.8236465090885758 0.4631727982778102 0.026273885741829872 0.06515580648556352
0 0.8152866363525391 0.24999999662395567 0.014331210404634476 0.02974504209123552
0 0.8037420501932502 0.3236543865641579 0.016719745472073555 0.035410764394328
0 0.8105095662176609 0.3045325737912208 0.01592356711626053 0.03682719497010112
0 0.8335987385362387 0.2634560870938003 0.014331210404634476 0.02549575036391616
0 0.8463375922292471 0.25354107306338847 0.01114649698138237 0.02549575036391616
0 0.8654458727687597 0.2726628858363256 0.012738853693008423 0.02691218093968928
0 0.8487261272966862 0.342776199337095 0.020700637251138687 0.05099150072783232
0 0.8328025601804256 0.360481581534259 0.020700637251138687 0.05240793130360544
0 0.8817675290629268 0.4525495689595118 0.029458599165081978 0.05807365360669792
0 0.8785828156396747 0.3165722336852923 0.015127388760447502 0.035410764394328
0 0.8976910961791873 0.30311614321544766 0.018312102183699608 0.04532577842473984
0 0.9060509689152241 0.2740793164120987 0.009554140269756317 0.02407931978814304
0 0.9068471472710371 0.3555240745190531 0.01751592382788658 0.05099150072783232
0 0.8240445982664824 0.27337110112421215 0.01114649698138237 0.03682719497010112
0 0.8602707134559751 0.3080736502306536 0.018312102183699608 0.0495750701520592
0 0.390923572704196 0.3002832820639014 0.01751592382788658 0.03682719497010112
0 0.34235669299960136 0.31728044897317886 0.01592356711626053 0.03116147266700864
