0 0.480693084304221 0.19499105180148035 0.030693070264533162 0.06440071435645223
0 0.5138614021707326 0.26386403798824176 0.0257425750605762 0.05903398816008121
0 0.537623779149726 0.19767441489966586 0.019801980815827847 0.044722718303091824
0 0.6252475442597643 0.20304114109603688 0.018811881775036454 0.044722718303091824
0 0.6618812087690458 0.19946332363178954 0.014851485611870885 0.033989265910349786
0 0.6742574467789382 0.21288013912271708 0.019801980815827847 0.04293380957096815
0 0.6633663573302329 0.25849731179187074 0.023762376978993416 0.05545617069583386
0 0.7034653684822842 0.19946332363178954 0.01683168369345367 0.044722718303091824
0 0.7460396272363141 0.2110912303905934 0.01683168369345367 0.04293380957096815
0 0.7712871527764946 0.23255813517607749 0.023762376978993416 0.05366726196371019
0 0.7252475473796949 0.3112701193895191 0.026732674101367593 0.05366726196371019
0 0.754455469083041 0.3354203872731887 0.0257425750605762 0.05903398816008121
0 0.8193069562548772 0.2620751292561181 0.022772277938202024 0.04830053576733917
0 0.8138614115305245 0.3872987405047752 0.03366336738690734 0.07334525801707059
0 0.9183168603340164 0.40339891909388825 0.03465346642769873 0.07692307548131794
