0 0.07083333504851907 0.5401002474827692 0.061666668159887195 0.09273182903416455
0 0.12000000290572643 0.5626566383289173 0.06666666828095913 0.09774436033330858
0 0.17500000423751771 0.4548872153973207 0.0533333346247673 0.08270676643587649
0 0.24333333922550082 0.4736842077691108 0.0533333346247673 0.060150375589728355
0 0.2441666725790128 0.2180451115127653 0.051666667917743325 0.07017543818801641
0 0.31750000768806785 0.6265664123930037 0.06833333498798311 0.10526315728202462
0 0.2691666731843725 0.7568922261707485 0.09833333571441472 0.15538847027346492
0 0.4525000109570101 0.7543859605211765 0.0916666688863188 0.1503759389743209
0 0.4958333453396335 0.5488721772562712 0.061666668159887195 0.10025062598288059
0 0.49333334527909756 0.4736842077691108 0.05000000121071935 0.08020050078630447
0 0.4741666781483218 0.43483709020074457 0.04833333450369537 0.0676691725384444
0 0.40833334322087467 0.49874686426483095 0.060000001452863216 0.0852130320854485
0 0.39333334285765886 0.4423558871494606 0.043333334382623434 0.06265664123930037
0 0.7050000170711428 0.4749373405938968 0.05666666803881526 0.10776942293159664
0 0.7100000171922147 0.4235588947776705 0.05000000121071935 0.08020050078630447
0 0.764166685170494 0.5789473650511354 0.07833333523012698 0.12030075117945671
0 0.8300000200979412 0.6992481162305921 0.12000000290572643 0.15538847027346492
0 0.919166688923724 0.5175438566366211 0.08166666864417493 0.12781954812817276
0 0.8341666868655011 0.4761904734186828 0.07166666840203106 0.10526315728202462
0 0.8008333527250215 0.4047619024058804 0.05500000133179128 0.08270676643587649
