0 0.2666666731238365 0.43749999022111297 0.03500000084750354 0.06499999854713678
0 0.34208334161667153 0.5318749881116673 0.03583333420101553 0.061249998630955815
0 0.31625000765779987 0.4031249909894541 0.034166667493991554 0.06874999846331775
0 0.3687500089290552 0.4124999907799065 0.034166667493991554 0.05749999871477485
0 0.4283333437051624 0.38437499140854925 0.030000000726431608 0.05874999868683517
0 0.44958334421971813 0.42624999047257006 0.03583333420101553 0.06499999854713678
0 0.4804166782996617 0.33874999242834747 0.02916666737291962 0.06249999860301614
0 0.537083346338477 0.3706249917158857 0.02916666737291962 0.05874999868683517
0 0.5700000138022006 0.3449999922886491 0.031666667433455586 0.0549999987706542
0 0.6066666813567281 0.3637499918695539 0.031666667433455586 0.06249999860301614
0 0.6466666823253036 0.39562499115709215 0.03666666755452752 0.05374999879859388
0 0.691250016738195 0.36312499188352376 0.03583333420101553 0.06374999857507646
0 0.6800000164657831 0.507499988656491 0.03666666755452752 0.07249999837949872
0 0.6045833479729481 0.49437498894985765 0.03750000090803951 0.05374999879859388
0 0.535833346308209 0.5006249888101593 0.03500000084750354 0.04874999891035259
