0 0.18190386262722313 0.2775000067194924 0.020735155325382948 0.041666667675599456
0 0.23185673682019114 0.2366666723974049 0.01696512708440423 0.03666666755452752
0 0.3251649357844144 0.229166672215797 0.015080112963914871 0.031666667433455586
0 0.30914231576025486 0.23166667227633297 0.015080112963914871 0.02666666731238365
0 0.345428837579675 0.23333333898335695 0.01979264826513827 0.03666666755452752
0 0.3760603170376271 0.2366666723974049 0.020735155325382948 0.043333334382623434
0 0.35862393642310053 0.30083334061782807 0.021677662385627627 0.041666667675599456
0 0.39066917647141963 0.28666667360812426 0.025447690626606345 0.04666666779667139
0 0.38030159880872816 0.18666667118668556 0.01602262002415955 0.033333334140479565
0 0.39585296530276537 0.18166667106561363 0.015080112963914871 0.03666666755452752
0 0.4151743600377813 0.19666667142882943 0.01602262002415955 0.03666666755452752
0 0.4575871777487919 0.1983333381358534 0.01979264826513827 0.02666666731238365
0 0.4613572059897706 0.23250000562984496 0.023562676506116986 0.051666667917743325
0 0.492459938977845 0.2991666739108041 0.029217718867585063 0.05500000133179128
0 0.4872761501464993 0.19750000478234142 0.024505183566361666 0.04500000108964741
0 0.44910461420658976 0.1766666709445417 0.01602262002415955 0.033333334140479565
0 0.4886899107368663 0.153333337046206 0.01790763414464891 0.03666666755452752
0 0.5197926437249407 0.17000000411644578 0.01979264826513827 0.033333334140479565
0 0.5480678555322811 0.16416667064186186 0.01979264826513827 0.0383333342615515
0 0.5885956591228023 0.16666667070239782 0.01979264826513827 0.030000000726431608
0 0.5749293067492545 0.1308333365013823 0.015080112963914871 0.031666667433455586
0 0.6196983921108767 0.2458333392860368 0.025447690626606345 0.051666667917743325
0 0.6253534344723448 0.20500000496394932 0.01790763414464891 0.04000000096857548
0 0.6649387310026214 0.21250000514555722 0.01979264826513827 0.04500000108964741
0 0.6540998998098075 0.27250000659842044 0.024505183566361666 0.05500000133179128
0 0.6960414639906958 0.1616666705813259 0.01602262002415955 0.033333334140479565
0 0.6998114922316745 0.22833333886228502 0.023562676506116986 0.04666666779667139
0 0.7092365628341213 0.2758333400124684 0.023562676506116986 0.04500000108964741
0 0.7554194087861106 0.24083333916496485 0.025447690626606345 0.04833333450369537
0 0.7323279858101159 0.1983333381358534 0.022620169445872307 0.04666666779667139
0 0.7690857611596584 0.1608333372278139 0.01885014120489359 0.041666667675599456
0 0.7606031976174563 0.307500007445924 0.024505183566361666 0.05833333474583924
0 0.835061255376786 0.32416667451616377 0.028275211807340384 0.06500000157393515
0 0.9081055525457487 0.3141666742740199 0.05183788831345737 0.11166666937060654
0 0.9231856655096635 0.23500000569038093 0.01979264826513827 0.05666666803881526
0 0.9604146943893284 0.20083333819638938 0.0320452400483191 0.07833333523012698
