0 0.12410714355064556 0.4608108219690621 0.07321428612340242 0.12162162456661463
0 0.19732142967404798 0.44729730812832713 0.07321428612340242 0.1270270301029086
0 0.27232143009314314 0.5459459591656923 0.08035714330617338 0.15675676055252552
0 0.33571428759023547 0.3972973069176078 0.08214285760186613 0.1297297328710556
0 0.325000001816079 0.24054054636508226 0.05714285746216774 0.11891892179846764
0 0.40357143082655966 0.3283783863298595 0.07500000041909516 0.1270270301029086
0 0.5071428599767387 0.2702702768146992 0.060714286053553224 0.11351351626217365
0 0.5428571458905935 0.3229729807935655 0.07142857182770967 0.1324324356392026
0 0.39196428790455684 0.5162162287160754 0.0982142862631008 0.17297297716140747
0 0.6928571467287838 0.47567568719387054 0.07857142901048064 0.17297297716140747
0 0.7669642900000326 0.5324324453249574 0.09107142908032984 0.18378378823399544
