0 0.049739585927454755 0.6032407300663181 0.08802083792397752 0.14907407143618912
0 0.12109375631553121 0.5736111009609886 0.06510417006211355 0.11388888687361032
0 0.17161459228373133 0.5115740650217049 0.05989583645714447 0.09166666504461318
0 0.05026041928795166 0.8615740588284098 0.09843750513391569 0.2657407360384241
0 0.1973958436283283 0.6717592473723926 0.08958333800546825 0.16574073780793697
0 0.2531250132014975 0.6069444337044843 0.073958337190561 0.13611110870260745
0 0.31718751654261723 0.533796286850702 0.05208333604969084 0.09537036868277937
0 0.4453125232248567 0.35787036403780803 0.03645833523478359 0.06203703593928367
0 0.5546875289292075 0.5976851746090688 0.07500000391155481 0.13796296052169055
0 0.5455729451205116 0.4921296209213324 0.060937503178138286 0.13981481234077364
0 0.580208363593556 0.49953702819766477 0.04270833556074649 0.09351851686369628
0 0.651302117301384 0.5055555466096848 0.0494791692472063 0.10555555368773639
0 0.6867187858151738 0.48055554705206305 0.030729168269317597 0.08518518367782235
0 0.7182292041252367 0.4726851768209599 0.04062500211875886 0.07685185049194843
0 0.7398437885858584 0.5407407311722636 0.05052083596820012 0.12777777551673353
0 0.6955729529436212 0.758796282869298 0.13072917348472401 0.26759258785750717
0 0.8200521261023823 0.5370370275340974 0.05364583613118157 0.09444444277323782
0 0.8026042085257359 0.4694444361375645 0.051041669328697026 0.07222222094424069
0 0.8716146287915763 0.47361110273050144 0.051562502689193934 0.0861111095873639
0 0.9572917165933177 0.5518518420867622 0.08541667112149298 0.13148147915489972
0 0.9554687998315785 0.4564814734039828 0.03906250203726813 0.07962962822057307
