0 0.18750000454019755 0.43867923016659915 0.043918919982388616 0.0911949654109776
0 0.2947635206510313 0.4481131921056658 0.048986487672664225 0.0911949654109776
0 0.45354730827966705 0.4261006142478436 0.042229730752296746 0.08490565745159984
0 0.5650337974657305 0.43867923016659915 0.042229730752296746 0.0723270415328443
0 0.6452702858950943 0.43396224919706583 0.0337837846018374 0.06289307959377766
0 0.70016893587308 0.42767294123768806 0.035472973831929266 0.05660377163439989
0 0.7516892073908821 0.4261006142478436 0.030405406141653657 0.059748425614088774
0 0.7280405581695959 0.5361635035369545 0.057432433823123574 0.12264150520786643
0 0.8099662358290516 0.5125785986892879 0.055743244593031704 0.13207546714693308
0 0.881756778107956 0.4937106748111546 0.054054055362939835 0.10062892735004425
0 0.9442567796213552 0.4716980969533324 0.057432433823123574 0.11320754326879978
