0 0.06022845534607768 0.28598131716717035 0.024922119453549385 0.04859813232906163
0 0.29387332522310317 0.2074766418663785 0.012461059726774693 0.029906542971730232
0 0.3078920174157247 0.2130841186735779 0.013499481370672584 0.022429907228797674
0 0.323987552896142 0.23271028749877587 0.01869158959016204 0.03925233765039593
0 0.32814123947173357 0.18691589357331395 0.016614746302366257 0.029906542971730232
0 0.35202493728138506 0.18785047304118052 0.014537903014570475 0.03177570190746337
0 0.37227415933739394 0.19906542665557936 0.013499481370672584 0.028037384035997093
0 0.3707165268715471 0.2289719696273096 0.016614746302366257 0.03177570190746337
0 0.4049844411201775 0.2317757080309093 0.014537903014570475 0.029906542971730232
0 0.4143302359152585 0.24485982058104128 0.016614746302366257 0.04485981445759535
0 0.4117341818055138 0.1915887909126468 0.015576324658468366 0.028037384035997093
0 0.3785046892007813 0.16168224794091657 0.011422638082876801 0.024299066164530814
0 0.41121497098356485 0.154205612197984 0.012461059726774693 0.03177570190746337
0 0.4231568198883906 0.1485981353907846 0.00934579479508102 0.024299066164530814
0 0.43977156619075686 0.15327103273011744 0.015576324658468366 0.026168225100263953
0 0.43406024714931846 0.18411215516971424 0.014537903014570475 0.03925233765039593
0 0.4496365718077868 0.17570093995891511 0.014537903014570475 0.03364486084319651
0 0.457424734137021 0.1981308471877128 0.015576324658468366 0.04112149658612907
0 0.47507790208328515 0.18411215516971424 0.015576324658468366 0.028037384035997093
0 0.4906542267417535 0.15514019166585058 0.015576324658468366 0.029906542971730232
0 0.4802700103027746 0.1392523407121189 0.011422638082876801 0.024299066164530814
0 0.47871237783692777 0.12242991029052064 0.012461059726774693 0.020560748293064535
0 0.49532712413929403 0.11869159241905436 0.01038421643897891 0.024299066164530814
0 0.5062305514002219 0.1420560791157186 0.011422638082876801 0.022429907228797674
0 0.5218068760586902 0.16915888368384913 0.015576324658468366 0.03551401977892965
0 0.5462097846902907 0.1485981353907846 0.016614746302366257 0.03177570190746337
0 0.5384216223610565 0.1271028076298535 0.011422638082876801 0.022429907228797674
0 0.5275181951001287 0.14299065858358517 0.012461059726774693 0.024299066164530814
0 0.562305320170708 0.1794392578303814 0.017653167946264148 0.03738317871466279
0 0.5830737530486658 0.1514018737943843 0.015576324658468366 0.03364486084319651
0 0.5768432231852785 0.13457944337278605 0.013499481370672584 0.029906542971730232
0 0.5602284768829122 0.11682243348332122 0.011422638082876801 0.028037384035997093
0 0.6022845534607768 0.1420560791157186 0.012461059726774693 0.026168225100263953
0 0.5919003370217979 0.12429906922625378 0.01038421643897891 0.024299066164530814
0 0.6235721971606836 0.13177570496918634 0.013499481370672584 0.028037384035997093
0 0.6360332568874583 0.11869159241905436 0.00934579479508102 0.024299066164530814
0 0.6246106188045815 0.10560747986892238 0.00934579479508102 0.020560748293064535
0 0.6417445759288967 0.10467290040105581 0.01038421643897891 0.022429907228797674
0 0.6022845534607768 0.11495327454758808 0.012461059726774693 0.020560748293064535
0 0.5924195478437468 0.21775701601291075 0.01973001123405993 0.03925233765039593
0 0.6323987811338156 0.25514019472757354 0.02076843287795782 0.054205609136261046
0 0.6500519490800798 0.23271028749877587 0.016614746302366257 0.03551401977892965
0 0.6370716785313562 0.2037383239949122 0.015576324658468366 0.03738317871466279
0 0.638629310997203 0.14953271485865116 0.012461059726774693 0.022429907228797674
0 0.6505711599020287 0.13457944337278605 0.013499481370672584 0.026168225100263953
0 0.6760124901775271 0.11962617188692093 0.012461059726774693 0.026168225100263953
0 0.685877495794557 0.10280374146532267 0.011422638082876801 0.022429907228797674
0 0.7076843503164127 0.10560747986892238 0.011422638082876801 0.028037384035997093
0 0.6915888148359954 0.31401870120316744 0.026998962741345167 0.056074768071994185
0 0.6874351282604039 0.2532710357918404 0.01869158959016204 0.04299065552186221
0 0.6635514304507524 0.17570093995891511 0.016614746302366257 0.029906542971730232
0 0.7159917234675959 0.18130841676611453 0.017653167946264148 0.03738317871466279
0 0.6973001338774338 0.17102804261958227 0.013499481370672584 0.028037384035997093
0 0.7388369996333495 0.1579439300694503 0.013499481370672584 0.03177570190746337
0 0.7331256805919111 0.13831776124425232 0.014537903014570475 0.029906542971730232
0 0.7596054325113073 0.19065421144478023 0.013499481370672584 0.03738317871466279
0 0.73364489141386 0.22990654909517616 0.017653167946264148 0.03364486084319651
0 0.7585670108674094 0.3485981415142305 0.028037384385243058 0.061682244879193604
0 0.790758081828244 0.28317757876357064 0.021806854521855712 0.05046729126479477
0 0.7653167515527457 0.24205608217744157 0.02076843287795782 0.04672897339332849
0 0.790758081828244 0.19532710878411308 0.015576324658468366 0.03177570190746337
0 0.791277292650193 0.16168224794091657 0.01038421643897891 0.028037384035997093
0 0.7710280705941841 0.1112149566761218 0.013499481370672584 0.028037384035997093
0 0.7980270333355293 0.1271028076298535 0.011422638082876801 0.026168225100263953
0 0.8213915203232318 0.12897196656558663 0.01038421643897891 0.026168225100263953
0 0.828660471830517 0.16915888368384913 0.012461059726774693 0.03177570190746337
0 0.8156802012817934 0.19719626771984622 0.013499481370672584 0.03177570190746337
0 0.8271028393646702 0.24579440004890785 0.017653167946264148 0.03925233765039593
0 0.8380062666255981 0.2102803802699782 0.014537903014570475 0.03925233765039593
0 0.8556594345718622 0.20467290346277878 0.012461059726774693 0.03925233765039593
0 0.8624091752571985 0.16822430421598256 0.015576324658468366 0.03364486084319651
0 0.8380062666255981 0.14672897645505145 0.012461059726774693 0.03177570190746337
0 0.8520249588182196 0.1271028076298535 0.011422638082876801 0.026168225100263953
0 0.9231568414252251 0.33551402896409854 0.02076843287795782 0.054205609136261046
0 0.8894081379985437 0.2224299133522436 0.017653167946264148 0.04485981445759535
0 0.8977155111497268 0.20841122133424506 0.015576324658468366 0.03551401977892965
0 0.8743510241620243 0.16074766847305 0.012461059726774693 0.029906542971730232
0 0.8914849812863395 0.16915888368384913 0.013499481370672584 0.03177570190746337
0 0.9044652518350631 0.16168224794091657 0.01038421643897891 0.024299066164530814
0 0.9044652518350631 0.13738318177638575 0.01038421643897891 0.024299066164530814
0 0.9485981717007235 0.18785047304118052 0.00934579479508102 0.028037384035997093
0 0.9392523769056424 0.1728972015553154 0.00934579479508102 0.028037384035997093
0 0.9288681604666635 0.2009345855913125 0.011422638082876801 0.03177570190746337
0 0.934060268686153 0.24579440004890785 0.015576324658468366 0.03925233765039593
0 0.9376947444397956 0.19532710878411308 0.012461059726774693 0.028037384035997093
