0 0.2382671465165913 0.8518072465667501 0.2671480127610266 0.28674699389375746
0 0.7337545080226846 0.6867470021825284 0.14981949364300817 0.20722891995683312
0 0.9413357341545634 0.7048192917136475 0.11732851911801845 0.2674698850605637
0 0.8880866370163858 0.4072289241012186 0.04693140764720738 0.07710843533277512
0 0.942238261224702 0.38192771875765175 0.05054151592776179 0.06987951952032745
0 0.728339345601853 0.3638554292265326 0.07400721975136548 0.0963855441659689
0 0.6705776131129824 0.4000000082887709 0.037906136945821345 0.04819277208298445
0 0.5866425955900922 0.36987952573690563 0.07220216561108828 0.09879518277011812
0 0.4738267118227668 0.40602410479914397 0.052346570068039 0.09879518277011812
0 0.42599277710542083 0.43373494874686 0.08303249045275152 0.10120482137426734
0 0.34837544907350093 0.4228915750281885 0.05776173248887062 0.09397590556181967
0 0.3880866401595995 0.38313253805972636 0.032490974524989724 0.05301204929128289
0 0.30054151435615495 0.41566265921574086 0.04512635350693017 0.06024096510373056
0 0.18953068472910672 0.3674698871327564 0.05415162420831621 0.06987951952032745
0 0.1552346560638398 0.4180722978198901 0.09025270701386034 0.12771084601990879
0 0.09476534236455336 0.41686747851781547 0.048736461787484586 0.07228915812447667
0 0.05054151592776179 0.40602410479914397 0.061371840769425035 0.07951807393692434
