0 0.05517578125 0.5336749634589069 0.0908203125 0.13323572475928813
0 0.1796875 0.49707174237119034 0.056640625 0.08052708639297634
0 0.26611328125 0.5285505125066265 0.0556640625 0.09077598829753697
0 0.32373046875 0.5109809663845226 0.0654296875 0.1083455344196409
0 0.43896484375 0.505124451010488 0.0400390625 0.07027818448841572
0 0.53857421875 0.5314787701936439 0.1181640625 0.1903367496561259
0 0.66552734375 0.40336749638663605 0.0380859375 0.06002928258385509
0 0.59619140625 0.5161054173368029 0.0283203125 0.06295754027087241
0 0.7109375 0.5087847731192596 0.0625 0.11859443632420152
0 0.662109375 0.5139092240715399 0.033203125 0.06149341142736375
0 0.82763671875 0.47071742318803445 0.1318359375 0.24450951686594635
0 0.02783203125 0.32430453883716837 0.0478515625 0.13909224013332278
