0 0.18875000457046553 0.546249987790361 0.12416666967328638 0.2249999949708581
0 0.09291666891658679 0.41687499068211764 0.08083333529066294 0.14374999678693712
0 0.07541666849283502 0.32437499274965376 0.07083333504851907 0.09374999790452421
0 0.20125000487314537 0.3499999921768904 0.05750000139232725 0.08499999810010195
0 0.23250000562984496 0.2993749933084473 0.041666667675599456 0.05874999868683517
0 0.306250007415656 0.3237499927636236 0.050833334564231336 0.07499999832361937
0 0.30291667400160804 0.4049999909475446 0.0691666683414951 0.12499999720603228
0 0.41875001013977453 0.3818749914644286 0.05416666797827929 0.10374999768100679
0 0.47750001156236976 0.45687498978804797 0.09500000230036676 0.17874999600462615
0 0.4125000099884346 0.2731249938951805 0.031666667433455586 0.0712499984074384
0 0.44666667748242617 0.2849999936297536 0.031666667433455586 0.05749999871477485
0 0.48791667848126963 0.3256249927217141 0.03750000090803951 0.06374999857507646
0 0.5175000125309452 0.28749999357387424 0.031666667433455586 0.0549999987706542
0 0.5554166801157407 0.3143749929731712 0.034166667493991554 0.06874999846331775
0 0.6375000154366717 0.42624999047257006 0.08166666864417493 0.1374999969266355
0 0.6216666817199439 0.336874992470257 0.04000000096857548 0.0712499984074384
0 0.6300000152550638 0.2974999933503568 0.031666667433455586 0.04999999888241291
0 0.687500016647391 0.3349999925121665 0.04000000096857548 0.06999999843537807
0 0.7554166849586181 0.3206249928334728 0.030833334079943597 0.0662499985191971
0 0.7987500193412416 0.3281249926658347 0.03750000090803951 0.06374999857507646
0 0.838750020309817 0.38749999133870006 0.05750000139232725 0.09499999787658453
0 0.9008333551464602 0.3849999913945794 0.05833333474583924 0.10749999759718776
