0 0.012690355069935322 0.4627906959503889 0.0236886627972126 0.04806201532483101
0 0.236886627972126 0.36124030873179436 0.015228426083922386 0.03410852700471878
0 0.2639593854546547 0.3976744171231985 0.01692047342658043 0.041860464960336685
0 0.2994923796504736 0.3976744171231985 0.01692047342658043 0.041860464960336685
0 0.2994923796504736 0.3186046499758959 0.015228426083922386 0.03875968977808952
0 0.34094753954559565 0.37674418464303017 0.021996615454554558 0.04961240291595459
0 0.3659052378498018 0.3480620142072439 0.014382402412593365 0.029457364231348038
0 0.39636209001764655 0.3565891459584236 0.014382402412593365 0.03100775182247162
0 0.3671742733567953 0.310852712020278 0.01692047342658043 0.0325581394135952
0 0.41666665812954307 0.35503875836730003 0.014382402412593365 0.040310077369213104
0 0.4014382320456207 0.28062015399336815 0.010998307727277279 0.021705426275730133
0 0.4170896699652076 0.2844961229711771 0.015228426083922386 0.020155038684606552
0 0.4213197883218527 0.32170542515814304 0.015228426083922386 0.0325581394135952
0 0.4462774866260588 0.3271317817270756 0.016074449755251408 0.021705426275730133
0 0.4657360310666263 0.37054263427853584 0.01776649709790945 0.03720930218696594
0 0.48730963468551636 0.33023255690932274 0.0118443313986063 0.024806201457977295
0 0.5190355223603547 0.3503875955939293 0.016074449755251408 0.03100775182247162
0 0.4420473682694137 0.25503875873982906 0.012690355069935322 0.023255813866853714
0 0.4568527825176716 0.2782945726066828 0.013536378741264343 0.029457364231348038
0 0.4894246938638389 0.2782945726066828 0.012690355069935322 0.026356589049100876
0 0.4881556583568454 0.2503875959664583 0.0118443313986063 0.023255813866853714
0 0.47969542164355516 0.24883720837533474 0.010152284055948257 0.023255813866853714
0 0.5228426288813353 0.28062015399336815 0.0118443313986063 0.03410852700471878
0 0.5329949129372835 0.2937984485179186 0.013536378741264343 0.029457364231348038
0 0.5427241851575673 0.26589147187769413 0.012690355069935322 0.023255813866853714
0 0.5621827295981348 0.2596899215131998 0.014382402412593365 0.0325581394135952
0 0.5659898361191154 0.30465116165578365 0.015228426083922386 0.0325581394135952
0 0.5482233390212059 0.37906976602971554 0.021996615454554558 0.04496124014258385
0 0.47546530328691006 0.440310075879097 0.025380710139870644 0.04651162773370743
0 0.5592216467484832 0.4465116262435913 0.021996615454554558 0.055813953280448914
0 0.5791032030247152 0.2286821696907282 0.010998307727277279 0.020155038684606552
0 0.593062593601644 0.2542635649442673 0.0118443313986063 0.01860465109348297
0 0.5977157237939537 0.2782945726066828 0.010998307727277279 0.029457364231348038
0 0.6180202919058502 0.26279069669544697 0.010998307727277279 0.020155038684606552
0 0.6192893274128437 0.23333333246409893 0.010152284055948257 0.026356589049100876
0 0.6290185996331275 0.21705426275730133 0.012690355069935322 0.03100775182247162
0 0.6446700375527143 0.2286821696907282 0.013536378741264343 0.0325581394135952
0 0.6577834044583142 0.23720930144190788 0.014382402412593365 0.024806201457977295
0 0.6632825583219528 0.26434108428657055 0.015228426083922386 0.023255813866853714
0 0.6954314578324556 0.24573643319308758 0.013536378741264343 0.026356589049100876
0 0.688240256626159 0.22635658830404282 0.012690355069935322 0.027906976640224457
0 0.7148900022730231 0.23333333246409893 0.013536378741264343 0.026356589049100876
0 0.6137901735492051 0.3643410839140415 0.019458544440567493 0.040310077369213104
0 0.6099830670282245 0.48527131602168083 0.027072757482528687 0.07131782919168472
0 0.6175972800701857 0.421705424785614 0.025380710139870644 0.04651162773370743
0 0.6522842505946755 0.3271317817270756 0.01692047342658043 0.040310077369213104
0 0.6971235051751137 0.2868217043578625 0.015228426083922386 0.03720930218696594
0 0.7220812034793198 0.26434108428657055 0.012690355069935322 0.029457364231348038
0 0.709813860245049 0.3240310065448284 0.018612520769238472 0.03720930218696594
0 0.6628595464862883 0.3728682156652212 0.01776649709790945 0.0325581394135952
0 0.6780879725702107 0.40232557989656925 0.024534686468541622 0.04496124014258385
0 0.7110828957520425 0.37751937843859196 0.021150591783225536 0.041860464960336685
0 0.6582064162939787 0.5007751919329166 0.030456852167844772 0.06201550364494324
0 0.7233502389863133 0.5317829437553883 0.030456852167844772 0.07751937955617905
0 0.8405245174653828 0.551162788644433 0.027918781153857708 0.06356589123606682
0 0.7965312865562737 0.4782945718616247 0.027918781153857708 0.05426356568932533
0 0.7432317952625453 0.44186046347022057 0.02284263912588358 0.05271317809820175
0 0.7461928781121969 0.3085271306335926 0.013536378741264343 0.027906976640224457
0 0.7546531148254871 0.27286821603775024 0.013536378741264343 0.027906976640224457
0 0.7614213041961193 0.24883720837533474 0.010152284055948257 0.023255813866853714
0 0.7783417776226997 0.24031007662415504 0.01692047342658043 0.027906976640224457
0 0.7829949078150094 0.2782945726066828 0.014382402412593365 0.029457364231348038
0 0.8011844167485833 0.30387596786022186 0.01692047342658043 0.043410852551460266
0 0.8049915232695639 0.2581395339220762 0.010998307727277279 0.0325581394135952
0 0.8193739256821573 0.25736434012651443 0.012690355069935322 0.027906976640224457
0 0.8443316239863634 0.2844961229711771 0.015228426083922386 0.026356589049100876
0 0.8405245174653828 0.32945736311376095 0.014382402412593365 0.029457364231348038
0 0.8346023517660797 0.388372091576457 0.01776649709790945 0.04496124014258385
0 0.8866328075528145 0.4054263550788164 0.020304568111896515 0.04806201532483101
0 0.8726734169758856 0.473643409088254 0.02284263912588358 0.05426356568932533
0 0.9395092870108783 0.5023255795240402 0.024534686468541622 0.058914728462696075
0 0.9631979498080909 0.388372091576457 0.01776649709790945 0.041860464960336685
0 0.8675972749479115 0.2682170532643795 0.010998307727277279 0.03100775182247162
0 0.8764805234968662 0.29612402990460396 0.013536378741264343 0.027906976640224457
0 0.8620981210842729 0.36201550252735615 0.018612520769238472 0.04496124014258385
0 0.8642131802625954 0.3325581382960081 0.012690355069935322 0.029457364231348038
0 0.9043993046507239 0.37906976602971554 0.01692047342658043 0.04496124014258385
0 0.9043993046507239 0.33100775070488453 0.013536378741264343 0.026356589049100876
0 0.8989001507870853 0.27286821603775024 0.010998307727277279 0.027906976640224457
0 0.9247038727626204 0.2937984485179186 0.0118443313986063 0.03565891459584236
0 0.9395092870108783 0.35271317698061466 0.014382402412593365 0.03875968977808952
0 0.9627749379724264 0.32790697552263737 0.0118443313986063 0.023255813866853714
0 0.9496615710668266 0.32868216931819916 0.009306260384619236 0.024806201457977295
0 0.965736020822078 0.29689922370016575 0.009306260384619236 0.023255813866853714
