0 0.055468750826548785 0.8321596364257857 0.09843750146683306 0.15727699757553637
0 0.11796875175787136 0.7417840482667089 0.08281250123400241 0.12206572946161032
0 0.058593750873114914 0.6150234830565751 0.051562500768341124 0.089201879221946
0 0.11562500172294676 0.45539906760677695 0.05625000083819032 0.09389671497046947
0 0.19531250291038305 0.517605641274713 0.037500000558793545 0.0633802826050669
0 0.2601562538766302 0.4718309927266091 0.03906250058207661 0.06103286473080516
0 0.2960937544121407 0.5070422608405352 0.03593750053551048 0.06103286473080516
0 0.35781250533182174 0.47417841060087085 0.034375000512227416 0.05164319323375821
0 0.45312500675208867 0.4542253586696461 0.02812500041909516 0.049295775359496474
0 0.4687500069849193 0.41901409055572003 0.02812500041909516 0.05868544685654342
0 0.4367187565076165 0.3978873296873644 0.023437500349245965 0.044600939610973
0 0.3804687556694262 0.40375587437301874 0.023437500349245965 0.042253521736711264
0 0.31875000474974513 0.4319248888641596 0.03125000046566129 0.04694835748523474
0 0.2859375042608008 0.4342723067384213 0.02812500041909516 0.032863850239664316
0 0.26562500395812094 0.4237089263042435 0.0218750003259629 0.03521126811392605
0 0.26093750388827175 0.3943662028759718 0.02500000037252903 0.042253521736711264
0 0.5156250076834112 0.31103286833968014 0.040625000605359674 0.07746478985063732
0 0.31406250467989594 0.651408460107632 0.05312500079162419 0.10563380434177816
0 0.23906250356230885 0.7781690253177658 0.08125000121071935 0.1150234758388251
0 0.37500000558793545 0.6936619818443432 0.07187500107102096 0.11971831158734858
0 0.4437500066123903 0.6361502439249307 0.05625000083819032 0.09859155071899295
0 0.5968750088941306 0.5211267680861056 0.040625000605359674 0.07511737197637558
0 0.594531258859206 0.6467136243591085 0.06718750100117177 0.12910798308439553
0 0.6117187591153197 0.8849765385966748 0.10156250151339918 0.18309859419241548
0 0.7445312610943802 0.7218309963354841 0.07343750109430403 0.15727699757553637
0 0.7062500105239451 0.6936619818443432 0.06250000093132257 0.11971831158734858
0 0.7093750105705112 0.5258216038346291 0.04687500069849193 0.06572770047932863
0 0.6390625095227733 0.4683098659152165 0.034375000512227416 0.05868544685654342
0 0.6781250101048499 0.43309859780129045 0.03125000046566129 0.049295775359496474
0 0.7054687605123036 0.38145540456753224 0.029687500442378223 0.05399061110801995
0 0.7359375109663233 0.38145540456753224 0.02812500041909516 0.044600939610973
0 0.6757812600699253 0.2934272342827171 0.03593750053551048 0.06103286473080516
0 0.5671875084517524 0.3861502403160557 0.02500000037252903 0.03990610386244953
0 0.7734375115251169 0.3638497705105692 0.0218750003259629 0.032863850239664316
0 0.7476562611409463 0.45187794079538435 0.03906250058207661 0.05868544685654342
0 0.9093750135507435 0.35446009901352227 0.07500000111758709 0.1408450724557042
0 0.9281250138301402 0.7276995410211384 0.08125000121071935 0.15023474395275116
0 0.9843750146683306 0.6889671460958198 0.03125000046566129 0.11032864009030163
0 0.898437513387762 0.9107981352135539 0.12500000186264515 0.178403758443892
