0 0.21671387809328735 0.512690344825387 0.04815863957628608 0.0947546511888504
0 0.43106703856028616 0.2639593854546547 0.021718602161854506 0.04060913622379303
0 0.42162416805513203 0.21996615454554558 0.017941453959792852 0.04060913622379303
0 0.4565627889242023 0.2284263912588358 0.021718602161854506 0.04060913622379303
0 0.48772426159121096 0.31302875839173794 0.033050046768039465 0.05752960965037346
0 0.5429650540463626 0.3595600603148341 0.026440037414431572 0.049069372937083244
0 0.7223795936442912 0.17935701832175255 0.026440037414431572 0.05076142027974129
0 0.7195467324927449 0.1345177637413144 0.01699716690927744 0.03891708888113499
0 0.7511803486850113 0.1421319767832756 0.017941453959792852 0.027072757482528687
0 0.8824362487066537 0.21573603618890047 0.01983002806082368 0.04568527825176716
