0 0.03562551847426221 0.41045846772613004 0.021541011170484126 0.04154727945569903
0 0.2390223739494104 0.3502865457558073 0.014084507303778082 0.030085960985161364
0 0.26387738683843054 0.3825215039541945 0.015741508163046092 0.03438395541161299
0 0.340927926794393 0.3681948558660224 0.01905550988158211 0.0372492850292474
0 0.2961889035941567 0.3159025903441943 0.015741508163046092 0.030085960985161364
0 0.36495443925377913 0.30229227466043085 0.015741508163046092 0.03151862579397857
0 0.38773820106871426 0.33595989766763523 0.011599006014876068 0.02722063136752695
0 0.4142502148170024 0.3459885513293557 0.016570008592680097 0.03868194983806461
0 0.4142502148170024 0.3101719311089255 0.016570008592680097 0.02722063136752695
0 0.4146644650318194 0.28295129974139854 0.014084507303778082 0.02722063136752695
0 0.3964374555798713 0.26790831924881786 0.012427506444510072 0.02578796655870974
0 0.43454847534303553 0.26432665722677484 0.012427506444510072 0.021489972132258117
0 0.45236123458016664 0.2757879756973125 0.013256006874144077 0.024355301749892533
0 0.44034797835047357 0.3151862579397857 0.014084507303778082 0.02578796655870974
0 0.4672742423135787 0.3481375485425815 0.018227009451948106 0.04011461464688182
0 0.4755592466099188 0.3116045959177427 0.014913007733412087 0.03295129060279578
0 0.4826015002618078 0.2793696377193555 0.012427506444510072 0.028653296176344156
0 0.46975974360248074 0.2600286628003232 0.013256006874144077 0.021489972132258117
0 0.4805302491877228 0.24426934990333393 0.016570008592680097 0.024355301749892533
0 0.519469769380521 0.2779369729105383 0.013256006874144077 0.028653296176344156
0 0.5273405234620441 0.2600286628003232 0.009113504725974053 0.021489972132258117
0 0.5318972758250311 0.24426934990333393 0.011599006014876068 0.021489972132258117
0 0.5463960333436262 0.2786533053149469 0.014084507303778082 0.03295129060279578
0 0.5666942938696593 0.30014327744720504 0.014913007733412087 0.030085960985161364
0 0.512841765943449 0.330945570836775 0.019884010311216116 0.0372492850292474
0 0.5911350565438624 0.26934098405763507 0.014084507303778082 0.03151862579397857
0 0.5675227942992933 0.2406876878812909 0.013256006874144077 0.028653296176344156
0 0.5845070531067904 0.23280803143279627 0.010770505585242063 0.024355301749892533
0 0.6122618174995296 0.23065903421957046 0.014913007733412087 0.028653296176344156
0 0.6193040711514186 0.21489972132258117 0.015741508163046092 0.022922636941075325
0 0.4672742423135787 0.42765044543193653 0.026512013748288155 0.04441260907333344
0 0.5451532826991752 0.3638968614395708 0.024855012889020145 0.04011461464688182
0 0.5550952878547832 0.4197707889834419 0.026512013748288155 0.06017192197032273
0 0.6205468217958696 0.43481376947602257 0.026512013748288155 0.05014326830860227
0 0.6222038226551376 0.37679084471892565 0.023198012029752135 0.042979944264516234
0 0.6081193153513595 0.34312322171172127 0.018227009451948106 0.035816620220430195
0 0.6404308321070857 0.3094555987045169 0.018227009451948106 0.04011461464688182
0 0.6483015861886088 0.2564470007782802 0.012427506444510072 0.02578796655870974
0 0.6097763162106276 0.26432665722677484 0.013256006874144077 0.024355301749892533
0 0.6367025801737327 0.22779370460193604 0.009113504725974053 0.02578796655870974
0 0.6487158364034258 0.23424069624161348 0.011599006014876068 0.015759312896989286
0 0.6657000952109229 0.2220630453666672 0.010770505585242063 0.022922636941075325
0 0.686412605951773 0.2399713554768823 0.012427506444510072 0.024355301749892533
0 0.7079536171222571 0.23424069624161348 0.010770505585242063 0.030085960985161364
0 0.685169855307322 0.28080230252817273 0.014913007733412087 0.03438395541161299
0 0.6665285956405569 0.37750717712333426 0.02236951160011813 0.05014326830860227
0 0.6992543626111001 0.3667621910572052 0.018227009451948106 0.04011461464688182
0 0.691383608529577 0.4563037416082807 0.03231151675572619 0.055873927543871105
0 0.7129246197000612 0.5007163506816141 0.0339685176149942 0.0730659052496776
0 0.7406793840928003 0.41475646215258166 0.026512013748288155 0.04727793869096786
0 0.7361226317298133 0.30014327744720504 0.0173985090223141 0.030085960985161364
0 0.7158243712037802 0.26790831924881786 0.014913007733412087 0.028653296176344156
0 0.7502071390335914 0.2542980035650544 0.012427506444510072 0.030085960985161364
0 0.7626346454781014 0.2363896934548393 0.012427506444510072 0.02578796655870974
0 0.7609776446188334 0.2786533053149469 0.014084507303778082 0.030085960985161364
0 0.7725766506337095 0.26361032482236624 0.012427506444510072 0.028653296176344156
0 0.7837614064337686 0.30085960985161364 0.016570008592680097 0.042979944264516234
0 0.7887324090115726 0.25071634154301137 0.011599006014876068 0.02578796655870974
0 0.8003314150264487 0.26289399241795763 0.013256006874144077 0.02722063136752695
0 0.8280861794191878 0.2765043081017211 0.015741508163046092 0.02578796655870974
0 0.85128419144894 0.26719198684440926 0.012427506444510072 0.02722063136752695
0 0.8297431802784558 0.30659026908688247 0.014084507303778082 0.03151862579397857
0 0.8301574304932728 0.520773658005055 0.028169014607556164 0.05873925716150552
0 0.7887324090115726 0.4398280963068828 0.021541011170484126 0.05157593311741948
0 0.85542669359711 0.4541547443950549 0.02734051417792216 0.05157593311741948
0 0.9275062309752684 0.4813753757625818 0.03231151675572619 0.06017192197032273
0 0.8218724261969328 0.37893984193215147 0.019884010311216116 0.04441260907333344
0 0.8280861794191878 0.3438395541161299 0.012427506444510072 0.02578796655870974
0 0.854598193167476 0.32306591438828036 0.0173985090223141 0.035816620220430195
0 0.8728252026194241 0.3868194983806461 0.01905550988158211 0.048710603499785066
0 0.8914664622861892 0.361747864226345 0.014913007733412087 0.035816620220430195
0 0.8956089644343592 0.3287965736235492 0.014913007733412087 0.02722063136752695
0 0.9275062309752684 0.33954155968967825 0.0173985090223141 0.04011461464688182
0 0.9473902412864845 0.35888253460871056 0.01905550988158211 0.03868194983806461
0 0.9096934717381373 0.2979942802339792 0.014913007733412087 0.03151862579397857
0 0.864540198323084 0.289398291381076 0.014084507303778082 0.02578796655870974
0 0.8732394528342411 0.2772206405061297 0.013256006874144077 0.030085960985161364
0 0.8856669592787512 0.26217766001354903 0.014913007733412087 0.03151862579397857
0 0.9469759910716675 0.28796562657225877 0.013256006874144077 0.028653296176344156
0 0.9362054854864255 0.29871061263838783 0.011599006014876068 0.024355301749892533
0 0.2957746533793397 0.3875358307850547 0.019884010311216116 0.03868194983806461
0 0.3632974383945111 0.3459885513293557 0.01905550988158211 0.03295129060279578
