0 0.0936255007982254 0.27543860219884664 0.013944223523139954 0.031578948022797704
0 0.12051793187856674 0.2587719351868145 0.0219123512506485 0.03684210602659732
0 0.20119522511959076 0.3087719362229109 0.033864542841911316 0.07017544005066156
0 0.2534860633313656 0.34736842825077474 0.03685259073972702 0.07368421205319464
0 0.34163347631692886 0.22105263615958393 0.01593625545501709 0.031578948022797704
0 0.45816734433174133 0.20614035514881834 0.01593625545501709 0.03333333402406424
0 0.48605579137802124 0.2307017591665499 0.019920319318771362 0.04385965003166348
0 0.5174302943050861 0.178947372129187 0.014940239489078522 0.045614036032930017
0 0.5502988211810589 0.1991228111437522 0.018924303352832794 0.0403508780291304
0 0.5911354757845402 0.1754386001266539 0.016932271420955658 0.03859649202786386
0 0.6374502182006836 0.2508771981811151 0.019920319318771362 0.04210526403039694
0 0.7246016152203083 0.2885964972083457 0.024900399148464203 0.05438596603926271
0 0.8351593874394894 0.2359649171703495 0.018924303352832794 0.04385965003166348
0 0.8416334912180901 0.34649123525014147 0.02589641511440277 0.047368422034196556
0 0.9073705449700356 0.12894737109309062 0.011952191591262817 0.029824562021531165
0 0.9367530159652233 0.16754386312095448 0.012948207557201385 0.029824562021531165
0 0.42579682543873787 0.2271929871640168 0.02091633528470993 0.03684210602659732
0 0.6230079866945744 0.14210526610258967 0.014940239489078522 0.03508772002533078
0 0.9267928563058376 0.2885964972083457 0.018924303352832794 0.03684210602659732
