0 0.27217391884187236 0.43213455617660657 0.10434782830998302 0.17749419354368
0 0.4204347915656399 0.42807423148769885 0.08956521929940209 0.13689094665460289
0 0.5408695767400786 0.35614847985561937 0.04869565321132541 0.07888630824163556
0 0.6460869702859782 0.5301623950945213 0.13913043774664402 0.21345706935971975
0 0.7147826239233837 0.40835265442728996 0.08521739311981946 0.15545243094675243
0 0.7339130591135472 0.3358468564110808 0.04695652273949236 0.07540602993685752
0 0.7686956685502082 0.36948954669060186 0.05217391415499151 0.09164732869248837
0 0.8165217565256171 0.34106727386824787 0.04869565321132541 0.08352667931467295
0 0.8500000181084033 0.30684453720459715 0.03913043561624363 0.05684454564470798
0 0.8317391481541563 0.28480277460766956 0.02869565278524533 0.04292343242559582
0 0.8986956713197287 0.294663563137874 0.021739130897913128 0.04640371073037386
0 0.9234782805433497 0.321345696807839 0.040000000852160156 0.06032482394948602
0 0.9408695852616802 0.28770300652831793 0.031304348492994905 0.04872389626689255
0 0.9856521949113812 0.2952436095220037 0.02869565278524533 0.054524360108189285
