0 0.20112254307605326 0.43781094532459974 0.05425631394609809 0.09950248757377267
0 0.2642656670650467 0.2636815920704976 0.02151543484069407 0.03316749585792422
0 0.2960710924817249 0.2636815920704976 0.02151543484069407 0.03980099502950907
0 0.3049579025246203 0.24875621893443167 0.016838166397064924 0.02653399668633938
0 0.3246024299878627 0.27280265343142673 0.0224508885294199 0.034825870650820434
0 0.3601496701594442 0.25704809289891273 0.024321795906871557 0.04311774461530149
0 0.388681007665582 0.26119402988115326 0.02151543484069407 0.04145936982240528
0 0.4144059841055423 0.25704809289891273 0.0224508885294199 0.04311774461530149
0 0.3409728695405647 0.2097844113013707 0.01964452746324241 0.03150912106502801
0 0.366697845980525 0.21393034828361124 0.016838166397064924 0.03316749585792422
0 0.3882132808212191 0.2247097844374366 0.016838166397064924 0.034825870650820434
0 0.3783910170895979 0.18242122721858323 0.017773620085790753 0.03316749585792422
0 0.40926098881755024 0.1782752902363427 0.015902712708339095 0.02819237147923559
0 0.4176800720160827 0.1940298507688567 0.017773620085790753 0.03316749585792422
0 0.43826005316805094 0.19568822556175292 0.015902712708339095 0.03316749585792422
0 0.4494854974327609 0.2238805970409885 0.02151543484069407 0.03980099502950907
0 0.4789522886276245 0.2247097844374366 0.0224508885294199 0.038142620236612856
0 0.44855004374403507 0.15671641792869195 0.015902712708339095 0.02819237147923559
0 0.4752104738727212 0.16832504147896543 0.016838166397064924 0.03150912106502801
0 0.4883068255148828 0.1915422885795124 0.014967259019613266 0.034825870650820434
0 0.4948550013359636 0.1351575456210412 0.013096351642161608 0.024875621893443167
0 0.5126286214217544 0.19568822556175292 0.013096351642161608 0.036484245443716645
0 0.5275958804413676 0.15754560532514006 0.014967259019613266 0.02653399668633938
0 0.5299345146631822 0.20315091212978587 0.017773620085790753 0.04145936982240528
0 0.5509822226595134 0.24626865674508736 0.0224508885294199 0.05472636816557497
0 0.49579045502468944 0.2960199005319737 0.024321795906871557 0.051409618579782546
0 0.5434985931497067 0.3150912106502801 0.03180542541667819 0.0597014925442636
0 0.5547240374144167 0.15671641792869195 0.014967259019613266 0.03150912106502801
0 0.5720299306558445 0.16832504147896543 0.017773620085790753 0.034825870650820434
0 0.569223569589667 0.14593698177486658 0.012160897953435779 0.023217247100546956
0 0.5668849353678524 0.12520729686366394 0.014967259019613266 0.024875621893443167
0 0.5051449919119477 0.14593698177486658 0.013096351642161608 0.023217247100546956
0 0.5898035507416353 0.149253731360659 0.014031805330887437 0.0298507462721318
0 0.5907390044303611 0.12023217248497531 0.014031805330887437 0.02819237147923559
0 0.6103835318936035 0.15588723053224385 0.015902712708339095 0.03316749585792422
0 0.6150608003372326 0.12023217248497531 0.014031805330887437 0.03150912106502801
0 0.6211412493139505 0.11442786070983857 0.013096351642161608 0.03316749585792422
0 0.6417212304659188 0.11525704810628667 0.013096351642161608 0.02819237147923559
0 0.6449953183764592 0.13930348260328174 0.015902712708339095 0.03316749585792422
0 0.6697848411276937 0.12354892207076773 0.014967259019613266 0.02819237147923559
0 0.6992516323225573 0.1484245439642109 0.015902712708339095 0.03150912106502801
0 0.6997193591669202 0.1791044776327908 0.014967259019613266 0.03980099502950907
0 0.7067352618323639 0.21144278609426692 0.01964452746324241 0.0447761194081977
0 0.6641721189953387 0.21310116088716313 0.0224508885294199 0.04809286899399012
0 0.6674462069058791 0.18076285242568702 0.01964452746324241 0.04311774461530149
0 0.6197380687808618 0.19817578775109723 0.017773620085790753 0.04145936982240528
0 0.6286248788237572 0.24378109455574304 0.0224508885294199 0.05306799337267876
0 0.6828811927698553 0.2504145937273279 0.0224508885294199 0.04643449420109391
0 0.618802615092136 0.3258706468041055 0.03461178648285568 0.05472636816557497
0 0.7221702476963401 0.29270315094618127 0.026192703284323215 0.05472636816557497
0 0.7123479839647189 0.15257048094645143 0.017773620085790753 0.03316749585792422
0 0.7464920436032116 0.11525704810628667 0.01122544426470995 0.02819237147923559
0 0.7656688442220911 0.12520729686366394 0.014031805330887437 0.02819237147923559
0 0.7572497610235587 0.13764510781038553 0.015902712708339095 0.0298507462721318
0 0.7362020530272275 0.1625207297038287 0.016838166397064924 0.03316749585792422
0 0.7329279651166871 0.1915422885795124 0.023386342218145728 0.04145936982240528
0 0.7591206684010103 0.2371475953841582 0.025257249595597386 0.0597014925442636
0 0.7745556542649865 0.2802653399994597 0.024321795906871557 0.05306799337267876
0 0.7703461126657203 0.1633499171002768 0.017773620085790753 0.034825870650820434
0 0.7825070106191561 0.19651741295820102 0.017773620085790753 0.04145936982240528
0 0.7890551864402369 0.1484245439642109 0.014031805330887437 0.03150912106502801
0 0.8096351675922051 0.16832504147896543 0.017773620085790753 0.03150912106502801
0 0.8348924171878025 0.149253731360659 0.012160897953435779 0.03316749585792422
0 0.8568755788728595 0.15754560532514006 0.014967259019613266 0.03316749585792422
0 0.842843773541972 0.17412935325410217 0.018709073774516582 0.03980099502950907
0 0.8278765145223588 0.21061359869781882 0.02057998115196824 0.04311774461530149
0 0.859214213094674 0.26119402988115326 0.02151543484069407 0.05804311775136739
0 0.8470533151412383 0.3150912106502801 0.025257249595597386 0.06301824213005602
0 0.9190832491731271 0.26699834165629 0.017773620085790753 0.05306799337267876
0 0.91955097601749 0.2388059701770544 0.018709073774516582 0.03980099502950907
0 0.8942937264218926 0.2064676617155783 0.016838166397064924 0.04145936982240528
0 0.8821328284684569 0.1641791044967249 0.013096351642161608 0.03316749585792422
0 0.8938259995775297 0.15588723053224385 0.014031805330887437 0.03316749585792422
0 0.9059868975309655 0.18656716420082375 0.014031805330887437 0.034825870650820434
