0 0.0556640625 0.6953125207219273 0.060546875 0.0963541695382446
0 0.0224609375 0.7233073132229038 0.04296875 0.09505208616610616
0 0.03271484375 0.647135435952805 0.0576171875 0.07291666883975267
0 0.42919921875 0.6432291858363897 0.0634765625 0.09114583604969084
0 0.53369140625 0.4420573048410006 0.0673828125 0.09765625291038305
0 0.48876953125 0.6901041872333735 0.0517578125 0.09375000279396772
0 0.52734375 0.712239604559727 0.064453125 0.09114583604969084
0 0.5732421875 0.7545573141542263 0.087890625 0.11588542012032121
0 0.6396484375 0.6881510621751659 0.064453125 0.09505208616610616
0 0.58837890625 0.6562500195577741 0.0576171875 0.08072916907258332
0 0.7373046875 0.7903646068880334 0.119140625 0.15885417140088975
0 0.76611328125 0.6881510621751659 0.0634765625 0.10807291988749057
0 0.837890625 0.7558593975263648 0.083984375 0.15234375454019755
0 0.939453125 0.6503906443831511 0.05859375 0.09244791942182928
0 0.95556640625 0.8958333600312471 0.0888671875 0.1927083390764892
