0 0.07084784971084446 0.2724489677930251 0.020905922865495086 0.04693877347745001
0 0.4233449380262755 0.22551019431557506 0.015098722069524229 0.03061224357225001
0 0.4721254247124307 0.17346938024275005 0.01742160238791257 0.03265305981040001
0 0.4924506274983287 0.17653060459997505 0.020905922865495086 0.04285714100115001
0 0.4593495829612948 0.23775509174447507 0.01742160238791257 0.03061224357225001
0 0.5603948768111877 0.18061223707627505 0.01742160238791257 0.03877550852485001
0 0.5737514386419207 0.19489795074332505 0.018583042547106743 0.04693877347745001
0 0.6469221686711535 0.12755101488437504 0.011614401591941714 0.03061224357225001
0 0.6881532943225466 0.17959182895720005 0.01742160238791257 0.03673469228670001
0 0.6451800084323622 0.22448978619650006 0.0243902433430776 0.04081632476300001
0 0.6463414485915564 0.2734693759121001 0.019744482706300914 0.04489795723930001
0 0.6492450489895418 0.3357142711756751 0.02555168350227177 0.055102038430050015
0 0.7015098561532795 0.3051020276034251 0.020905922865495086 0.051020405953750014
0 0.6957026553573087 0.23163264303002506 0.018583042547106743 0.03877550852485001
0 0.9564459710964002 0.24591835669707507 0.019744482706300914 0.03877550852485001
