0 0.19928114663343877 0.34309623506851494 0.03753993543796241 0.0753138076979667
0 0.21884983638301492 0.251046025659889 0.02396166091784835 0.04741980484686792
0 0.2523961616680026 0.21269177173962817 0.02076677279546857 0.03765690384898335
0 0.261182104004547 0.25453277601627633 0.02396166091784835 0.04881450498942286
0 0.28194887680001557 0.24476987501839176 0.02236421685665846 0.04602510470431298
0 0.3362619748804718 0.25592747615883127 0.02875399310141802 0.051603905274532735
0 0.3310702816816047 0.22594142309390008 0.024760382948443294 0.041841004276648164
0 0.3246805054368451 0.30195258086314425 0.031150159193202853 0.04881450498942286
0 0.34185302909463644 0.3856345894164406 0.05111820995807648 0.08786610898096114
0 0.3538338595535606 0.4372384946909733 0.04952076589688659 0.08507670869585127
0 0.4552715574391186 0.5655509078060277 0.0798722030594945 0.12691771297249943
0 0.4325079795671627 0.23849372437689453 0.027955271070823073 0.06694560684263706
0 0.4197284270776436 0.2029288707417436 0.021565494826063514 0.05439330555964261
