0 0.08656958217034116 0.08488063514232635 0.08252427459228784 0.1644562305882573
0 0.20954693254316226 0.24270556611008942 0.09870550490450114 0.193633948918432
0 0.33495146746281534 0.3368700207211077 0.11003236612305045 0.22811670694500208
0 0.3082524374476634 0.5596816879697144 0.16990291827823967 0.26525198481976986
0 0.3592233129311353 0.10875331377610564 0.09385113581083715 0.2122015878558159
0 0.28155340743251145 0.045092837419360876 0.061488675186410546 0.07957559544593096
0 0.39320389658678323 0.05172413703985512 0.0647249212488532 0.09814323438331485
0 0.5137540624127723 0.17904508975334466 0.1019417509669438 0.1777188298292458
0 0.6415857818792574 0.08488063514232635 0.09546925884205848 0.1644562305882573
0 0.6537217046134174 0.3580901795066893 0.10679612006060779 0.25994694512337446
0 0.7847896701423451 0.4867373921442777 0.14886731887236238 0.31564986193552613
0 0.7953074698452838 0.23607426648959517 0.11165048915427178 0.2122015878558159
0 0.8268608689540997 0.0862068950664252 0.08414239762350917 0.16180371074005961
0 0.7904531007516198 0.08090185537002981 0.06310679821763188 0.14058355195447803
0 0.9401294811395928 0.2957559630740434 0.11974110431037843 0.24137930618599057
0 0.9716828802484088 0.06896551605314016 0.056634306092746556 0.12732095271348953
