0 0.1677777818404138 0.6583333492744714 0.028888889588415623 0.043333334382623434
0 0.28777778474614024 0.6583333492744714 0.033333334140479565 0.043333334382623434
0 0.4077777876518667 0.6583333492744714 0.028888889588415623 0.05000000121071935
0 0.5088889012113214 0.6550000158604234 0.031111111864447594 0.05666666803881526
0 0.613333348184824 0.6600000159814954 0.02666666731238365 0.060000001452863216
0 0.7100000171922147 0.6583333492744714 0.03777777869254351 0.05666666803881526
0 0.8533333539962769 0.5683333470951766 0.031111111864447594 0.06333333486691117
0 0.7900000191293657 0.841666687047109 0.05111111234873533 0.05666666803881526
0 0.7755555743351579 0.8700000210665166 0.035555556416511536 0.0533333346247673
0 0.7433333513326943 0.8800000213086605 0.04666666779667139 0.06666666828095913
0 0.6944444612599909 0.9283333558123559 0.05111111234873533 0.07000000169500709
0 0.6300000152550638 0.9466666895896196 0.08666666876524687 0.09333333559334278
0 0.6800000164657831 0.8366666869260371 0.04000000096857548 0.0533333346247673
0 0.537777790799737 0.8583333541173488 0.04000000096857548 0.05666666803881526
0 0.4977777898311615 0.8600000208243728 0.04444444552063942 0.060000001452863216
0 0.460000011138618 0.845000020461157 0.04000000096857548 0.06333333486691117
0 0.4511111220344901 0.9116666887421161 0.0533333346247673 0.076666668523103
0 0.5111111234873533 0.9433333561755717 0.06222222372889519 0.08666666876524687
0 0.3511111196130514 0.9100000220350921 0.07111111283302307 0.07333333510905504
0 0.384444453753531 0.8683333543594927 0.04444444552063942 0.07000000169500709
0 0.37777778692543507 0.8300000200979412 0.04000000096857548 0.06666666828095913
0 0.3433333416469395 0.8300000200979412 0.05111111234873533 0.08000000193715096
0 0.2988888961263001 0.8300000200979412 0.03777777869254351 0.060000001452863216
0 0.26555556198582053 0.8633333542384207 0.04666666779667139 0.07333333510905504
0 0.19777778256684542 0.8933333549648523 0.06666666828095913 0.1066666692495346
0 0.20555556053295732 0.838333353633061 0.04222222324460745 0.076666668523103
0 0.14222222566604614 0.843333353754133 0.04888889007270336 0.08000000193715096
0 0.1144444472156465 0.8133333530277014 0.04666666779667139 0.07333333510905504
0 0.05444444576278329 0.9333333559334278 0.06444444600492716 0.1066666692495346
0 0.027777778450399637 0.8366666869260371 0.05111111234873533 0.08666666876524687
0 0.06333333486691117 0.8750000211875886 0.05111111234873533 0.076666668523103
