0 0.13400000636465847 0.6801801966503263 0.08400000398978591 0.15315315686166286
0 0.035000001662410796 0.6021021166816354 0.06600000313483179 0.11111111380159855
0 0.03000000142492354 0.5075075197964907 0.03600000170990825 0.07207207381725311
0 0.03200000151991844 0.4639639751985669 0.03200000151991844 0.057057058438658714
0 0.08900000422727317 0.4624624736607075 0.034000001614913344 0.054054055362939835
0 0.1150000054622069 0.512012024410069 0.04600000218488276 0.08108108304440975
0 0.1250000059371814 0.46846847981214523 0.034000001614913344 0.06606606766581535
0 0.25800001225434244 0.5090090213343501 0.04800000227987766 0.07507507689297199
0 0.20800000987946987 0.46846847981214523 0.03200000151991844 0.06606606766581535
0 0.2500000118743628 0.45795796904712915 0.03600000170990825 0.051051052287220955
0 0.3000000142492354 0.5645645782351494 0.05600000265985727 0.09609609842300415
0 0.2980000141542405 0.48498499672859907 0.03200000151991844 0.06306306459009647
0 0.3100000147242099 0.4489489598199725 0.028000001329928637 0.051051052287220955
0 0.33800001605413854 0.4444444552063942 0.02400000113993883 0.054054055362939835
0 0.35400001681409776 0.4789789905771613 0.03600000170990825 0.057057058438658714
0 0.3760000178590417 0.46546547673642635 0.03200000151991844 0.06606606766581535
0 0.390000018524006 0.4564564675092697 0.02400000113993883 0.054054055362939835
0 0.47300002246629447 0.37087087985128164 0.09800000465475023 0.1471471507102251
0 0.3310000157216564 0.8888889104127884 0.1500000071246177 0.2222222276031971
0 0.5400000256486237 0.774774793535471 0.12000000569969416 0.2222222276031971
0 0.5810000275960192 0.5900901043787599 0.058000002754852176 0.10510510765016079
0 0.5880000279285014 0.49849851056933403 0.04000000189989805 0.06606606766581535
0 0.6240000296384096 0.47597598750144243 0.04000000189989805 0.07507507689297199
0 0.6680000317282975 0.46546547673642635 0.03200000151991844 0.07207207381725311
0 0.6560000311583281 0.5585585720837116 0.05200000246986747 0.09009009227156639
0 0.7340000348631293 0.5165165290236473 0.04000000189989805 0.08408408612012863
0 0.7610000361455604 0.5180180305615067 0.034000001614913344 0.06906907074153423
0 0.7810000370955095 0.4789789905771613 0.034000001614913344 0.07507507689297199
0 0.8230000390904024 0.6126126274466515 0.08600000408478081 0.14414414763450623
0 0.8610000408953056 0.5810810951516032 0.06600000313483179 0.11711711995303631
0 0.8860000420827419 0.5480480613186955 0.04400000208988786 0.10510510765016079
0 0.9540000453125685 0.5570570705458522 0.05600000265985727 0.08708708919584751
0 0.9840000467374921 0.5375375505536795 0.03200000151991844 0.07807807996869087
