0 0.04076851042918861 0.36589403939433396 0.019681349862366915 0.036423841025680304
0 0.25773196248337626 0.24834437062963843 0.014995314180850983 0.029801324475556612
0 0.27179006952792406 0.25662251631729305 0.014995314180850983 0.029801324475556612
0 0.3223992548882961 0.20943708589766175 0.011246485635638237 0.024834437062963843
0 0.3383317762054503 0.20778145676013082 0.01312089990824461 0.02814569533802569
0 0.3598875403404236 0.19205297995358706 0.01312089990824461 0.02317880792543292
0 0.3781630794983357 0.18956953624729067 0.012183692771941423 0.02814569533802569
0 0.39597001508809626 0.21440397331025451 0.014058107044547796 0.031456953613087535
0 0.4151827613823116 0.18377483426593244 0.011246485635638237 0.029801324475556612
0 0.44470478617586195 0.18956953624729067 0.012183692771941423 0.021523178787901998
0 0.4475164075847715 0.2276490064105019 0.014058107044547796 0.02814569533802569
0 0.4634489289019257 0.22930463554803282 0.014058107044547796 0.038079470163211226
0 0.47891284665092826 0.19205297995358706 0.014995314180850983 0.02317880792543292
0 0.319119029911235 0.24337748321704566 0.01030927849933505 0.02317880792543292
0 0.331771326251328 0.24834437062963843 0.011246485635638237 0.03311258275061846
0 0.3462980368640274 0.2574503308860585 0.01593252131715417 0.038079470163211226
0 0.387066547293216 0.25248344347346574 0.011246485635638237 0.03476821188814938
0 0.40346767217852175 0.2640728474361822 0.017806935589760542 0.038079470163211226
0 0.49250235012732446 0.28642384079284966 0.021555764134973288 0.03973509930074215
0 0.5768509923946112 0.2872516553616151 0.017806935589760542 0.04139072843827307
0 0.5515463997144252 0.2466887414921075 0.021555764134973288 0.043046357575803995
0 0.507966267876327 0.1870860925409943 0.014995314180850983 0.029801324475556612
0 0.5337394641246647 0.1887417216785252 0.01593252131715417 0.029801324475556612
0 0.470009378856048 0.16142384090926498 0.012183692771941423 0.021523178787901998
0 0.47891284665092826 0.13245033100247383 0.009372071363031864 0.01655629137530923
0 0.5084348714444786 0.15976821177173406 0.01593252131715417 0.021523178787901998
0 0.5463917604647577 0.16142384090926498 0.01312089990824461 0.031456953613087535
0 0.5726335602812469 0.16887417202815413 0.01312089990824461 0.026490066200494766
0 0.5599812639411539 0.14983443694654852 0.01030927849933505 0.021523178787901998
0 0.5637300924863666 0.11920529790222645 0.012183692771941423 0.026490066200494766
0 0.5852858566213399 0.14569536410272121 0.012183692771941423 0.019867549650371075
0 0.6007497743703425 0.1307947018649429 0.009372071363031864 0.02317880792543292
0 0.6157450885511935 0.1415562912588939 0.011246485635638237 0.02814569533802569
0 0.633552024140954 0.13162251643370837 0.011246485635638237 0.018211920512840152
0 0.6129334671422839 0.20860927132889628 0.01874414272606373 0.02317880792543292
0 0.6012183779384941 0.2599337745923549 0.017806935589760542 0.03311258275061846
0 0.6246485563460737 0.30132450303062797 0.027179006952792406 0.043046357575803995
0 0.6696344988886267 0.2508278143359348 0.019681349862366915 0.04139072843827307
0 0.6452671133447438 0.20529801305383444 0.019681349862366915 0.03973509930074215
0 0.6766635524109006 0.14486754953395575 0.014995314180850983 0.024834437062963843
0 0.6715089131612331 0.11009933764580637 0.012183692771941423 0.021523178787901998
0 0.7000937308184803 0.14486754953395575 0.011246485635638237 0.018211920512840152
0 0.6949390915688127 0.17880794685333967 0.012183692771941423 0.03311258275061846
0 0.7118088200222701 0.1655629137530923 0.012183692771941423 0.026490066200494766
0 0.7286785484757274 0.19867549650371075 0.014058107044547796 0.029801324475556612
0 0.7010309379547834 0.22682119184173644 0.016869728453457355 0.03311258275061846
0 0.7075913879089057 0.29304635734297335 0.0206185569986701 0.03311258275061846
0 0.7652296267915517 0.26490066200494766 0.017806935589760542 0.03973509930074215
0 0.7497657090425491 0.23344370839186013 0.01312089990824461 0.036423841025680304
0 0.7633552125189453 0.2019867547787726 0.019681349862366915 0.03973509930074215
0 0.7582005732692778 0.1564569534966722 0.01312089990824461 0.024834437062963843
0 0.7727272838819772 0.13658940384630114 0.012183692771941423 0.024834437062963843
0 0.7558575554285198 0.12499999988358468 0.012183692771941423 0.024834437062963843
0 0.7296157556120306 0.1158940396271646 0.014058107044547796 0.02317880792543292
0 0.7905342194717377 0.16225165547803044 0.01593252131715417 0.03311258275061846
0 0.8280225049238652 0.15066225151531398 0.012183692771941423 0.026490066200494766
0 0.8402061976958066 0.15149006608407944 0.012183692771941423 0.02814569533802569
0 0.8795688974205405 0.1697019865969196 0.014058107044547796 0.02814569533802569
0 0.8865979509428144 0.20778145676013082 0.01312089990824461 0.03476821188814938
0 0.9015932651236653 0.21771523158531636 0.01312089990824461 0.031456953613087535
0 0.9104967329185456 0.25413907261099666 0.014058107044547796 0.038079470163211226
0 0.8313027299009264 0.20943708589766175 0.016869728453457355 0.038079470163211226
0 0.8439550262410194 0.31208609242457896 0.021555764134973288 0.04139072843827307
0 0.8392689905595034 0.2706953639863059 0.021555764134973288 0.03476821188814938
0 0.5899718923028558 0.11920529790222645 0.008434864226728678 0.013245033100247383
0 0.63823805982247 0.11258278135210276 0.011246485635638237 0.01655629137530923
