0 0.06250000325962901 0.6240740630310029 0.05625000293366611 0.09259259095415473
0 0.38645835348870605 0.6046296189306304 0.04375000228174031 0.09814814641140401
0 0.41770835511852056 0.625925914850086 0.054166669491678476 0.10740740550681949
0 0.4588541905977763 0.5879629525588825 0.044791669002734125 0.08703703549690545
0 0.4645833575632423 0.39074073382653296 0.041666668839752674 0.08518518367782235
0 0.5250000273808837 0.7638888753717765 0.08750000456348062 0.18333333008922637
0 0.6421875334926881 0.6009259152924642 0.038541668676771224 0.08333333185873926
0 0.7458333722315729 0.6111111002974212 0.054166669491678476 0.11481481278315187
0 0.8541667112149298 0.8472222072305158 0.13125000684522092 0.24999999557621777
0 0.9421875491389073 0.6490740625886247 0.0864583378424868 0.14999999734573066
0 0.9135417143115774 0.5564814716344699 0.047916669165715575 0.1018518500495702
0 0.9765625509317033 0.5898148043779656 0.04687500244472176 0.10555555368773639
0 0.84739587752847 0.5592592493630946 0.051041669328697026 0.08888888731598854
