0 0.2141666718525812 0.8045112735126168 0.22833333886228502 0.3909774413332343
0 0.07083333504851907 0.8934837040724233 0.12166666961275041 0.19298245501704514
0 0.05666666803881526 0.7781954841921106 0.1000000024214387 0.167919798521325
0 0.44000001065433025 0.8107769376365468 0.14666667021811008 0.26315789320506155
0 0.5450000131968409 0.8308270628331229 0.09000000217929482 0.13784461072646081
0 0.6525000157998875 0.8220551330596209 0.22500000544823706 0.3558897222392261
0 0.5125000124098733 0.5914786932989955 0.07166666840203106 0.11027568858116865
0 0.8633333542384207 0.8734335788758472 0.09666666900739074 0.17293232982046902
0 0.9383333560544997 0.8170426017604768 0.076666668523103 0.1353383450768888
0 0.9741666902555153 0.8182957345852628 0.051666667917743325 0.24310776800848544
