0 0.1749999960884452 0.5503875948488712 0.0549999987706542 0.09302325546741486
0 0.34874999220483005 0.6647286796942353 0.07749999826774001 0.12015503831207752
0 0.317499992903322 0.9127906942740083 0.1699999962002039 0.17441860400140285
0 0.35874999198131263 0.5116279050707817 0.05749999871477485 0.08527131751179695
0 0.46499998960644007 0.40697674266994 0.03499999921768904 0.06976744160056114
0 0.5049999887123704 0.5813953466713428 0.05999999865889549 0.09302325546741486
0 0.596249986672774 0.4573643393814564 0.042499999050050974 0.06201550364494324
0 0.7199999839067459 0.7577519351616502 0.09999999776482582 0.17441860400140285
0 0.7187499839346856 0.4651162773370743 0.042499999050050974 0.06976744160056114
0 0.7612499829847366 0.4709302308037877 0.052499998826533556 0.10465116240084171
0 0.8224999816156924 0.4127906961366534 0.029999999329447746 0.05038759671151638
0 0.8587499808054417 0.4631782928481698 0.042499999050050974 0.0891472864896059
0 0.9137499795760959 0.4302325565367937 0.03749999916180968 0.06976744160056114
