0 0.05208333604969084 0.24027778359595686 0.041666668839752674 0.06944444612599909
0 0.013541667372919619 0.27222222881391644 0.02291666786186397 0.07222222397103906
0 0.2166666779667139 0.22638889437075704 0.029166668187826872 0.05277777905575931
0 0.2406250125495717 0.22083333868067712 0.031250001629814506 0.05833333474583924
0 0.2895833484362811 0.24305556144099683 0.04583333572372794 0.07500000181607902
0 0.31145834957715124 0.28055556234903634 0.06458333670161664 0.1000000024214387
0 0.3718750193947926 0.3152777854120359 0.08541667112149298 0.13611111440695822
0 0.47916669165715575 0.5250000127125531 0.15833334159106016 0.23333333898335695
0 0.4333333559334278 0.20138889376539737 0.03333333507180214 0.04722222336567938
0 0.4312500224914402 0.25555556174367666 0.03750000195577741 0.05000000121071935
0 0.49062502558808774 0.2541666728211567 0.047916669165715575 0.06388889043591917
0 0.5864583639195189 0.22777778329327703 0.05208333604969084 0.08888889104127884
0 0.8125000423751771 0.33194445248227566 0.10416667209938169 0.14722222578711808
