0 0.058653846208471805 0.579479755833745 0.03653846157249063 0.054913293570280075
0 0.1096153847174719 0.6228323560208082 0.05000000004656613 0.07803468033671379
0 0.11346153856720775 0.5736994091421366 0.034615384647622705 0.054913293570280075
0 0.17500000016298145 0.8135837968438864 0.10769230779260397 0.1416184939444065
0 0.19903846172383055 0.6300577893853188 0.044230769271962345 0.08670520037412643
0 0.18269230786245316 0.5549132823944092 0.034615384647622705 0.04624277353286743
0 0.22307692328467965 0.5635838024318218 0.026923076948150992 0.04624277353286743
0 0.25000000023283064 0.5910404492169619 0.034615384647622705 0.060693640261888504
0 0.2596153848571703 0.5462427623569965 0.03076923079788685 0.04624277353286743
0 0.30384615412913263 0.5549132823944092 0.03076923079788685 0.040462426841259
0 0.3288461541524157 0.6184970960021019 0.053846153896301985 0.05780346691608429
0 0.374038461886812 0.5809248425066471 0.04038461542222649 0.05780346691608429
0 0.43461538502015173 0.5867051891982555 0.03076923079788685 0.05202312022447586
0 0.45576923119369894 0.5563583690673113 0.034615384647622705 0.049132946878671646
0 0.46057692350586876 0.45086704194545746 0.02884615387301892 0.04624277353286743
0 0.4375000004074536 0.6864161696285009 0.06730769237037748 0.11271676048636436
0 0.5500000005122274 0.6979768630117178 0.05769230774603784 0.10693641379475594
0 0.5846153851598501 0.632947962731123 0.05769230774603784 0.09826589375734329
0 0.5230769235640764 0.5606936290860176 0.03076923079788685 0.04624277353286743
0 0.7048076929640956 0.6387283094227314 0.0480769231216982 0.09248554706573486
0 0.7009615391143598 0.5982658825814724 0.03653846157249063 0.06936416029930115
0 0.7240384622127749 0.5708092357963324 0.02884615387301892 0.060693640261888504
0 0.7663461545598693 0.5997109692543745 0.044230769271962345 0.07225433364510536
0 0.8086538469069637 0.5708092357963324 0.032692307722754776 0.06647398695349693
