0 0.29583334049675614 0.42074073990806937 0.06500000157393515 0.11555555532686412
0 0.3466666750609875 0.425185184343718 0.04666666779667139 0.08592592575587332
0 0.3987500096554868 0.43111111025791615 0.03916666761506349 0.0592592591419816
0 0.459166677785106 0.4177777769509703 0.05666666803881526 0.0888888887129724
0 0.5062500122585334 0.42148148064734414 0.04750000115018338 0.08740740723442286
0 0.24666667263954878 0.4370370361721143 0.023333333898335695 0.0444444443564862
0 0.21791667194338515 0.42592592508299276 0.034166667493991554 0.05481481470633298
0 0.16666667070239782 0.43851851765066385 0.03500000084750354 0.074074073927477
0 0.18625000450992957 0.4355555546935648 0.025833333958871663 0.04740740731358528
0 0.13458333659218624 0.4392592583899386 0.02750000066589564 0.04592592583503574
0 0.07416666846256703 0.4525925916968845 0.03666666755452752 0.0666666665347293
0 0.0458333344431594 0.4518518509576097 0.033333334140479565 0.07111111097037792
0 0.7270833509392105 0.4422222213470377 0.032500000786967576 0.05481481470633298
0 0.7712500186753459 0.44370370282558724 0.032500000786967576 0.04296296287793666
0 0.8187500198255293 0.42370370286516845 0.03750000090803951 0.06814814801327884
0 0.8566666874103248 0.4496296287397854 0.030000000726431608 0.05481481470633298
0 0.8866666881367564 0.4592592583503574 0.04500000108964741 0.09481481462717056
0 0.9445833562058397 0.4770370360929519 0.05583333468530327 0.0888888887129724
0 0.9112500220653601 0.4518518509576097 0.030833334079943597 0.05629629618488252
