0 0.15624999650754035 0.47000001138076186 0.0549999987706542 0.07000000169500709
0 0.22937499487306923 0.49250001192558557 0.05374999879859388 0.06500000157393515
0 0.2799999937415123 0.4975000120466575 0.052499998826533556 0.07833333523012698
0 0.33249999256804585 0.5008333454607055 0.04999999888241291 0.07500000181607902
0 0.352499992121011 0.4508333442499861 0.03999999910593033 0.05500000133179128
0 0.26437499409075826 0.37166667566634715 0.04124999907799065 0.05666666803881526
0 0.4512499899137765 0.4916666785720736 0.06749999849125743 0.09000000217929482
0 0.43312499031890184 0.45416667766403407 0.0437499990221113 0.06500000157393515
0 0.5062499886844307 0.46083334449213 0.05749999871477485 0.07500000181607902
0 0.5593749874969944 0.5141666791168973 0.0712499984074384 0.10500000254251063
0 0.584999986924231 0.457500011078082 0.05999999865889549 0.07833333523012698
0 0.6237499860581011 0.4441666774218902 0.029999999329447746 0.04500000108964741
0 0.6518749854294583 0.48500001174397767 0.05124999885447323 0.08333333535119891
0 0.6937499844934791 0.46166667784564197 0.03499999921768904 0.05666666803881526
0 0.6906249845633283 0.43250001047272235 0.033749999245628715 0.041666667675599456
0 0.7343749835854396 0.4958333453396335 0.07374999835155904 0.10500000254251063
0 0.7287499837111682 0.43916667730081826 0.03499999921768904 0.04500000108964741
0 0.793749982258305 0.460000011138618 0.06249999860301614 0.1000000024214387
0 0.8474999810568988 0.4458333441289142 0.03999999910593033 0.05833333474583924
0 0.8799999803304672 0.5183333458844572 0.07249999837949872 0.1300000031478703
0 0.8962499799672514 0.4425000107148662 0.03999999910593033 0.05500000133179128
0 0.883124980260618 0.4150000100489706 0.028749999357387424 0.043333334382623434
0 0.9387499790173024 0.40916667657438666 0.0274999993853271 0.051666667917743325
0 0.9856249779695645 0.4358333438867703 0.028749999357387424 0.05500000133179128
0 0.9324999791570008 0.4916666785720736 0.052499998826533556 0.08333333535119891
