0 0.10337078757584095 0.25000000605359674 0.08539325930178165 0.14000000339001417
0 0.19213483342900872 0.39500000956468284 0.06516853999346495 0.10333333583548665
0 0.20337078860029578 0.35666667530313134 0.051685393787920475 0.07333333510905504
0 0.3584269699640572 0.3383333415258676 0.038202247582376 0.07000000169500709
0 0.40674157720059156 0.3516666751820594 0.05393258482217789 0.09000000217929482
0 0.46404494857415557 0.36333334213122725 0.051685393787920475 0.1066666692495346
0 0.6269662985578179 0.35000000847503543 0.04494382068514824 0.09333333559334278
0 0.6921348385512829 0.35000000847503543 0.05393258482217789 0.09333333559334278
0 0.7865168619900942 0.43166667711921036 0.12134831584990025 0.1766666709445417
0 0.8303370871581137 0.3283333412837237 0.04719101171940565 0.08333333535119891
0 0.9314606836996973 0.33333334140479565 0.0561797758564353 0.1000000024214387
