0 0.07916666858363897 0.6602067357162014 0.09500000230036676 0.13178294920362532
0 0.05750000139232725 0.523255827720277 0.051666667917743325 0.09043927886523306
0 0.03750000090803951 0.47545220889151096 0.04500000108964741 0.056847546715289354
0 0.08250000199768692 0.47286822949536145 0.03500000084750354 0.06201550550758839
0 0.20083333819638938 0.5167958792299032 0.04500000108964741 0.07235142309218645
0 0.18250000441912562 0.4935400646645576 0.041666667675599456 0.06201550550758839
0 0.24666667263954878 0.5025839925510809 0.043333334382623434 0.0645994849037379
0 0.21250000514555722 0.37984497123397887 0.025000000605359674 0.04651162913069129
0 0.28666667360812426 0.5749354156432673 0.060000001452863216 0.06976744369603693
0 0.2441666725790128 0.7881137158256024 0.14166667009703815 0.21188631048426032
0 0.32666667457669973 0.5335917453048751 0.043333334382623434 0.07493540248833597
0 0.35500000859610736 0.5012920028530061 0.03666666755452752 0.06718346429988742
0 0.45416667766403407 0.4961240440607071 0.03500000084750354 0.06201550550758839
0 0.460000011138618 0.518087868927978 0.03666666755452752 0.049095608526840806
0 0.47750001156236976 0.5426356731913984 0.04500000108964741 0.06201550550758839
0 0.4891666785115376 0.5852713332278654 0.06500000157393515 0.10077519644983113
0 0.5591666802065447 0.7428940763929859 0.11166666937060654 0.23514212504960597
0 0.536666679661721 0.48062016768381 0.030000000726431608 0.06201550550758839
0 0.5716666805092245 0.4896640955703333 0.04000000096857548 0.0645994849037379
0 0.5800000140443444 0.5322997556068003 0.04000000096857548 0.06718346429988742
0 0.6358333487296477 0.5503876113798469 0.061666668159887195 0.09819121705368161
0 0.6833333498798311 0.5917312817182392 0.06666666828095913 0.10852713463827968
0 0.8350000202190131 0.6434108696412295 0.11666666949167848 0.18604651652276516
0 0.7941666858969256 0.4832041470799595 0.04500000108964741 0.06718346429988742
0 0.8566666874103248 0.4987080234568566 0.04666666779667139 0.07235142309218645
0 0.9341666892869398 0.5116279204376042 0.06500000157393515 0.08785529946908355
0 0.9433333561755717 0.40826874459162354 0.02666666731238365 0.056847546715289354
