0 0.19250000466126949 0.3899999912828207 0.08833333547227085 0.17999999597668648
0 0.3141666742740199 0.3787499915342778 0.061666668159887195 0.10249999770894647
0 0.3758333424339071 0.36499999184161425 0.04500000108964741 0.09499999787658453
0 0.4066666765138507 0.34874999220483005 0.030000000726431608 0.06749999849125743
0 0.4366666772402823 0.37499999161809683 0.033333334140479565 0.06499999854713678
0 0.4350000105332583 0.33749999245628715 0.030000000726431608 0.04999999888241291
0 0.4975000120466575 0.31624999293126166 0.02833333401940763 0.03749999916180968
0 0.5191666792379692 0.3337499925401062 0.02833333401940763 0.052499998826533556
0 0.5675000137416646 0.32749999267980456 0.025000000605359674 0.04499999899417162
0 0.5816666807513684 0.33749999245628715 0.02000000048428774 0.03499999921768904
0 0.6275000151945278 0.3462499922607094 0.02833333401940763 0.047499998938292265
0 0.6600000159814954 0.3224999927915633 0.043333334382623434 0.06499999854713678
0 0.6725000162841752 0.36624999181367457 0.041666667675599456 0.07749999826774001
0 0.7291666843229905 0.39874999108724296 0.061666668159887195 0.12749999715015292
0 0.690833350061439 0.3349999925121665 0.025000000605359674 0.04499999899417162
0 0.7216666841413826 0.3087499930988997 0.02000000048428774 0.047499998938292265
0 0.7483333514537662 0.3499999921768904 0.02666666731238365 0.04999999888241291
0 0.8108333529671654 0.4887499890755862 0.08500000205822289 0.16249999636784196
0 0.8275000200374052 0.3412499923724681 0.031666667433455586 0.05749999871477485
0 0.8708333544200286 0.36624999181367457 0.031666667433455586 0.06249999860301614
0 0.8983333550859243 0.3462499922607094 0.023333333898335695 0.052499998826533556
0 0.9416666894685477 0.36499999184161425 0.03666666755452752 0.06999999843537807
0 0.9591666898922995 0.3224999927915633 0.025000000605359674 0.04499999899417162
