0 0.9045345968334004 0.23693380039185286 0.012728719040751457 0.031358885345980525
0 0.9872712705982849 0.2674216055893339 0.011137629160657525 0.040069686830975115
0 0.9466984786558896 0.25174216291634366 0.012728719040751457 0.04355400742497295
0 0.9311853523249738 0.27787456737132743 0.011933174100704491 0.04355400742497295
0 0.9761336414376274 0.3423344983602874 0.012728719040751457 0.03658536623697728
0 0.9757358689676039 0.3763066241517663 0.013524263980798423 0.05226480890996754
0 0.9455051612458192 0.39459930727025494 0.019888623501174152 0.057491289800964296
0 0.961018287576735 0.46864111989270896 0.019093078561127186 0.06620209128595889
0 0.9295942624448799 0.34930313954828307 0.015115353860892355 0.05400696920696646
0 0.8914081053226255 0.28832752915332094 0.013524263980798423 0.050522648612968624
0 0.8806682486319914 0.23519164009485394 0.011137629160657525 0.03484320593997836
0 0.8727127992315218 0.23954704083735123 0.011137629160657525 0.040069686830975115
0 0.844868726329878 0.22038327757036313 0.01431980892084539 0.03658536623697728
0 0.8683373020612635 0.32665505568729714 0.016706443740986288 0.050522648612968624
0 0.8850437458022498 0.4233449521707371 0.019888623501174152 0.06620209128595889
0 0.8504375409102067 0.3937282271217555 0.019093078561127186 0.048780488315969706
0 0.8691328470013104 0.5017421655356884 0.02466189314145595 0.0766550530679524
0 0.7927605327568017 0.4651567992987111 0.02625298302154988 0.0871080148499459
0 0.8166268809582107 0.3066202122718096 0.01829753362108022 0.05226480890996754
0 0.7983293473371305 0.2552264835103415 0.013524263980798423 0.050522648612968624
0 0.8229912404785864 0.23432055994635448 0.013524263980798423 0.03310104564297944
0 0.8114558388479054 0.1977351937093772 0.011137629160657525 0.03658536623697728
0 0.7736674541956745 0.19250871281838045 0.011933174100704491 0.040069686830975115
0 0.7820206760661677 0.20905923563987017 0.01431980892084539 0.04181184712797403
0 0.7517899683443829 0.19947735400637612 0.011137629160657525 0.03310104564297944
0 0.7199681707425043 0.16289198776939884 0.012728719040751457 0.040069686830975115
0 0.7458233812940307 0.24128920113435015 0.015115353860892355 0.04355400742497295
0 0.6937151877209544 0.14634146494790912 0.011137629160657525 0.03484320593997836
0 0.669451067049522 0.1445993046509102 0.013524263980798423 0.03484320593997836
0 0.692521870310884 0.17073170910589397 0.013524263980798423 0.0383275265339762
0 0.634049317217432 0.13501742301741615 0.012728719040751457 0.040069686830975115
0 0.6575178929488175 0.15243902598740533 0.011933174100704491 0.040069686830975115
0 0.6607000727090053 0.18554007163038477 0.013524263980798423 0.03658536623697728
0 0.6988862298312597 0.2168989569763653 0.015115353860892355 0.04703832801897079
0 0.6714399293996394 0.24912892247084528 0.020684168441221118 0.05574912950396538
0 0.7322991173132323 0.2717770063318312 0.019888623501174152 0.059233450097963214
0 0.7545743756345473 0.30052265123231336 0.016706443740986288 0.050522648612968624
0 0.6018297471455298 0.1210801406414248 0.011933174100704491 0.03310104564297944
0 0.6113762864260934 0.1637630679178983 0.013524263980798423 0.031358885345980525
0 0.6268894127570093 0.2064459951943718 0.012728719040751457 0.04703832801897079
0 0.6058074718457647 0.19686411356087774 0.011933174100704491 0.04181184712797403
0 0.6276849576970562 0.3057491321233101 0.019093078561127186 0.057491289800964296
0 0.6141606937162578 0.37108014326076955 0.023866348201408982 0.06620209128595889
0 0.667064432229381 0.41114983009174466 0.023070803261362016 0.06620209128595889
0 0.5819411236443557 0.3440766586572863 0.023070803261362016 0.057491289800964296
0 0.5819411236443557 0.13850174361141399 0.011933174100704491 0.03658536623697728
0 0.585521075874567 0.1724738694028929 0.012728719040751457 0.0383275265339762
0 0.5576770029729232 0.14285714435391128 0.012728719040751457 0.03484320593997836
0 0.5656324523733929 0.16550522821489722 0.012728719040751457 0.04181184712797403
0 0.5560859130928293 0.2256097584613599 0.011137629160657525 0.040069686830975115
0 0.5735879017738625 0.2168989569763653 0.01431980892084539 0.04355400742497295
0 0.4996022223494947 0.15679442672990263 0.011137629160657525 0.03484320593997836
0 0.5226730256108567 0.1785714304423891 0.01431980892084539 0.040069686830975115
0 0.5326173373614438 0.17160278925439343 0.013524263980798423 0.040069686830975115
0 0.4478918012464419 0.16463414806639776 0.011137629160657525 0.029616725048981607
0 0.4618138376972638 0.17160278925439343 0.010342084220610559 0.02613240445498377
0 0.4992044498794712 0.21428571653086692 0.015115353860892355 0.0383275265339762
0 0.4765314190881327 0.2578397239558399 0.019093078561127186 0.05226480890996754
0 0.4411296692560427 0.19947735400637612 0.013524263980798423 0.03658536623697728
0 0.44470962148625404 0.3170731740538031 0.017501988681033254 0.05226480890996754
0 0.4053301469539292 0.24303136143134907 0.013524263980798423 0.040069686830975115
0 0.39697692508343607 0.19599303341237828 0.01431980892084539 0.03658536623697728
0 0.35719967808108777 0.21777003712486476 0.012728719040751457 0.0383275265339762
0 0.3794749364024028 0.26916376588633284 0.01591089880093932 0.04703832801897079
0 0.3711217145319097 0.2020905944518745 0.016706443740986288 0.031358885345980525
0 0.27525854925625026 0.25000000261934474 0.01591089880093932 0.03310104564297944
0 0.3146380237885751 0.21777003712486476 0.016706443740986288 0.03484320593997836
0 0.31583134119864553 0.2508710827678442 0.012728719040751457 0.04181184712797403
0 0.33850437198998407 0.23344947979785502 0.016706443740986288 0.04529616772197187
0 0.20445504959207028 0.30052265123231336 0.017501988681033254 0.04703832801897079
0 0.2342879848438315 0.2952961703413166 0.016706443740986288 0.05400696920696646
0 0.10620524949626997 0.5688153369701467 0.045346061582677066 0.11672473989892751
0 0.7251392128528096 0.4189895514282398 0.02466189314145595 0.07491289277095348
