0 0.050609185360372066 0.4046434494666755 0.029990628361701965 0.06633499171584845
0 0.2558575482107699 0.2852404643781483 0.016869728453457355 0.0298507462721318
0 0.289128401549533 0.26119402988115326 0.014058107044547796 0.02819237147923559
0 0.2956888515036553 0.25870646769180894 0.019681349862366915 0.03316749585792422
0 0.31302718352526426 0.2230514096445404 0.014995314180850983 0.024875621893443167
0 0.34910965827293694 0.21724709786940366 0.014058107044547796 0.0298507462721318
0 0.3448922261595726 0.26699834165629 0.016869728453457355 0.03316749585792422
0 0.3716026295442134 0.21393034828361124 0.014058107044547796 0.0298507462721318
0 0.38238051161170006 0.20149253733688965 0.014995314180850983 0.024875621893443167
0 0.41049672570079565 0.17412935325410217 0.01312089990824461 0.02653399668633938
0 0.4283036612905562 0.17247097846120596 0.01312089990824461 0.02653399668633938
0 0.43814433622173965 0.20315091212978587 0.019681349862366915 0.038142620236612856
0 0.4053420864511281 0.29104477615328506 0.019681349862366915 0.051409618579782546
0 0.4264292470179498 0.21807628526585177 0.014995314180850983 0.024875621893443167
0 0.45313965040259063 0.14262023218907416 0.01030927849933505 0.019900497514754534
0 0.4568884789478034 0.16749585408251733 0.01593252131715417 0.03316749585792422
0 0.4709465859923512 0.19071310118306428 0.014058107044547796 0.0298507462721318
0 0.45923149678856134 0.21890547266229987 0.016869728453457355 0.03980099502950907
0 0.4845360894687474 0.22636815923033282 0.01874414272606373 0.034825870650820434
0 0.4742268109694123 0.15588723053224385 0.01312089990824461 0.0298507462721318
0 0.48734771087765694 0.133499170828145 0.009372071363031864 0.024875621893443167
0 0.49953140364959836 0.14593698177486658 0.011246485635638237 0.019900497514754534
0 0.5351452748291194 0.13930348260328174 0.016869728453457355 0.03316749585792422
0 0.540299914078787 0.165008291893173 0.019681349862366915 0.03150912106502801
0 0.5501405890099704 0.1940298507688567 0.01874414272606373 0.03980099502950907
0 0.49250235012732446 0.19651741295820102 0.017806935589760542 0.038142620236612856
0 0.47844424308277667 0.30348258710000664 0.02343017840757966 0.049751243786886334
0 0.5702905424404889 0.11111111112404615 0.012183692771941423 0.023217247100546956
0 0.5838800459168851 0.15422885573934764 0.014995314180850983 0.0298507462721318
0 0.5862230637576431 0.13018242124235258 0.012183692771941423 0.018242122721858323
0 0.5946579279843718 0.10613598674535751 0.012183692771941423 0.023217247100546956
0 0.610590449301526 0.11442786070983857 0.012183692771941423 0.023217247100546956
0 0.6288659884594381 0.09784411278087646 0.009372071363031864 0.019900497514754534
0 0.6396438705269247 0.1036484245560132 0.01030927849933505 0.021558872307650745
0 0.650890356162563 0.10945273633114994 0.01030927849933505 0.023217247100546956
0 0.6255857634823769 0.14013266999972984 0.012183692771941423 0.03150912106502801
0 0.6157450885511935 0.19651741295820102 0.016869728453457355 0.04145936982240528
0 0.610590449301526 0.251243781123776 0.019681349862366915 0.0447761194081977
0 0.5684161281678826 0.24875621893443167 0.019681349862366915 0.03980099502950907
0 0.5618556782137603 0.29021558875683695 0.021555764134973288 0.049751243786886334
0 0.6110590528696775 0.3258706468041055 0.029990628361701965 0.051409618579782546
0 0.6771321559790522 0.3233830846147612 0.030927835498005152 0.05638474295847118
0 0.6640112560708076 0.2089552239049226 0.019681349862366915 0.04643449420109391
0 0.6541705811396241 0.18076285242568702 0.016869728453457355 0.0298507462721318
0 0.6710403095930815 0.12271973467431962 0.01312089990824461 0.023217247100546956
0 0.6790065702516586 0.1475953565677628 0.014058107044547796 0.0298507462721318
0 0.7024367486592382 0.09701492538442835 0.014058107044547796 0.03150912106502801
0 0.7094658021815121 0.14262023218907416 0.01312089990824461 0.0298507462721318
0 0.7047797664999962 0.1766169154434465 0.014995314180850983 0.034825870650820434
0 0.7071227843407542 0.22719734662678093 0.017806935589760542 0.03316749585792422
0 0.7193064771126956 0.2951907131355256 0.02343017840757966 0.049751243786886334
0 0.7820993552450091 0.2860696517745964 0.025304592680186033 0.04809286899399012
0 0.77647611242719 0.21807628526585177 0.019681349862366915 0.04145936982240528
0 0.7483598983380944 0.18325041461503133 0.01593252131715417 0.03150912106502801
0 0.7361762055661529 0.15505804313579574 0.014058107044547796 0.03150912106502801
0 0.7380506198387593 0.12106135988142341 0.012183692771941423 0.02653399668633938
0 0.7478912947699428 0.133499170828145 0.01312089990824461 0.02819237147923559
0 0.7469540876336396 0.1185737976920791 0.011246485635638237 0.018242122721858323
0 0.7624180053826421 0.15837479272158816 0.01593252131715417 0.02819237147923559
0 0.7708528696093708 0.12686567165656015 0.014058107044547796 0.024875621893443167
0 0.7877225980628282 0.12023217248497531 0.01030927849933505 0.024875621893443167
0 0.7961574622895569 0.1318407960352488 0.01030927849933505 0.02819237147923559
0 0.7989690836984664 0.17578772804699838 0.01593252131715417 0.03316749585792422
0 0.8111527764704078 0.1633499171002768 0.012183692771941423 0.03150912106502801
0 0.812089983606711 0.1318407960352488 0.012183692771941423 0.03150912106502801
0 0.82942831562832 0.13930348260328174 0.01312089990824461 0.03316749585792422
0 0.8439550262410194 0.17495854065055028 0.014058107044547796 0.034825870650820434
0 0.8537957011722028 0.15257048094645143 0.01312089990824461 0.036484245443716645
0 0.8641049796715379 0.14427860698197037 0.01312089990824461 0.02653399668633938
0 0.8711340331938118 0.12520729686366394 0.01030927849933505 0.021558872307650745
0 0.8992502472829074 0.13101160863880068 0.012183692771941423 0.02653399668633938
0 0.8880037616472691 0.1616915423073806 0.012183692771941423 0.02819237147923559
0 0.8856607438065112 0.19568822556175292 0.016869728453457355 0.03316749585792422
0 0.8711340331938118 0.2230514096445404 0.017806935589760542 0.038142620236612856
0 0.9315838934853673 0.15505804313579574 0.011246485635638237 0.02819237147923559
0 0.9264292542356998 0.1915422885795124 0.012183692771941423 0.03150912106502801
0 0.9217432185541838 0.2794361526030116 0.019681349862366915 0.05472636816557497
0 0.6911902630236 0.251243781123776 0.021555764134973288 0.051409618579782546
0 0.39034677227027714 0.2247097844374366 0.017806935589760542 0.03150912106502801
0 0.5121836999896914 0.16832504147896543 0.01593252131715417 0.03150912106502801
