0 0.02845528512261808 0.348300974117592 0.013550135772675276 0.031553398352116346
0 0.1775067786220461 0.47936893650330603 0.03523035300895572 0.0703883501701057
0 0.2689701950876042 0.2512135945726186 0.014905149349942803 0.031553398352116346
0 0.2899729055352509 0.24514563335105777 0.01626016292721033 0.03398058284074068
0 0.30962060240563005 0.25364077906124294 0.01761517650447786 0.041262136306613684
0 0.38279133557807654 0.26456310926005244 0.01761517650447786 0.03398058284074068
0 0.3888888966757804 0.22330097295343876 0.018970190081745386 0.03398058284074068
0 0.3834688423667103 0.17839805991388857 0.013550135772675276 0.031553398352116346
0 0.39227643061894923 0.19296116684563458 0.014905149349942803 0.026699029374867678
0 0.4139566478552297 0.13106796238571405 0.014905149349942803 0.03398058284074068
0 0.42344174289610237 0.17597087542526424 0.01761517650447786 0.031553398352116346
0 0.44444445334374905 0.22451456519775093 0.01626016292721033 0.036407767329365015
0 0.4654471637913957 0.2184466039761901 0.01761517650447786 0.03398058284074068
0 0.44783198728691787 0.14927184605039656 0.012195122195407748 0.026699029374867678
0 0.49457995570264757 0.18567961337976158 0.018970190081745386 0.031553398352116346
0 0.5149051593616605 0.20752427377738059 0.018970190081745386 0.036407767329365015
0 0.5182926933048293 0.1699029142037034 0.01761517650447786 0.03398058284074068
0 0.5413279241183773 0.1626213607378304 0.01761517650447786 0.029126213863492012
0 0.5155826661502942 0.13956310809589922 0.014905149349942803 0.026699029374867678
0 0.490514914970845 0.09101941832341254 0.01626016292721033 0.026699029374867678
0 0.5243902544025332 0.0813106803689152 0.013550135772675276 0.031553398352116346
0 0.5596206074114889 0.07281553465873003 0.01626016292721033 0.024271844886243343
0 0.5711382228182629 0.1298543701414019 0.014905149349942803 0.026699029374867678
0 0.5921409332659096 0.13470873911865056 0.01626016292721033 0.026699029374867678
0 0.6117886301362887 0.14563106931746006 0.012195122195407748 0.024271844886243343
0 0.6314363270066679 0.058252427726984024 0.013550135772675276 0.024271844886243343
0 0.5514905259478837 0.25364077906124294 0.02168021723628044 0.041262136306613684
0 0.49457995570264757 0.31189320678822696 0.024390244390815496 0.05097087426111102
0 0.5379403901752084 0.32038835249841213 0.02168021723628044 0.04854368977248669
0 0.6185636980226263 0.2961165076121688 0.02303523081354797 0.04854368977248669
0 0.6869918836746365 0.2961165076121688 0.02710027154535055 0.058252427726984024
0 0.7323848385130987 0.3143203912768513 0.031165312277153134 0.06553398119285703
0 0.8157181735150516 0.41262136306613684 0.03252032585442066 0.06796116568148136
0 0.774390259408392 0.2766990317031741 0.025745257968083024 0.058252427726984024
0 0.8143631599377841 0.28640776965767145 0.024390244390815496 0.053398058749735355
0 0.7262872774153948 0.24878641008399427 0.02168021723628044 0.05097087426111102
0 0.7533875489607453 0.22087378846481442 0.018970190081745386 0.04368932079523802
0 0.7710027254652232 0.21723301173187792 0.01626016292721033 0.031553398352116346
0 0.699864512658678 0.21966019622050226 0.020325203659012914 0.031553398352116346
0 0.6619241324951872 0.2184466039761901 0.014905149349942803 0.029126213863492012
0 0.6199187115998939 0.20873786602169275 0.01761517650447786 0.03398058284074068
0 0.6429539424134418 0.16504854522645473 0.01761517650447786 0.03398058284074068
0 0.651084023877047 0.1334951468743384 0.014905149349942803 0.029126213863492012
0 0.6646341596497223 0.09951456403359771 0.014905149349942803 0.024271844886243343
0 0.6937669515609741 0.09951456403359771 0.01626016292721033 0.029126213863492012
0 0.7330623453017324 0.1844660211354494 0.02168021723628044 0.04368932079523802
0 0.7737127526197582 0.1771844676695764 0.018970190081745386 0.03883495181798935
0 0.7364498792449012 0.14320388482883573 0.01761517650447786 0.03398058284074068
0 0.7466124810744077 0.11771844769828022 0.013550135772675276 0.026699029374867678
0 0.7615176304243505 0.11893203994259238 0.01084010861814022 0.024271844886243343
0 0.771680232253857 0.1371359236072749 0.020325203659012914 0.041262136306613684
0 0.7953929698560387 0.0958737873006612 0.018970190081745386 0.036407767329365015
0 0.8184282006695867 0.09951456403359771 0.01626016292721033 0.03883495181798935
0 0.8340108568081632 0.11650485545396805 0.012195122195407748 0.019417475908994675
0 0.848916006158106 0.1553398072719574 0.01761517650447786 0.03883495181798935
0 0.8279132957104594 0.18932039011269808 0.018970190081745386 0.04368932079523802
0 0.8590786079876125 0.0740291269030422 0.01626016292721033 0.031553398352116346
0 0.8902439202647656 0.10800970974378288 0.013550135772675276 0.031553398352116346
0 0.9017615356715396 0.19902912806719542 0.02303523081354797 0.053398058749735355
0 0.8787263048579916 0.20873786602169275 0.01761517650447786 0.04368932079523802
0 0.8658536758739501 0.2584951480384916 0.018970190081745386 0.04611650528386235
0 0.8868563863215968 0.37500000349245965 0.03387533943168819 0.07524271914735436
0 0.9132791510783136 0.2184466039761901 0.01626016292721033 0.03883495181798935
0 0.9403794226236641 0.10436893301084638 0.013550135772675276 0.029126213863492012
0 0.6957994719268754 0.1480582538060844 0.01761517650447786 0.03398058284074068
