0 0.08572949795052409 0.8016591392806731 0.16506921965628862 0.2217194609111175
0 0.13152289437130094 0.733785834920127 0.12673056218773127 0.1885369565570727
0 0.23109690751880407 0.8491704523330554 0.14483492821455002 0.21116139134392142
0 0.3130990359932184 0.9132730175624602 0.14483492821455002 0.1644042261177674
0 0.40149094071239233 0.9117647219100036 0.15761448070406914 0.17647059133742005
0 0.5292864656075835 0.7254902088316157 0.13418530113995075 0.1960784348193556
0 0.5857294891029596 0.85595778276911 0.13418530113995075 0.1885369565570727
0 0.7742278883233666 0.7971342523233034 0.1363152265548706 0.22775264352094382
0 0.9345047757960856 0.9004525045165792 0.13099041301757097 0.18401206959970295
0 0.09744408773258328 0.9358974523493089 0.1799786975607276 0.12820513045880944
0 0.4962726216763258 0.33182504354044795 0.11501597240567207 0.21719457395374775
