0 0.06250000151339918 0.5811209417879581 0.10833333595655859 0.2300884947180748
0 0.24083333916496485 0.40781710762530565 0.08833333547227085 0.16371681354939938
0 0.305416674062144 0.31563421711325645 0.0691666683414951 0.14454277232289314
0 0.3287500079604797 0.6799410004168749 0.14416667015757412 0.2890855446457863
0 0.4054166764835827 0.301622417755425 0.04750000115018338 0.10176991112530231
0 0.4991666787536815 0.2905604708939791 0.05000000121071935 0.10029498487710953
0 0.6041666812961921 0.2411504415795207 0.043333334382623434 0.08997050113976002
0 0.6304166819318198 0.6172566348686814 0.10416666918899864 0.23156342096626759
0 0.6441666822647676 0.4705014731734991 0.09000000217929482 0.15634218230843544
0 0.8079166862298734 0.3421828895807266 0.06250000151339918 0.1268436573445797
0 0.8683333543594927 0.39823008701205254 0.08333333535119891 0.15929203480482101
0 0.8479166871984489 0.3126843646168709 0.04750000115018338 0.09439527988433838
0 0.8525000206427649 0.2640117984265089 0.04666666779667139 0.07964601740241051
