0 0.3476789267442655 0.2088285272475332 0.01644100627163425 0.03056027228012681
0 0.40715668472694233 0.23089983500540257 0.021276596351526678 0.04074702970683575
0 0.4327853121503722 0.21222411305643618 0.01644100627163425 0.03056027228012681
0 0.45019343643798493 0.21731749176979065 0.01837524230359122 0.04074702970683575
0 0.514023225492565 0.21307300950866193 0.01837524230359122 0.03904923680238426
0 0.5251450826763175 0.19015280529856682 0.015473888255655766 0.03395585808902979
0 0.547872356051812 0.19100170175079256 0.01644100627163425 0.03904923680238426
0 0.5947775798267685 0.15959253301844 0.017408124287612736 0.03735144389793277
0 0.6329787414579187 0.14006791461724788 0.01450677023967728 0.02886247937567532
0 0.6784332882089075 0.18336163368076086 0.01644100627163425 0.03395585808902979
0 0.6508704247535206 0.2563667285721749 0.021276596351526678 0.044142615515738726
0 0.7200193628959823 0.1935483911074698 0.01837524230359122 0.04074702970683575
0 0.7354932511516381 0.2962648618267849 0.024177950399462134 0.05942275165580213
0 0.8534816491010133 0.22750424919649959 0.01644100627163425 0.04074702970683575
0 0.8592843571968842 0.2011884591775015 0.01450677023967728 0.0322580651845783
0 0.9081238170037977 0.22495755983982235 0.015473888255655766 0.03904923680238426
0 0.8820116305723786 0.2809847256867215 0.017408124287612736 0.05263158003799617
0 0.8597679162048735 0.33701189153362066 0.021276596351526678 0.05942275165580213
0 0.9298839723633137 0.26825127890333533 0.020309478335548192 0.047538201324641705
0 0.9656673389545176 0.24363328178878874 0.01644100627163425 0.02886247937567532
