0 0.11666667275130749 0.3394833989441395 0.03333333507180214 0.07380073890089989
0 0.31093751621665433 0.2370848737191409 0.01979166769888252 0.03874538792297244
0 0.3156250164611265 0.20756457815878093 0.018750000977888703 0.03874538792297244
0 0.34895835153292865 0.21309963357634842 0.020833334419876337 0.035055350977927446
0 0.4088541879900731 0.20940959663130343 0.02604166802484542 0.042435424868017435
0 0.4140625215950422 0.163284134818241 0.015625000814907253 0.03874538792297244
0 0.426562522246968 0.17527675488963723 0.017708334256894886 0.036900369450449944
0 0.4442708565038629 0.20756457815878093 0.01979166769888252 0.049815498758107424
0 0.4515625235508196 0.18357933801598847 0.015625000814907253 0.03136531403288245
0 0.4510416901903227 0.15129151474684477 0.014583334093913436 0.029520295560359955
0 0.4625000241212547 0.13929889467544854 0.012500000651925802 0.027675277087837458
0 0.49010419222759083 0.17527675488963723 0.015625000814907253 0.036900369450449944
0 0.4994791927165352 0.21586716128513217 0.021875001140870154 0.05166051723062992
0 0.5031250262400135 0.2795202985871583 0.031250001629814506 0.06088560959324241
0 0.5083333598449826 0.14483395009301603 0.014583334093913436 0.027675277087837458
0 0.5067708597634919 0.12269372842274606 0.011458333930931985 0.023985240142792463
0 0.5265625274623744 0.12269372842274606 0.013541667372919619 0.03136531403288245
0 0.5354166945908219 0.14391144085675478 0.014583334093913436 0.029520295560359955
0 0.5255208607413806 0.155904060928151 0.015625000814907253 0.035055350977927446
0 0.5619791959761642 0.18911439343355596 0.023958334582857788 0.042435424868017435
0 0.563020862697158 0.15313653321936727 0.015625000814907253 0.036900369450449944
0 0.551562528766226 0.12453874689526856 0.015625000814907253 0.03874538792297244
0 0.5885416973615065 0.11254612682387233 0.014583334093913436 0.03321033250540495
0 0.5906250308034942 0.17527675488963723 0.018750000977888703 0.04428044334053993
0 0.6046875315369107 0.14760147780179977 0.015625000814907253 0.04059040639549494
0 0.6307291995617561 0.14667896856553853 0.013541667372919619 0.03136531403288245
0 0.631250032922253 0.11808118224143982 0.012500000651925802 0.02583025861531496
0 0.6385416999692097 0.09594096057116985 0.012500000651925802 0.03321033250540495
0 0.6161458654678427 0.10424354369752109 0.011458333930931985 0.027675277087837458
0 0.6187500322703272 0.14114391314797103 0.012500000651925802 0.03136531403288245
0 0.659895867749583 0.12822878384031355 0.017708334256894886 0.03136531403288245
0 0.6661458680755459 0.11623616376891732 0.013541667372919619 0.029520295560359955
0 0.6421875334926881 0.12453874689526856 0.011458333930931985 0.03136531403288245
0 0.68229170225095 0.12084870995022357 0.012500000651925802 0.035055350977927446
0 0.6932292028213851 0.11900369147770107 0.015625000814907253 0.03136531403288245
0 0.7119792037992738 0.12361623765900731 0.013541667372919619 0.029520295560359955
0 0.7255208711721934 0.14852398703806102 0.013541667372919619 0.035055350977927446
0 0.7119792037992738 0.159594097873196 0.015625000814907253 0.035055350977927446
0 0.7062500368338078 0.20664206892251968 0.020833334419876337 0.04059040639549494
0 0.6729167017620057 0.21771217975765467 0.020833334419876337 0.04428044334053993
0 0.6630208679125644 0.18081181030720472 0.01979166769888252 0.04059040639549494
0 0.6328125330037437 0.20756457815878093 0.02604166802484542 0.04612546181306243
0 0.6411458667716943 0.25184502149932086 0.023958334582857788 0.049815498758107424
0 0.6187500322703272 0.29704797407612205 0.029166668187826872 0.07011070195585489
0 0.5854166971985251 0.2749077524058521 0.027083334745839238 0.0664206650108099
0 0.5947916976874694 0.23892989219166338 0.025000001303851604 0.04612546181306243
0 0.6812500355299562 0.26660516927950084 0.025000001303851604 0.049815498758107424
0 0.6802083688089624 0.32933579734526575 0.03541666851378977 0.07933579431846738
0 0.7416667053475976 0.41143911937251687 0.041666668839752674 0.07749077584594488
0 0.835937543597538 0.36162362061440945 0.04062500211875886 0.05904059112071991
0 0.8401042104815133 0.30627306643873453 0.028125001466833055 0.05904059112071991
0 0.8166667092591524 0.2850553540047258 0.027083334745839238 0.0645756465382874
0 0.8213542095036246 0.2509225122630596 0.023958334582857788 0.04428044334053993
0 0.7307292047771625 0.2278597813565284 0.023958334582857788 0.04612546181306243
0 0.7458333722315729 0.17343173641711473 0.018750000977888703 0.036900369450449944
0 0.7598958729649894 0.1291512930765748 0.015625000814907253 0.03321033250540495
0 0.7692708734539337 0.14206642238423228 0.017708334256894886 0.04059040639549494
0 0.7885417077923194 0.14022140391170979 0.01666666753590107 0.03321033250540495
0 0.779166707303375 0.18726937496103346 0.018750000977888703 0.03874538792297244
0 0.7973958749207668 0.17158671794459224 0.015625000814907253 0.036900369450449944
0 0.8052083753282204 0.20018450426869094 0.018750000977888703 0.042435424868017435
0 0.81875004270114 0.1918819211423397 0.02291666786186397 0.04428044334053993
0 0.8333333767950535 0.16789668099954724 0.01666666753590107 0.04059040639549494
0 0.8500000443309546 0.18265682877972722 0.014583334093913436 0.036900369450449944
0 0.8510417110519484 0.15682657016441226 0.014583334093913436 0.036900369450449944
0 0.8677083785878494 0.17712177336215973 0.01666666753590107 0.036900369450449944
0 0.8562500446569175 0.21402214281260967 0.018750000977888703 0.04059040639549494
0 0.8906250464497134 0.2333948367740959 0.020833334419876337 0.05350553570315242
0 0.8979167134966701 0.1955719580873847 0.018750000977888703 0.04428044334053993
0 0.8802083792397752 0.16051660710945725 0.014583334093913436 0.04059040639549494
0 0.8921875465312041 0.16051660710945725 0.013541667372919619 0.03321033250540495
0 0.9177083811955526 0.166974171763286 0.01666666753590107 0.03874538792297244
0 0.9484375494648702 0.17712177336215973 0.013541667372919619 0.036900369450449944
0 0.9531250497093424 0.21402214281260967 0.014583334093913436 0.03321033250540495
0 0.9380208822549321 0.2370848737191409 0.017708334256894886 0.03874538792297244
0 0.9338542153709568 0.2564575676806271 0.017708334256894886 0.04059040639549494
0 0.9265625483240001 0.29335793713107705 0.021875001140870154 0.05166051723062992
0 0.9140625476720743 0.31826568651013076 0.02604166802484542 0.06088560959324241
0 0.8812500459607691 0.3090405941475183 0.027083334745839238 0.049815498758107424
