0 0.2075000050244853 0.8100000196136534 0.27833334007300436 0.38000000920146704
0 0.05833333474583924 0.7388889067806304 0.11000000266358256 0.34000000823289156
0 0.15083333698567003 0.5077777900733054 0.07500000181607902 0.1000000024214387
0 0.14833333692513406 0.4211111213080585 0.04666666779667139 0.06444444600492716
0 0.20500000496394932 0.4744444559328258 0.06333333486691117 0.10444444697350264
0 0.2766666733659804 0.5077777900733054 0.09333333559334278 0.1444444479420781
0 0.2833333401940763 0.4377777883782983 0.07000000169500709 0.09777778014540672
0 0.35666667530313134 0.5255555682815611 0.09666666900739074 0.153333337046206
0 0.3733333423733711 0.42444445472210646 0.05666666803881526 0.09333333559334278
0 0.45666667772457004 0.4355555661022663 0.05000000121071935 0.07555555738508701
0 0.5116666790563613 0.5100000123493373 0.11333333607763052 0.19333333801478148
0 0.5900000142864883 0.5177777903154492 0.076666668523103 0.14222222566604614
0 0.6008333478821442 0.4377777883782983 0.051666667917743325 0.07555555738508701
0 0.5908333476400003 0.40111112082377076 0.04500000108964741 0.06444444600492716
0 0.6475000156788155 0.4666666779667139 0.05833333474583924 0.08888889104127884
0 0.6516666824463755 0.4200000101700425 0.060000001452863216 0.0844444464892149
0 0.7408333512721583 0.41777778789401054 0.051666667917743325 0.0844444464892149
0 0.7900000191293657 0.3966666762717068 0.05000000121071935 0.08222222421318293
0 0.7766666854731739 0.49333334527909756 0.09000000217929482 0.12000000290572643
0 0.8908333549043164 0.4666666779667139 0.07833333523012698 0.11111111380159855
0 0.9500000230036676 0.4377777883782983 0.06666666828095913 0.1066666692495346
0 0.9666666900739074 0.4055555653758347 0.04666666779667139 0.07333333510905504
