0 0.09300000441726297 0.5315315444022417 0.05400000256486237 0.07807807996869087
0 0.0740000035148114 0.4699699813500047 0.05200000246986747 0.06906907074153423
0 0.2010000095469877 0.5165165290236473 0.050000002374872565 0.08408408612012863
0 0.21800001035444438 0.49849851056933403 0.03600000170990825 0.06606606766581535
0 0.2690000127768144 0.46846847981214523 0.04600000218488276 0.060060061514377594
0 0.34800001652911305 0.5390390520915389 0.05200000246986747 0.06906907074153423
0 0.4640000220388174 0.35285286139696836 0.04000000189989805 0.06906907074153423
0 0.48200002289377153 0.49849851056933403 0.06000000284984708 0.08408408612012863
0 0.5580000265035778 0.5345345474779606 0.05200000246986747 0.09009009227156639
0 0.6790000322507694 0.39039039984345436 0.034000001614913344 0.06606606766581535
0 0.800000037997961 0.3813813906162977 0.04000000189989805 0.07207207381725311
0 0.9480000450275838 0.5990991136059165 0.06000000284984708 0.09909910149872303
