1 0.5141666791168973 0.7166666840203106 0.09833333571441472 0.2000000048428774
1 0.30166667397134006 0.4766666782088578 0.043333334382623434 0.08666666876524687
1 0.6733333496376872 0.40833334322087467 0.030000000726431608 0.09000000217929482
1 0.5925000143470243 0.5083333456423134 0.021666667191311717 0.043333334382623434
1 0.6033333479426801 0.4366666772402823 0.016666667070239782 0.04000000096857548
1 0.5083333456423134 0.40833334322087467 0.01000000024214387 0.023333333898335695
1 0.5275000127730891 0.5183333458844572 0.01833333377726376 0.043333334382623434
1 0.538333346368745 0.4650000112596899 0.013333333656191826 0.030000000726431608
1 0.4808333449764177 0.45500001101754606 0.015000000363215804 0.03666666755452752
1 0.4116666766349226 0.46166667784564197 0.013333333656191826 0.030000000726431608
1 0.4433333440683782 0.45500001101754606 0.01000000024214387 0.030000000726431608
1 0.7191666840808466 0.38000000920146704 0.015000000363215804 0.033333334140479565
