0 0.10256410762667656 0.4990548323839903 0.06410256726667285 0.11720227124169469
0 0.2772436034283601 0.22967864444945008 0.01816239405889064 0.039697543485090137
0 0.31250001542503014 0.2173913095612079 0.016025641816668212 0.037807184271514416
0 0.3247863408178091 0.21361059113405645 0.017094017937779427 0.037807184271514416
0 0.3450854871189222 0.21550095034763217 0.019230770180001855 0.04158790269866586
0 0.32959403336280957 0.17958412528969347 0.016025641816668212 0.034026465844362974
0 0.3530983080272563 0.19754253781866282 0.01816239405889064 0.04347826191224158
0 0.37339745432836935 0.20604915427975357 0.016025641816668212 0.04158790269866586
0 0.3830128394183703 0.22873346484266222 0.01816239405889064 0.0453686211258173
0 0.41025643050670624 0.23818526091054082 0.021367522422224283 0.04914933955296874
0 0.44284190220059827 0.2410207997309044 0.022435898543335497 0.04725898033939302
0 0.4161324991728179 0.19943289703223854 0.01816239405889064 0.039697543485090137
0 0.39476497675059363 0.2051039746729657 0.016025641816668212 0.035916825057938695
0 0.376602582691703 0.1644612515810877 0.016025641816668212 0.02646502899006009
0 0.4011752334772609 0.169187149615027 0.016025641816668212 0.035916825057938695
0 0.4230769439600408 0.15406427590642124 0.01282051345333457 0.028355388203635812
0 0.44017096189782023 0.1550094555132091 0.01282051345333457 0.02646502899006009
0 0.4385683977161534 0.18052930489648134 0.013888889574445784 0.03213610663078725
0 0.4604701081989333 0.20321361545938998 0.021367522422224283 0.04347826191224158
0 0.46527780074393377 0.12948960612993687 0.011752137332223356 0.028355388203635812
0 0.4829060067422688 0.14177694101817906 0.010683761211112142 0.030245747417211533
0 0.4914530157111585 0.14933837787248194 0.010683761211112142 0.02646502899006009
0 0.4973290843772702 0.17485822725575417 0.013888889574445784 0.035916825057938695
0 0.5229701112839393 0.17485822725575417 0.01816239405889064 0.035916825057938695
0 0.5544872068567201 0.17863894568290561 0.017094017937779427 0.039697543485090137
0 0.5630342158256099 0.15689981472678483 0.014957265695556998 0.037807184271514416
0 0.5373931889189407 0.1502835574792698 0.01282051345333457 0.03213610663078725
0 0.5272436157683842 0.14177694101817906 0.011752137332223356 0.02646502899006009
0 0.5080128455883823 0.14366730023175478 0.016025641816668212 0.034026465844362974
0 0.4994658366194926 0.12003781006205827 0.011752137332223356 0.028355388203635812
0 0.5502137023722753 0.12759924691636115 0.014957265695556998 0.03213610663078725
0 0.5763889173395 0.13327032455708832 0.013888889574445784 0.028355388203635812
0 0.6014957561856136 0.15784499433357269 0.014957265695556998 0.039697543485090137
0 0.6100427651545033 0.1455576594453305 0.01282051345333457 0.034026465844362974
0 0.6095085770939477 0.11814745084848255 0.011752137332223356 0.028355388203635812
0 0.6255342189106159 0.1313799653435126 0.013888889574445784 0.03213610663078725
0 0.6271367830922827 0.1096408343873918 0.010683761211112142 0.02268431056290865
0 0.6431624249089509 0.15406427590642124 0.014957265695556998 0.035916825057938695
0 0.6522436219383962 0.1313799653435126 0.013888889574445784 0.03213610663078725
0 0.6554487503017299 0.1096408343873918 0.013888889574445784 0.030245747417211533
0 0.6773504607845098 0.1266540673095733 0.01282051345333457 0.02646502899006009
0 0.6875000339350663 0.10302457713987678 0.013888889574445784 0.03213610663078725
0 0.7061966160545126 0.1096408343873918 0.010683761211112142 0.034026465844362974
0 0.5897436188533902 0.22306238720193505 0.027777779148891568 0.05293005798012018
0 0.636217980121728 0.25141777540557086 0.024572650785557926 0.060491494834423065
0 0.6698718279367313 0.3345935808029026 0.032051283633336425 0.08317580539733171
0 0.6367521681822836 0.20888469310011715 0.019230770180001855 0.04347826191224158
0 0.6618590070283972 0.2173913095612079 0.01816239405889064 0.04914933955296874
0 0.6688034518156201 0.17769376607611775 0.017094017937779427 0.037807184271514416
0 0.6912393503589556 0.25425331422593445 0.021367522422224283 0.0548204171936959
0 0.7248931981739588 0.2410207997309044 0.02029914630111307 0.04347826191224158
0 0.7200855056289583 0.17863894568290561 0.019230770180001855 0.04347826191224158
0 0.7024572996306233 0.17485822725575417 0.016025641816668212 0.039697543485090137
0 0.7350427713245153 0.1455576594453305 0.01282051345333457 0.034026465844362974
0 0.7403846519300714 0.16635161079466343 0.017094017937779427 0.037807184271514416
0 0.7553419176256284 0.1909262805711478 0.021367522422224283 0.0453686211258173
0 0.7622863624128513 0.250472595798783 0.024572650785557926 0.062381854047998786
0 0.7446581564145163 0.37807184271514416 0.03632478811778128 0.08317580539733171
0 0.7970085863489658 0.2863894208567217 0.02564102690666914 0.062381854047998786
0 0.7996795266517438 0.19659735821187496 0.01816239405889064 0.04158790269866586
0 0.7922008938039653 0.1644612515810877 0.013888889574445784 0.034026465844362974
0 0.7895299535011873 0.13705104298423976 0.01282051345333457 0.03213610663078725
0 0.7622863624128513 0.12948960612993687 0.013888889574445784 0.035916825057938695
0 0.7772436281084083 0.1266540673095733 0.011752137332223356 0.030245747417211533
0 0.8039530311361887 0.13421550416387618 0.011752137332223356 0.030245747417211533
0 0.8242521774373017 0.1266540673095733 0.013888889574445784 0.030245747417211533
0 0.8317308102850802 0.16635161079466343 0.013888889574445784 0.037807184271514416
0 0.8167735445895232 0.20604915427975357 0.01816239405889064 0.034026465844362974
0 0.8221154251950793 0.25425331422593445 0.024572650785557926 0.0548204171936959
0 0.8392094431328587 0.21077505231369287 0.01816239405889064 0.04725898033939302
0 0.9182692760950886 0.338374299230054 0.028846155270002782 0.07183365011587739
0 0.8830128640984185 0.22967864444945008 0.02029914630111307 0.04725898033939302
0 0.8974359417334199 0.2145557707408443 0.014957265695556998 0.04347826191224158
0 0.9070513268234208 0.18525520293042064 0.01282051345333457 0.034026465844362974
0 0.8664530342211947 0.18525520293042064 0.014957265695556998 0.037807184271514416
0 0.8600427774945274 0.22495274641551077 0.017094017937779427 0.034026465844362974
0 0.8595085894339718 0.14650283905211836 0.013888889574445784 0.02457466977648437
0 0.8397436311934143 0.1550094555132091 0.014957265695556998 0.034026465844362974
0 0.8766026073717512 0.1597353535471484 0.013888889574445784 0.035916825057938695
0 0.9107906432473101 0.15406427590642124 0.011752137332223356 0.028355388203635812
0 0.9519231239100918 0.19187146017793566 0.01282051345333457 0.039697543485090137
0 0.9364316701539792 0.19470699899829924 0.013888889574445784 0.034026465844362974
0 0.9492521836073138 0.23251418326981366 0.016025641816668212 0.0453686211258173
0 0.935363294032868 0.2523629550123587 0.02029914630111307 0.04725898033939302
