0 0.47967480635270476 0.5354166945908219 0.08130081463605165 0.13750000717118382
0 0.4037940460257232 0.49791669263504446 0.07046070601791143 0.1291666734032333
0 0.11382114049047232 0.40000002086162567 0.06504065170884132 0.09166667144745588
0 0.07994580105878413 0.3520833516959101 0.029810298699885607 0.04583333572372794
0 0.042005420895293355 0.39375002053566277 0.04607046162709594 0.07083333702757955
0 0.04878048878163099 0.35000001825392246 0.03252032585442066 0.05000000260770321
0 0.13685637130402029 0.3416666844859719 0.024390244390815496 0.058333336375653744
0 0.1517615206539631 0.3270833503920585 0.02710027154535055 0.04583333572372794
0 0.16531165642663836 0.38125001988373697 0.03794038016349077 0.07083333702757955
0 0.20731707732193172 0.3833333533257246 0.029810298699885607 0.058333336375653744
0 0.21815718594007194 0.32500001695007086 0.029810298699885607 0.05000000260770321
0 0.25880759325809777 0.3270833503920585 0.024390244390815496 0.04583333572372794
0 0.29810298699885607 0.4062500211875886 0.04878048878163099 0.07083333702757955
0 0.33604336716234684 0.4250000221654773 0.04336043447256088 0.06666667014360428
0 0.28319783764891326 0.3458333513699472 0.029810298699885607 0.05000000260770321
0 0.33604336716234684 0.31250001629814506 0.02168021723628044 0.041666668839752674
0 0.3631436387076974 0.3208333500660956 0.02710027154535055 0.03333333507180214
0 0.41463415464386344 0.3333333507180214 0.03252032585442066 0.041666668839752674
0 0.43089431757107377 0.37916668644174933 0.04336043447256088 0.058333336375653744
0 0.4512195212300867 0.31250001629814506 0.029810298699885607 0.058333336375653744
0 0.4918699285481125 0.3770833529997617 0.03523035300895572 0.06250000325962901
0 0.5108401186298579 0.34375001792795956 0.029810298699885607 0.04583333572372794
0 0.4850948606617749 0.31875001662410796 0.02710027154535055 0.04583333572372794
0 0.5013550235889852 0.3020833490882069 0.02168021723628044 0.03750000195577741
0 0.5311653222888708 0.3104166828561574 0.02168021723628044 0.03750000195577741
0 0.5555555666796863 0.30625001597218215 0.01626016292721033 0.04583333572372794
0 0.5745257567614317 0.3645833523478359 0.03794038016349077 0.06250000325962901
0 0.6124661369249225 0.36250001890584826 0.02710027154535055 0.05000000260770321
0 0.6097561097703874 0.3145833497401327 0.01626016292721033 0.03750000195577741
0 0.6463414763566107 0.3104166828561574 0.024390244390815496 0.054166669491678476
0 0.6842818565201014 0.3145833497401327 0.018970190081745386 0.04583333572372794
0 0.7073170873336494 0.2479166795965284 0.02168021723628044 0.029166668187826872
0 0.5487804987933487 0.4583333572372794 0.05691057024523616 0.09166667144745588
0 0.6273712862748653 0.4395833562593907 0.04607046162709594 0.08750000456348062
0 0.6937669515609741 0.4708333578892052 0.059620597399771214 0.10000000521540642
0 0.760162616847083 0.5833333637565374 0.08943089609965682 0.17500000912696123
0 0.834688363596797 0.5187500270549208 0.06504065170884132 0.12083333963528275
0 0.8888889066874981 0.4395833562593907 0.04878048878163099 0.07916667079553008
0 0.837398390751332 0.3895833536516875 0.03794038016349077 0.06250000325962901
0 0.7899729155469686 0.39791668741963804 0.04607046162709594 0.07916667079553008
0 0.737127386033535 0.35625001857988536 0.02710027154535055 0.04583333572372794
0 0.711382128065452 0.3333333507180214 0.024390244390815496 0.041666668839752674
0 0.7926829427015036 0.3416666844859719 0.024390244390815496 0.05000000260770321
0 0.7615176304243505 0.3458333513699472 0.02710027154535055 0.05000000260770321
0 0.8360433771740645 0.35416668513789773 0.029810298699885607 0.05000000260770321
0 0.8658536758739501 0.36875001923181117 0.029810298699885607 0.054166669491678476
0 0.9010840288829058 0.3645833523478359 0.024390244390815496 0.04583333572372794
0 0.8997290153056383 0.3395833510439843 0.02168021723628044 0.03750000195577741
0 0.9647696670144796 0.3895833536516875 0.03252032585442066 0.06250000325962901
0 0.9701897213235497 0.3416666844859719 0.02710027154535055 0.05000000260770321
0 0.9878048978280276 0.36875001923181117 0.024390244390815496 0.04583333572372794
0 0.9308943275827914 0.3708333526737988 0.024390244390815496 0.058333336375653744
