0 0.1197068362380378 0.5443037861259654 0.04071661096531898 0.07313642604276538
0 0.21579803811619058 0.3424753796425648 0.01954397326335311 0.03797468275297433
0 0.24389249968226068 0.37693388806656003 0.021986969921272248 0.04500703141093254
0 0.2756514562352095 0.37130800914019346 0.021986969921272248 0.047819970874115825
0 0.27239412735798396 0.3185653942055069 0.02035830548265949 0.03516174328979105
0 0.32410422328393906 0.36075948615325615 0.024429966579191387 0.04641350114252418
0 0.33998370156041346 0.3361462658504024 0.02035830548265949 0.03656821302138269
0 0.33672637268318795 0.30309422715799883 0.01710097660543397 0.03516174328979105
0 0.36807816312648356 0.34106890991097316 0.01791530882474035 0.03797468275297433
0 0.3945439602539409 0.3382559704477899 0.021986969921272248 0.040787622216157615
0 0.3933224619249813 0.3052039317553863 0.01791530882474035 0.028129394631832838
0 0.375407153100241 0.2679324838682078 0.014657979947514832 0.026722924900241196
0 0.38762213638983667 0.28410688578151166 0.01791530882474035 0.028129394631832838
0 0.4104234385304153 0.2623066049418412 0.01628664438612759 0.026722924900241196
0 0.4299674117937684 0.2644163095392287 0.014657979947514832 0.030942334095016122
0 0.4450325578509364 0.274964832526166 0.01872964104404673 0.03516174328979105
0 0.4499185511667747 0.2447257332969457 0.015472312166821212 0.030942334095016122
0 0.49144949435140006 0.2651195444050245 0.01710097660543397 0.03516174328979105
0 0.504071643750649 0.28270041604992 0.01791530882474035 0.033755273558199406
0 0.5081433048471808 0.2545710214180872 0.014657979947514832 0.028129394631832838
0 0.5317589392070659 0.28410688578151166 0.01791530882474035 0.03656821302138269
0 0.486970667145215 0.33403656125301495 0.01954397326335311 0.03797468275297433
0 0.4466612222895492 0.32419127313187346 0.023615634359885007 0.03797468275297433
0 0.4189739268331323 0.3150492198765278 0.02035830548265949 0.03656821302138269
0 0.4344462389999535 0.35372713749529794 0.023615634359885007 0.03797468275297433
0 0.5166937931498978 0.36708859994541854 0.025244298798497766 0.047819970874115825
0 0.4511400494957343 0.4303797378670424 0.029315959895029664 0.05907172872684896
0 0.5211726203560829 0.43459914706181735 0.03420195321086794 0.061884668190032244
0 0.5382735969615169 0.25035161222331226 0.01628664438612759 0.033755273558199406
0 0.5411237597290892 0.22222221759147942 0.015472312166821212 0.028129394631832838
0 0.555781739676604 0.2580871957470663 0.015472312166821212 0.02953586436342448
0 0.5586319024441764 0.23417721031000838 0.013029315508902073 0.032348803826607764
0 0.5806188723654486 0.2545710214180872 0.01628664438612759 0.025316455168649554
0 0.5850976995716337 0.23277074057841673 0.015472312166821212 0.02953586436342448
0 0.5928338556550443 0.21378339920192957 0.013029315508902073 0.028129394631832838
0 0.613599327247357 0.2144866340677254 0.013843647728208452 0.02953586436342448
0 0.622149815550074 0.22995780111523345 0.014657979947514832 0.026722924900241196
0 0.6478012804582249 0.2180028083967045 0.013843647728208452 0.028129394631832838
0 0.6592019315285143 0.23277074057841673 0.012214983289595693 0.02953586436342448
0 0.667345253721578 0.2215189827256836 0.01710097660543397 0.032348803826607764
0 0.6144136594666634 0.2609001352102496 0.01710097660543397 0.02953586436342448
0 0.5850976995716337 0.33052038692403585 0.025244298798497766 0.047819970874115825
0 0.5659608924179338 0.4606188370962627 0.03745928208809346 0.07454289577435702
0 0.6172638222342357 0.47538676927797496 0.03745928208809346 0.08157524443231523
0 0.6046416728349868 0.37130800914019346 0.025244298798497766 0.04500703141093254
0 0.637214961607242 0.3755274183349684 0.025244298798497766 0.061884668190032244
0 0.6722312470374163 0.37763712293235585 0.023615634359885007 0.04922644060570747
0 0.701547206932446 0.40787622216157615 0.0317589565529488 0.056258789263665676
0 0.6184853205631953 0.31082981068175286 0.02035830548265949 0.04219409194774926
0 0.6551302704319824 0.28410688578151166 0.02035830548265949 0.033755273558199406
0 0.6657165892829653 0.31997186393709853 0.021986969921272248 0.04922644060570747
0 0.6860748947656248 0.30309422715799883 0.01872964104404673 0.03797468275297433
0 0.6881107253138907 0.25386778655229136 0.01628664438612759 0.03797468275297433
0 0.7214983463054523 0.2651195444050245 0.01628664438612759 0.032348803826607764
0 0.7182410174282268 0.2419127938337624 0.013029315508902073 0.030942334095016122
0 0.7292345023888629 0.23206750571262091 0.015472312166821212 0.030942334095016122
0 0.7483713095425628 0.2623066049418412 0.014657979947514832 0.032348803826607764
0 0.757328963954933 0.2883262949762866 0.014657979947514832 0.033755273558199406
0 0.76587945225765 0.24753867276012897 0.01710097660543397 0.033755273558199406
0 0.7935667477140669 0.24613220302853733 0.01710097660543397 0.030942334095016122
0 0.6848533964366652 0.5443037861259654 0.03745928208809346 0.07876230496913195
0 0.7593647945031989 0.436005616793409 0.030130292114336044 0.06469760765321553
0 0.7931595816044137 0.3663853650796227 0.02117263770196587 0.05203938006889075
0 0.8070032293326221 0.502812929044012 0.03420195321086794 0.08016877470072359
0 0.8224755414994434 0.47116736008320004 0.03420195321086794 0.07313642604276538
0 0.836726355337305 0.3987341689062305 0.026872963237110525 0.05203938006889075
0 0.8945439429080579 0.4704641252174042 0.03338762099156156 0.07172995631117374
0 0.9197882417065557 0.3663853650796227 0.021986969921272248 0.05203938006889075
0 0.9039087634300813 0.33755273558199406 0.02117263770196587 0.04219409194774926
0 0.9169380789389834 0.31715892447391525 0.01628664438612759 0.03516174328979105
0 0.8766286340833176 0.28059071145253256 0.01710097660543397 0.03797468275297433
0 0.8733713052060921 0.3284106823266484 0.01710097660543397 0.03516174328979105
0 0.8530129997234326 0.3424753796425648 0.02035830548265949 0.0436005616793409
0 0.8306188636925071 0.3319268566556275 0.022801302140578628 0.04500703141093254
0 0.7984527410299052 0.3052039317553863 0.01872964104404673 0.03938115248456597
0 0.7968240765912924 0.27426159766037017 0.015472312166821212 0.028129394631832838
0 0.8241042059380561 0.2616033700760454 0.01628664438612759 0.03938115248456597
0 0.8359120231179986 0.2819971811841242 0.01872964104404673 0.040787622216157615
0 0.8493485047365539 0.2658227792708203 0.01954397326335311 0.03938115248456597
