0 0.3453125051455572 0.5552763759624213 0.15937500237487257 0.30653266003355384
0 0.45468750677537173 0.4484924575081095 0.08125000121071935 0.15326633001677692
0 0.5914062588126399 0.48241205513477325 0.10468750155996531 0.19095477182418108
0 0.6593750098254532 0.3706030111061409 0.06875000102445483 0.1432160788681358
0 0.776562511571683 0.4484924575081095 0.08437500125728548 0.1783919578883797
0 0.8773437630734406 0.4321607993915677 0.06718750100117177 0.14070351608097553
0 0.0218750003259629 0.4057788901263848 0.040625000605359674 0.15326633001677692
0 0.03125000046566129 0.35301507159601897 0.05625000083819032 0.12311557657085359
0 0.2890625043073669 0.4635678342310712 0.10000000149011612 0.18341708346270025
0 0.24843750370200723 0.3668341669254005 0.059375000884756446 0.1005025114864111
