0 0.0959641229128465 0.5684210581239313 0.03766816039569676 0.07218045182526112
0 0.18968609342118725 0.3451127852895297 0.017040358274243772 0.03157894767355174
0 0.2219730880460702 0.3714285750174895 0.020627802121452987 0.03609022591263056
0 0.2618834008462727 0.37293233443051577 0.016143497312441468 0.03609022591263056
0 0.28834079921944067 0.4045112821040675 0.022421524045057595 0.04210526356473565
0 0.2506726388237439 0.3165413564420305 0.015246636350639164 0.028571428847499192
0 0.31928250240162015 0.35037594323512167 0.017937219236046076 0.03609022591263056
0 0.3255605291342363 0.30526316084433347 0.016143497312441468 0.03308270708657801
0 0.3560538018355146 0.34812030411558226 0.01434977538883686 0.03157894767355174
0 0.38340806117048487 0.34210526646347716 0.017040358274243772 0.03759398532565683
0 0.36591927241533995 0.27218045375775546 0.016143497312441468 0.03308270708657801
0 0.3829596306895837 0.3105263187899254 0.016143497312441468 0.025563910021446645
0 0.3793721868423745 0.28270676964893937 0.010762331541627645 0.024060150608420372
0 0.45067263330565766 0.32781955203972757 0.01883408019784838 0.039097744738683105
0 0.4156950557953678 0.31879699556156993 0.020627802121452987 0.03308270708657801
0 0.425112095894292 0.26541353639913723 0.01434977538883686 0.028571428847499192
0 0.4076233071391471 0.25939849874703214 0.013452914427034557 0.025563910021446645
0 0.4426008846494369 0.2796992508228868 0.017040358274243772 0.030075188260525465
0 0.4439461760921404 0.2503759422688745 0.01434977538883686 0.025563910021446645
0 0.45246635522926226 0.2360902278451249 0.01165919250342995 0.021052631782367826
0 0.4914798070676625 0.27368421317078173 0.012556053465232253 0.03308270708657801
0 0.507623304380104 0.27819549140986055 0.01434977538883686 0.03308270708657801
0 0.4892376546631567 0.3323308302788064 0.015246636350639164 0.03308270708657801
0 0.4304932616651058 0.3571428605937399 0.0233183850068599 0.034586466499604285
0 0.4538116466719657 0.41954887623433024 0.02869955077767372 0.06616541417315602
0 0.5040358605328947 0.24887218285584822 0.01434977538883686 0.025563910021446645
0 0.546188325737603 0.28270676964893937 0.016143497312441468 0.03609022591263056
0 0.5399102990049869 0.24736842344282195 0.01434977538883686 0.028571428847499192
0 0.5650224059354514 0.2541353408014402 0.01434977538883686 0.03308270708657801
0 0.5587443792028353 0.21879699459532276 0.010762331541627645 0.025563910021446645
0 0.5704035717062652 0.2135338366497308 0.010762331541627645 0.024060150608420372
0 0.5950672481558286 0.25112782197538763 0.013452914427034557 0.030075188260525465
0 0.6417040181695484 0.24962406256236136 0.013452914427034557 0.02706766943447292
0 0.637668143841438 0.2218045134213753 0.012556053465232253 0.0225563911953941
0 0.6125560369109735 0.20150376134552062 0.010762331541627645 0.024060150608420372
0 0.6681614165427163 0.2112781975301914 0.010762331541627645 0.025563910021446645
0 0.6775784566416405 0.22932331048650667 0.009865470579825342 0.025563910021446645
0 0.6838564833742566 0.21503759606275707 0.015246636350639164 0.030075188260525465
0 0.6713004299090244 0.28195488994242623 0.017040358274243772 0.03157894767355174
0 0.7098654512665235 0.2631578972795978 0.017040358274243772 0.030075188260525465
0 0.593273526232224 0.3443609055830166 0.022421524045057595 0.04210526356473565
0 0.5295963979442604 0.4225563950603828 0.027802689815871418 0.0451127823907882
0 0.5228699407307431 0.38947368797380477 0.026905828854069114 0.04210526356473565
0 0.5820627642096952 0.4165413574082777 0.025112106930464506 0.039097744738683105
0 0.5744394460343756 0.47969925275538117 0.03139013366308063 0.06015037652105093
0 0.6358744219178334 0.48345865128794685 0.03766816039569676 0.0676691735861823
0 0.6663676946191117 0.3902255676803179 0.02152466308325529 0.043609022977761924
0 0.6417040181695484 0.363157898245845 0.020627802121452987 0.04060150415170938
0 0.6313901171088219 0.31278195790946484 0.017937219236046076 0.02706766943447292
0 0.6883407881832682 0.3263157926267013 0.017040358274243772 0.03609022591263056
0 0.7179371999227442 0.30676692025735974 0.015246636350639164 0.039097744738683105
0 0.7524663469521329 0.2541353408014402 0.012556053465232253 0.030075188260525465
0 0.764573969936464 0.2218045134213753 0.01165919250342995 0.03157894767355174
0 0.7031389940530062 0.5631579001783393 0.03587443847209215 0.07067669241223484
0 0.7260089485789649 0.4203007559408434 0.027802689815871418 0.04661654180381447
0 0.6932735234731808 0.37669173296308145 0.0233183850068599 0.04060150415170938
0 0.8269058067817241 0.37218045472400263 0.02152466308325529 0.04661654180381447
0 0.7874439244624227 0.4473684253753163 0.0233183850068599 0.05864661710802466
0 0.838564999285154 0.5203007569070905 0.032286994624882936 0.06315789534710348
0 0.8668161195819266 0.4759398542228155 0.027802689815871418 0.05864661710802466
0 0.9385649965261109 0.5000000048312359 0.027802689815871418 0.06466165476012975
0 0.876681590161752 0.3864661691477522 0.024215245968662202 0.048120301216840744
0 0.89147979603149 0.34360902587650344 0.016143497312441468 0.03759398532565683
0 0.9215246382518671 0.33383458969183266 0.017040358274243772 0.039097744738683105
0 0.9488788975868374 0.37067669531097636 0.016143497312441468 0.043609022977761924
0 0.9578475072048604 0.3308270708657801 0.01434977538883686 0.03609022591263056
0 0.9721972825936973 0.3225563940941356 0.016143497312441468 0.03157894767355174
0 0.9645739644183777 0.29022556671407074 0.015246636350639164 0.030075188260525465
0 0.9170403334428556 0.2812030102359131 0.017040358274243772 0.030075188260525465
0 0.8995515446877107 0.26390977698611096 0.016143497312441468 0.03157894767355174
0 0.865022397658322 0.28421052906196564 0.015246636350639164 0.02706766943447292
0 0.8762331596808508 0.26541353639913723 0.016143497312441468 0.03157894767355174
0 0.8600896623684093 0.2563909799209796 0.019730941159650683 0.03157894767355174
0 0.8372197078424506 0.2766917319968343 0.015246636350639164 0.03609022591263056
0 0.8201793495682068 0.29699248407268897 0.017040358274243772 0.028571428847499192
0 0.8681614110246301 0.3330827099853195 0.017937219236046076 0.03759398532565683
0 0.841255582170561 0.35187970264814794 0.017937219236046076 0.04210526356473565
0 0.7825111891725101 0.2939849652466364 0.01883408019784838 0.034586466499604285
0 0.7739910100353882 0.2609022581600584 0.01434977538883686 0.025563910021446645
0 0.7923766597523354 0.27368421317078173 0.017040358274243772 0.03609022591263056
0 0.7923766597523354 0.24285714520374313 0.015246636350639164 0.034586466499604285
0 0.8246636543772183 0.2443609046167694 0.017040358274243772 0.028571428847499192
