0 0.11794500355608761 0.2880658349022269 0.1143270586617291 0.1975308582186699
0 0.26049203239381313 0.16152262885589153 0.08972503338009119 0.14197530434466898
0 0.4138928959146142 0.19032921234611422 0.08104196563363075 0.13374485191889107
0 0.4804630819708109 0.06481481285300106 0.0694645419716835 0.10493826842866838
0 0.6360347124282271 0.08744855702389032 0.07380607584491372 0.11316872085444629
0 0.10130245704203844 0.025720163830555975 0.049204050563275814 0.047325101448222995
0 0.19681620225310326 0.04012345557566732 0.060781474225223064 0.07613168493844569
0 0.6743849283084273 0.4372427851194516 0.2083936259150505 0.27777776937000453
0 0.7959478767588735 0.02983539004344493 0.05788711830973625 0.05555555387400091
0 0.8871200880967081 0.037037035916000605 0.05209840647876263 0.06995884561911225
0 0.9594789859838784 0.22633744170889258 0.08104196563363075 0.18518517958000302
