0 0.0698160529427696 0.4782608797540888 0.04264214012073353 0.09391304547898471
0 0.17265886146924458 0.2939130497397855 0.019230769074056298 0.04869565321132541
0 0.19565217231865972 0.311304354458116 0.025083611835725605 0.05217391415499151
0 0.23913043283391744 0.260000005539041 0.023411371046677232 0.05043478368315846
0 0.2796822719683405 0.2626087012467906 0.02090300986310467 0.05217391415499151
0 0.3051839440013282 0.24782609223620966 0.020066889468580484 0.05043478368315846
0 0.28302675354643725 0.22521739610238 0.02090300986310467 0.043478261795826256
0 0.32107023149728775 0.2321739179897122 0.020066889468580484 0.05043478368315846
0 0.3377926393877715 0.2147826132713817 0.023411371046677232 0.05043478368315846
0 0.36496655220980756 0.20869565661996603 0.02090300986310467 0.045217392267659307
0 0.344481602543965 0.28260870167287067 0.023411371046677232 0.06086956651415676
0 0.37290969595778733 0.2495652227080427 0.020066889468580484 0.04695652273949236
0 0.4126254146976862 0.3321739201201126 0.025919732230249792 0.05913043604232371
0 0.39799330779351294 0.19130435190163553 0.016722407890483737 0.038260870380327106
0 0.40928093311958946 0.2113043523277156 0.019230769074056298 0.036521739908494055
0 0.44732441107043996 0.2695652231341228 0.021739130257628858 0.04869565321132541
0 0.4247491604182869 0.18782609095796943 0.01839464867953211 0.041739131323993206
0 0.44857859166222624 0.20260869996855035 0.022575250652153045 0.043478261795826256
0 0.47324414330068976 0.17043478623963892 0.016722407890483737 0.034782609436661005
0 0.47449832389247604 0.22956522228196263 0.02090300986310467 0.041739131323993206
0 0.49958193572820164 0.18956522142980248 0.01588628749595955 0.038260870380327106
0 0.5334448117064312 0.24173913558479398 0.01839464867953211 0.041739131323993206
0 0.5497491593996529 0.21739130897913128 0.017558528285007924 0.034782609436661005
0 0.5392976544681005 0.1800000038347207 0.016722407890483737 0.036521739908494055
0 0.5342809321009554 0.14782609010580927 0.016722407890483737 0.031304348492994905
0 0.5677257478819229 0.1486956553417258 0.01839464867953211 0.036521739908494055
0 0.5781772528134752 0.13391304633114487 0.017558528285007924 0.034782609436661005
0 0.563963206106564 0.190434786665719 0.017558528285007924 0.036521739908494055
0 0.5898829383368138 0.17130435147555545 0.017558528285007924 0.033043478964827955
0 0.5940635403094348 0.1973913085530512 0.01588628749595955 0.043478261795826256
0 0.6070234064245597 0.21739130897913128 0.01839464867953211 0.038260870380327106
0 0.6153846103698015 0.14347826392622665 0.016722407890483737 0.036521739908494055
0 0.6413043426000513 0.1660869600600563 0.01839464867953211 0.04695652273949236
0 0.6438127037836239 0.19826087378896773 0.015050167101435363 0.034782609436661005
0 0.653428088320652 0.15739130770089105 0.01588628749595955 0.040000000852160156
0 0.6747491583810188 0.14956522057764232 0.015050167101435363 0.034782609436661005
0 0.6747491583810188 0.1800000038347207 0.015050167101435363 0.040000000852160156
0 0.6964882886386476 0.18173913430655375 0.015050167101435363 0.040000000852160156
0 0.6751672185782809 0.2286956570460461 0.017558528285007924 0.043478261795826256
0 0.657608690293273 0.24695652700029314 0.02424749144120142 0.04869565321132541
0 0.5999163830711041 0.3121739196940325 0.025919732230249792 0.06782608840148896
0 0.5572742429503705 0.35826087719760835 0.025919732230249792 0.06260869698598981
0 0.5836120353778824 0.40695653040893376 0.0317725749919191 0.07304347981698811
0 0.6513377873343416 0.42347826989134774 0.028428093413822353 0.07478261028882116
0 0.7061036731756758 0.30000000639120117 0.025919732230249792 0.05739130557049066
0 0.7311872850114014 0.25043478794395924 0.01588628749595955 0.045217392267659307
0 0.7198996596853249 0.24086957034887746 0.016722407890483737 0.040000000852160156
0 0.7387123685621191 0.20347826520446688 0.01588628749595955 0.038260870380327106
0 0.7637959803978447 0.23652174416929483 0.017558528285007924 0.04869565321132541
0 0.7667224017786793 0.20869565661996603 0.016722407890483737 0.034782609436661005
0 0.801003337954171 0.2078260913840495 0.01839464867953211 0.04695652273949236
0 0.8089464817021508 0.24695652700029314 0.019230769074056298 0.05217391415499151
0 0.8239966488035861 0.23478261369746178 0.014214046706911176 0.041739131323993206
0 0.7813545086828526 0.2834782669087872 0.02090300986310467 0.05565217509865761
0 0.8076923011103645 0.3260869634686969 0.023411371046677232 0.05391304462682456
0 0.7416387899429537 0.3147826154017821 0.023411371046677232 0.05913043604232371
0 0.7098662149510346 0.44434783555334434 0.025083611835725605 0.06782608840148896
0 0.7746655455266591 0.4886956625850871 0.035953176964540035 0.09391304547898471
0 0.8645484879380092 0.5156521848984994 0.030100334202870727 0.08173913217615336
0 0.8783444744476583 0.43478261795826256 0.02424749144120142 0.06956521887332201
0 0.8566053441900294 0.4017391389934346 0.025919732230249792 0.06956521887332201
0 0.8670568491215818 0.32695652870461345 0.020066889468580484 0.05565217509865761
0 0.8867056783929002 0.30260870209895074 0.02090300986310467 0.045217392267659307
0 0.8624581869516987 0.25043478794395924 0.017558528285007924 0.041739131323993206
0 0.8984113639162388 0.276521745021455 0.014214046706911176 0.038260870380327106
0 0.8971571833244525 0.2460869617643766 0.01839464867953211 0.036521739908494055
0 0.9293478185136337 0.2913043540320359 0.014214046706911176 0.043478261795826256
0 0.9481605273904279 0.2695652231341228 0.016722407890483737 0.04869565321132541
0 0.9234949757519644 0.3452173986588605 0.022575250652153045 0.05739130557049066
0 0.9452341060095932 0.40347826946526766 0.022575250652153045 0.07304347981698811
0 0.9561036711384077 0.4773913145181723 0.03260869538644329 0.07478261028882116
0 0.9715718984371051 0.3913043561624363 0.025083611835725605 0.06608695792965591
0 0.9782608615932986 0.3417391377151944 0.015050167101435363 0.04695652273949236
0 0.9811872829741333 0.276521745021455 0.014214046706911176 0.038260870380327106
