0 0.07700000365730375 0.5750750890001655 0.05400000256486237 0.07507507689297199
0 0.08700000413227826 0.6906907074153423 0.09000000427477062 0.14414414763450623
0 0.0390000018524006 0.8063063258305192 0.0740000035148114 0.18918919377028942
0 0.21300001011695713 0.6576576735824347 0.07000000332482159 0.12012012302875519
0 0.2590000123018399 0.6156156305223703 0.050000002374872565 0.07807807996869087
0 0.23900001135189086 0.4069069167599082 0.034000001614913344 0.06306306459009647
0 0.30700001458171755 0.5720720859244466 0.04600000218488276 0.07507507689297199
0 0.32800001557916403 0.8288288488984108 0.1480000070296228 0.21621622145175934
0 0.35600001690909266 0.6906907074153423 0.08800000417977571 0.13813814148306847
0 0.3940000187139958 0.6306306459009647 0.05600000265985727 0.10210210457444191
0 0.43200002051889896 0.611111125908792 0.04400000208988786 0.07507507689297199
0 0.42600002023391426 0.5660660797730088 0.04400000208988786 0.06306306459009647
0 0.6240000296384096 0.5750750890001655 0.04400000208988786 0.07507507689297199
0 0.6540000310633332 0.6006006151437759 0.05200000246986747 0.08408408612012863
0 0.7270000345306471 0.6156156305223703 0.06600000313483179 0.11411411687731743
0 0.7960000378079712 0.5900901043787599 0.06400000303983688 0.08708708919584751
0 0.8230000390904024 0.6756756920367479 0.09000000427477062 0.12012012302875519
0 0.9110000432701781 0.6171171320602298 0.07000000332482159 0.12312312610447407
0 0.9460000449325889 0.7942943135276437 0.10800000512972474 0.21921922452747822
