0 0.0953920774627477 0.5849220106028952 0.04850444616749883 0.10571923747193068
0 0.20048504415899515 0.27383015607483685 0.02101859333924949 0.05199306760914624
0 0.22029102634405717 0.27556325832847506 0.02021018590312451 0.04852686310186982
0 0.26637025020318106 0.24176776438253 0.021827000775374472 0.0433275563409552
0 0.2970897327759303 0.24176776438253 0.01859337103087455 0.0433275563409552
0 0.3189167335513048 0.2383015598752536 0.02021018590312451 0.05025996535550803
0 0.3112368629081175 0.20277296367567033 0.02101859333924949 0.04159445408731699
0 0.35004041984211653 0.21057192381704226 0.014551333850249648 0.046793760848231614
0 0.3597413090756163 0.27556325832847506 0.02101859333924949 0.0658578856382519
0 0.3969280511373654 0.2383015598752536 0.01616814872249961 0.046793760848231614
0 0.36176232766592875 0.1941074524074793 0.01697655615862459 0.03466204507276416
0 0.39167340280255303 0.19324090128066018 0.01697655615862459 0.036395147326402366
0 0.4102667738334276 0.1767764298710972 0.012126111541874707 0.031195840565487742
0 0.42764753371011466 0.19324090128066018 0.01616814872249961 0.03986135183367878
0 0.4421988675603643 0.16897746972972527 0.01778496359474957 0.036395147326402366
0 0.454324979102239 0.16291161184199154 0.012934518977999687 0.031195840565487742
0 0.4753435724414885 0.16897746972972527 0.01778496359474957 0.0433275563409552
0 0.48908649885561317 0.1507798960665241 0.01616814872249961 0.03466204507276416
0 0.49434114719042554 0.21230502607068047 0.01697655615862459 0.03986135183367878
0 0.4676637017983012 0.25649913353845477 0.023443815647624433 0.05892547662369907
0 0.4341147931991145 0.3093587522744201 0.025869037955999374 0.05719237437006086
0 0.5254648334812373 0.16724436747608706 0.01778496359474957 0.0433275563409552
0 0.5517380751552992 0.16377816296881065 0.01859337103087455 0.036395147326402366
0 0.5525464825914241 0.14038128254469484 0.015359741286374629 0.03466204507276416
0 0.5767987056751736 0.13864818029105663 0.01697655615862459 0.038128249580040574
0 0.5513338714372367 0.2183708839584142 0.01940177846699953 0.04852686310186982
0 0.5731608722126111 0.20017331029521301 0.01778496359474957 0.036395147326402366
0 0.6083265956840478 0.18544194113928825 0.013742926414124668 0.03466204507276416
0 0.5970088915782981 0.12651646451558918 0.015359741286374629 0.031195840565487742
0 0.6212611146620475 0.1299826690228656 0.013742926414124668 0.03466204507276416
0 0.6123686328646727 0.16031195846153423 0.015359741286374629 0.03292894281912595
0 0.639046078256797 0.14991334493970498 0.015359741286374629 0.036395147326402366
0 0.6519805972347967 0.1542461005738005 0.013742926414124668 0.038128249580040574
0 0.6265157629968598 0.20277296367567033 0.01616814872249961 0.04852686310186982
0 0.6151980588911101 0.29289428086485714 0.022635408211499453 0.062391681130975485
0 0.5622473718249239 0.3561525131226517 0.029911075136624277 0.046793760848231614
0 0.6079223919659853 0.37954939354676753 0.027485852828249335 0.05892547662369907
0 0.6548100232612342 0.4133448874927126 0.027485852828249335 0.07105719239916652
0 0.662085690186359 0.18890814564656466 0.012934518977999687 0.03466204507276416
0 0.662085690186359 0.25303292903117836 0.01940177846699953 0.0658578856382519
0 0.6879547281423584 0.16637781634926796 0.014551333850249648 0.03466204507276416
0 0.6936135801952332 0.14038128254469484 0.012934518977999687 0.031195840565487742
0 0.7069523028912954 0.1507798960665241 0.015359741286374629 0.03466204507276416
0 0.7126111549441703 0.2183708839584142 0.013742926414124668 0.045060658594593406
0 0.7332255445653573 0.2218370884656906 0.01616814872249961 0.04159445408731699
0 0.7186742107151076 0.27642980945529416 0.01940177846699953 0.06412478338461369
0 0.7299919148208573 0.40294627397088334 0.027485852828249335 0.06759098789189011
0 0.7558609527768567 0.23570190649479628 0.01778496359474957 0.04159445408731699
0 0.7578819713671692 0.20103986142203212 0.015359741286374629 0.038128249580040574
0 0.7805173795786686 0.1759098787442781 0.013742926414124668 0.03986135183367878
0 0.7813257870147936 0.21057192381704226 0.015359741286374629 0.0433275563409552
0 0.7950687134289183 0.25563258241163567 0.01697655615862459 0.05025996535550803
0 0.7663702494464815 0.2868284229771234 0.01616814872249961 0.046793760848231614
0 0.8035569915082306 0.47573656862368807 0.03556992718949914 0.08145580592099577
0 0.8601455120369792 0.5329289429937489 0.030719482572749257 0.09185441944282502
0 0.8738884384511039 0.42894280777545646 0.022635408211499453 0.07798960141371936
0 0.8177041216404177 0.3102253034012392 0.01859337103087455 0.05545927211642265
0 0.8617623269092292 0.3518197574885562 0.01940177846699953 0.05892547662369907
0 0.8136620844597928 0.24696707114344463 0.01859337103087455 0.05025996535550803
0 0.8128536770236678 0.1958405546611175 0.01697655615862459 0.04852686310186982
0 0.8330638629267924 0.216637781704776 0.01859337103087455 0.045060658594593406
0 0.8734842347330414 0.2409012132557109 0.013742926414124668 0.045060658594593406
0 0.8783346793497913 0.22530329297296703 0.013742926414124668 0.05199306760914624
0 0.9062247358961031 0.2435008666361682 0.014551333850249648 0.0433275563409552
0 0.9001616801251657 0.2599653380457312 0.015359741286374629 0.045060658594593406
0 0.8900565871736035 0.2850953207234852 0.01940177846699953 0.046793760848231614
0 0.9227970883366652 0.333622183825355 0.01859337103087455 0.06065857887733728
0 0.9385610333411023 0.2868284229771234 0.014551333850249648 0.03986135183367878
0 0.9494745337287895 0.2599653380457312 0.01697655615862459 0.038128249580040574
0 0.9878738869447261 0.27469670720165595 0.014551333850249648 0.0433275563409552
0 0.9789814051473513 0.3076256500207819 0.014551333850249648 0.0433275563409552
0 0.9769603865570389 0.3474870018544607 0.013742926414124668 0.03986135183367878
0 0.9781729977112263 0.3769497401663102 0.01940177846699953 0.053726169862784445
0 0.949070330010727 0.38474870030768216 0.02101859333924949 0.07279029465280473
0 0.9644300712971017 0.44974003481911495 0.025869037955999374 0.07452339690644294
