0 0.056647940655238926 0.4581249897601083 0.0852059933822602 0.11374999745748937
0 0.02621722873300314 0.38624999136663973 0.05056179827079177 0.05749999871477485
0 0.11844569409731776 0.37312499166000634 0.044007491087540984 0.06874999846331775
0 0.18586142512504011 0.3593749919673428 0.036516854306682944 0.061249998630955815
0 0.2518726617563516 0.3737499916460365 0.03370786551386118 0.04999999888241291
0 0.27996254968456924 0.35812499199528247 0.03370786551386118 0.04874999891035259
0 0.2841760328738019 0.4206249905982986 0.047752809477970004 0.0712499984074384
0 0.3455056215170771 0.35999999195337296 0.03558052470907569 0.05749999871477485
0 0.37921348703093827 0.3443749923026189 0.02621722873300314 0.04124999907799065
0 0.4293071205029264 0.3443749923026189 0.029026217525824904 0.04124999907799065
0 0.4494382068514824 0.3206249928334728 0.02059925114735961 0.03624999918974936
0 0.47425094118807465 0.3412499923724681 0.027153558330610394 0.04499999899417162
0 0.5145131138851866 0.3206249928334728 0.025280899135395885 0.03624999918974936
0 0.5571161105763167 0.3268749926937744 0.02247191034257412 0.03624999918974936
0 0.5074906419031322 0.4031249909894541 0.05056179827079177 0.0712499984074384
0 0.4049625509651378 0.43437499029096216 0.055243446258828044 0.07624999829567969
0 0.4091760341543704 0.3899999912828207 0.04119850229471922 0.052499998826533556
0 0.35533708229195327 0.5474999877624214 0.10018726694397628 0.12499999720603228
0 0.18960674351546913 0.4824999892152846 0.07584269740618765 0.10749999759718776
0 0.5945692944806069 0.45874998974613845 0.05243445746600628 0.1099999975413084
0 0.6502809055382386 0.5374999879859388 0.12078651809133589 0.15749999647960067
0 0.8314606826752424 0.4837499891873449 0.08052434539422393 0.12249999726191163
0 0.752808996476233 0.41999999061226845 0.04681647988036275 0.07999999821186066
0 0.9016854024957865 0.4162499906960875 0.05243445746600628 0.08499999810010195
0 0.9316479496192187 0.3799999915063381 0.04494382068514824 0.07749999826774001
0 0.9428839047905058 0.3431249923305586 0.0374531839042902 0.061249998630955815
0 0.9377340920036659 0.3043749931966886 0.027153558330610394 0.03624999918974936
0 0.9625468263402581 0.3218749928055331 0.03932584309950471 0.05374999879859388
0 0.8717228553723544 0.333124992554076 0.0374531839042902 0.05124999885447323
0 0.8239700458943844 0.3737499916460365 0.04494382068514824 0.06249999860301614
0 0.8155430795159191 0.3349999925121665 0.0374531839042902 0.047499998938292265
0 0.7457865244941786 0.336874992470257 0.032771535916253924 0.04874999891035259
0 0.7659176108427346 0.3237499927636236 0.02621722873300314 0.04999999888241291
0 0.6175093696219847 0.35874999198131263 0.030898876721039414 0.0549999987706542
0 0.6652621790999547 0.3449999922886491 0.038389513501897454 0.0549999987706542
0 0.6891385838389397 0.3168749929172918 0.02434456953778863 0.0437499990221113
0 0.7153558125719428 0.3168749929172918 0.02808988792821765 0.04124999907799065
0 0.5987827776698396 0.35812499199528247 0.021535580744966865 0.04124999907799065
