0 0.25192944606533274 0.21047431672923267 0.02756339672487229 0.04545454727485776
0 0.28941566561115906 0.1837944737635553 0.023153253248892725 0.04743083193898201
0 0.4608599932398647 0.1808300467673689 0.0264608608558774 0.05731225525960326
0 0.49614114104770124 0.18577075842767954 0.0264608608558774 0.05533597059547901
0 0.5452039872179739 0.15118577680550516 0.025358324986882508 0.05731225525960326
0 0.570011044270359 0.11956522217951715 0.01984564564190805 0.04545454727485776
0 0.6019845844712108 0.1215415068436414 0.0264608608558774 0.04940711660310626
0 0.6317530529340729 0.1808300467673689 0.0264608608558774 0.05731225525960326
0 0.6593164496589452 0.1492094921413809 0.022050717379897833 0.05335968593135476
0 0.6896361860563047 0.27272728364914656 0.03197354020085186 0.05138340126723051
0 0.7265711376676336 0.2776679953094572 0.028665932593867183 0.06126482458785176
0 0.8158765430562198 0.1808300467673689 0.0264608608558774 0.06916996324434876
0 0.9553473304840736 0.22628459404222667 0.02756339672487229 0.05731225525960326
