0 0.16730954573722556 0.43739836395252496 0.04532304697204381 0.07479674625210464
0 0.25650915945880115 0.2682926767738536 0.02121504326350987 0.03902438934892416
0 0.27917068294482306 0.25853657943662256 0.018322082818485796 0.03577235690318048
0 0.30472516687586904 0.2569105632137507 0.01735776267014444 0.03902438934892416
0 0.3211186093976721 0.26585365243954584 0.02121504326350987 0.04390243801753968
0 0.31581484858179465 0.23252031987067312 0.01639344252180308 0.02601625956594944
0 0.3355834116227925 0.22195121442200616 0.01735776267014444 0.03414634068030864
0 0.35438765451544896 0.2317073117592372 0.018322082818485796 0.03739837312605232
0 0.36788813659222797 0.2569105632137507 0.026036644005216658 0.04227642179466784
0 0.39537126081995666 0.2918699120054953 0.027000964153558016 0.05365853535477072
0 0.4079074227483943 0.2528455226565711 0.0250723238568753 0.05040650290902704
0 0.3698167768889107 0.20406503597041592 0.018322082818485796 0.03089430823456496
0 0.4040501421550289 0.21626015764195472 0.023143683560192585 0.0325203244574368
0 0.39344262052327394 0.18455284129595384 0.01735776267014444 0.03089430823456496
0 0.41803278430597857 0.18943088996456936 0.018322082818485796 0.03089430823456496
0 0.4440694283111952 0.19674796296749264 0.020250723115168512 0.03577235690318048
0 0.43924782756948844 0.24065040098503232 0.022179363411851227 0.04227642179466784
0 0.47782063350314274 0.23821137665072456 0.024108003708533943 0.04390243801753968
0 0.487945995060727 0.19268292241031304 0.02121504326350987 0.03089430823456496
0 0.4657666316488758 0.17154471151297912 0.019286402966827154 0.03739837312605232
0 0.4975891965441406 0.13739837083267048 0.015429122373461723 0.0243902433430776
0 0.5067502379533835 0.15609755739569664 0.01639344252180308 0.02926829201169312
0 0.5168755995109677 0.19186991429887712 0.02121504326350987 0.03577235690318048
0 0.540501443145331 0.20325202785898 0.022179363411851227 0.04227642179466784
0 0.5472516841837205 0.16585365473292768 0.020250723115168512 0.03577235690318048
0 0.5708775278180838 0.15691056550713256 0.01735776267014444 0.02764227578882128
0 0.5776277688564733 0.12520324916113168 0.015429122373461723 0.0325203244574368
0 0.5940212113782763 0.17154471151297912 0.01735776267014444 0.03414634068030864
0 0.6089681736775674 0.13902438705554232 0.014464802225120366 0.02764227578882128
0 0.608003853529226 0.121951216715388 0.01253616192843765 0.02601625956594944
0 0.6229508158285171 0.13577235460979864 0.013500482076779008 0.03089430823456496
0 0.6316296971635893 0.14552845194702968 0.01735776267014444 0.03414634068030864
0 0.6542912206496112 0.12520324916113168 0.01639344252180308 0.0325203244574368
0 0.6947926668799482 0.11707316804677248 0.01639344252180308 0.0325203244574368
0 0.5732883281889372 0.24227641720790416 0.031822564895264804 0.05203251913189888
0 0.49373191595077515 0.30731706612277776 0.03278688504360616 0.06178861646912992
0 0.5843780098948628 0.29105690389405936 0.03278688504360616 0.0650406489148736
0 0.6147540945676155 0.33495934191159904 0.03375120519194752 0.06829268136061728
0 0.6345226576086134 0.24065040098503232 0.0250723238568753 0.05203251913189888
0 0.63211185723776 0.20162601163610816 0.022179363411851227 0.04227642179466784
0 0.6673095426522195 0.21219511708477512 0.023143683560192585 0.04715447046328336
0 0.6779170642839745 0.18861788185313344 0.02121504326350987 0.0487804866861552
0 0.7078109888825566 0.19674796296749264 0.02121504326350987 0.04227642179466784
0 0.6991321075474843 0.16747967095579952 0.019286402966827154 0.0325203244574368
0 0.7290260321460664 0.14959349250420928 0.01735776267014444 0.03577235690318048
0 0.7377049134811386 0.17317072773585096 0.019286402966827154 0.03739837312605232
0 0.7338476328877732 0.21056910086190328 0.023143683560192585 0.04715447046328336
0 0.7540983560029417 0.20162601163610816 0.019286402966827154 0.04552845424041152
0 0.6918997064349242 0.25040649832226336 0.027965284301899374 0.05528455157764256
0 0.7454194746678695 0.2796747903339565 0.02892960445024073 0.05853658402338624
0 0.8066538040875457 0.29105690389405936 0.027965284301899374 0.05853658402338624
0 0.8023143634200096 0.223577230644878 0.027000964153558016 0.05040650290902704
0 0.8606557323946618 0.34390243113739416 0.027965284301899374 0.06341463269200176
0 0.7512053955579177 0.1341463383869268 0.01735776267014444 0.03089430823456496
0 0.7820636403048411 0.162601622287184 0.015429122373461723 0.03577235690318048
0 0.7859209208982065 0.13902438705554232 0.02121504326350987 0.03414634068030864
0 0.8056894839392044 0.1504065006156452 0.01639344252180308 0.03414634068030864
0 0.828833167499397 0.17967479262733832 0.022179363411851227 0.04715447046328336
0 0.8235294066835195 0.12357723293825984 0.01735776267014444 0.03577235690318048
0 0.8567984518012963 0.13739837083267048 0.018322082818485796 0.040650405571796
0 0.8645130129880272 0.1869918656302616 0.020250723115168512 0.04227642179466784
0 0.870781093952246 0.17398373584728688 0.019286402966827154 0.03577235690318048
0 0.8495660506887361 0.21707316575339064 0.023143683560192585 0.04390243801753968
0 0.8837994159548543 0.26178861188236624 0.024108003708533943 0.05528455157764256
0 0.9464802255970426 0.25040649832226336 0.024108003708533943 0.05528455157764256
0 0.9108003801084124 0.20162601163610816 0.014464802225120366 0.03577235690318048
0 0.9170684610726312 0.17398373584728688 0.015429122373461723 0.02926829201169312
0 0.9194792614434846 0.1585365817300044 0.014464802225120366 0.02764227578882128
