0 0.10854617285076529 0.32984293531626463 0.030451867496594787 0.07329843007028103
0 0.3069744707318023 0.20855148555710912 0.020628684433177114 0.04013961646705866
0 0.33791749738156796 0.23909249808639288 0.019646366126835346 0.045375218614935875
0 0.40962673374451697 0.24520070059224963 0.02161100273951888 0.04013961646705866
0 0.4184675985015929 0.16753926873207092 0.015717092901468277 0.0314136128872633
0 0.4425343970069662 0.16579406801611185 0.016699411207810044 0.0314136128872633
0 0.4656188772059977 0.1666666683740914 0.015717092901468277 0.03315881360322237
0 0.4862475616391748 0.19022687803953886 0.015717092901468277 0.0314136128872633
0 0.49459726724307984 0.16579406801611185 0.01473477459512651 0.0314136128872633
0 0.5166994291357696 0.2006980823352933 0.01768172951415181 0.038394415751099586
0 0.5618860712274909 0.193717279471457 0.01768172951415181 0.038394415751099586
0 0.8678782236529514 0.24345549987629056 0.022593321045860648 0.0436300178989768
0 0.8963654545368627 0.20157068269327283 0.016699411207810044 0.03315881360322237
0 0.928781958646141 0.24607330095022917 0.020628684433177114 0.045375218614935875
0 0.9376228234032169 0.21378708770498633 0.01473477459512651 0.036649215035140514
