0 0.20974576310254633 0.34240150125697255 0.042372881434857845 0.0881801126524806
0 0.27171610220102593 0.2279549720697105 0.018008474609814584 0.039399624802172184
0 0.319385593815241 0.2551594749093056 0.018008474609814584 0.04127579741179943
0 0.35487288201693445 0.20168855553492904 0.01906779664568603 0.039399624802172184
0 0.3697033905191347 0.19418386509642005 0.016949152573943138 0.039399624802172184
0 0.37500000069849193 0.25046904338523746 0.021186440717428923 0.04315197002142668
0 0.4088983058463782 0.27016885578632355 0.023305084789171815 0.045028142631053925
0 0.4152542380616069 0.2082551596686244 0.016949152573943138 0.03752345219254494
0 0.4295550855458714 0.21857410902157426 0.018008474609814584 0.039399624802172184
0 0.39565678039798513 0.17354596639052033 0.0137711864663288 0.028142589144408703
0 0.4104872889001854 0.1679174485616386 0.0137711864663288 0.028142589144408703
0 0.45762711949646473 0.22326454054564238 0.021186440717428923 0.04878048785030842
0 0.44173728895839304 0.17073170747607946 0.016949152573943138 0.03377110697329044
0 0.44862288219155744 0.14540337724611163 0.0137711864663288 0.02439024392515421
0 0.4825211873394437 0.15947467181831598 0.015889830538071692 0.03001876175403595
0 0.48146186530357227 0.1360225141979754 0.015889830538071692 0.028142589144408703
0 0.5063559331465513 0.13414634158834815 0.012711864430457354 0.028142589144408703
0 0.5116525433259085 0.14258911833167076 0.014830508502200246 0.03001876175403595
0 0.4867584754829295 0.21388367749750614 0.028601694968529046 0.05253283306956291
0 0.5185381365590729 0.19793621031567454 0.020127118681557477 0.0318949343636632
0 0.5195974585949443 0.1726078800857067 0.015889830538071692 0.03001876175403595
0 0.5444915264379233 0.19136960618197918 0.021186440717428923 0.04127579741179943
0 0.5550847467966378 0.14258911833167076 0.012711864430457354 0.03001876175403595
0 0.5566737298504449 0.12195121962577105 0.011652542394585907 0.022514071315526962
0 0.569915255298838 0.13883677311241627 0.012711864430457354 0.026266416534781456
0 0.5831567807472311 0.18292682943865657 0.020127118681557477 0.04315197002142668
0 0.5916313570342027 0.12570356484502554 0.015889830538071692 0.03752345219254494
0 0.6022245773929171 0.12664165114983916 0.0137711864663288 0.0318949343636632
0 0.6122881367336959 0.12101313332095742 0.012711864430457354 0.0318949343636632
0 0.6096398316440172 0.10131332091987133 0.011652542394585907 0.022514071315526962
0 0.6329449164331891 0.1163227017968893 0.0137711864663288 0.026266416534781456
0 0.6260593232000247 0.1322701689787209 0.010593220358714461 0.02439024392515421
0 0.6424788147560321 0.151969981379807 0.018008474609814584 0.03001876175403595
0 0.6610169503837824 0.15009380877017975 0.016949152573943138 0.03001876175403595
0 0.6668432215810753 0.1163227017968893 0.015889830538071692 0.03752345219254494
0 0.6912076284061186 0.10975609766319394 0.011652542394585907 0.02439024392515421
0 0.6965042385854758 0.12382739223539829 0.015889830538071692 0.03001876175403595
0 0.7192796623567119 0.11913696071133018 0.014830508502200246 0.028142589144408703
0 0.6393008486484177 0.19887429662048817 0.02224576275330037 0.04878048785030842
0 0.5831567807472311 0.2485928707756102 0.02436440682504326 0.05816135089844465
0 0.5566737298504449 0.3086303942836821 0.03283898311201483 0.061913696117699146
0 0.6334745774511248 0.26266416534781456 0.033898305147886276 0.0637898687273264
0 0.6869703402626328 0.2682926831766963 0.02436440682504326 0.04878048785030842
0 0.6753177978680469 0.2279549720697105 0.02436440682504326 0.04315197002142668
0 0.6758474588859826 0.18574108835309744 0.01906779664568603 0.03752345219254494
0 0.7049788148724474 0.17354596639052033 0.018008474609814584 0.03564727958291769
0 0.7203389843925834 0.19887429662048817 0.021186440717428923 0.045028142631053925
0 0.7245762725360692 0.23545966250821948 0.021186440717428923 0.050656660459935665
0 0.7436440691817552 0.27110694209113717 0.0275423729326576 0.06941838655620813
0 0.7722457641502842 0.2532833022996783 0.021186440717428923 0.04878048785030842
0 0.7738347472040914 0.20544090075418353 0.018008474609814584 0.04315197002142668
0 0.795550848939456 0.2279549720697105 0.021186440717428923 0.04690431524068117
0 0.7473516963073052 0.18761726096272469 0.015889830538071692 0.03752345219254494
0 0.7436440691817552 0.151969981379807 0.016949152573943138 0.03752345219254494
0 0.7658898319350556 0.14258911833167076 0.012711864430457354 0.022514071315526962
0 0.7595338997198269 0.17823639791458845 0.012711864430457354 0.03001876175403595
0 0.7891949167242274 0.14634146355092525 0.012711864430457354 0.03001876175403595
0 0.8003177981008776 0.1322701689787209 0.0137711864663288 0.028142589144408703
0 0.8040254252264276 0.1641651033423841 0.014830508502200246 0.0318949343636632
0 0.8151483066030778 0.15478424029424787 0.0137711864663288 0.0318949343636632
0 0.8283898320514709 0.14071294572204351 0.012711864430457354 0.03001876175403595
0 0.8384533913922496 0.17542213900014758 0.015889830538071692 0.03564727958291769
0 0.8474576286971569 0.20356472814455628 0.01906779664568603 0.039399624802172184
0 0.8437500015716068 0.23921200772747397 0.020127118681557477 0.04315197002142668
0 0.7976694930111989 0.296435272321105 0.02966101700440049 0.06754221394658089
0 0.8495762727688998 0.33020637929439545 0.0275423729326576 0.0600375235080719
0 0.8628177982172929 0.2917448407970369 0.02224576275330037 0.061913696117699146
0 0.9184322051005438 0.33114446559920907 0.0275423729326576 0.06566604133695364
0 0.9427966119255871 0.27861163252964616 0.021186440717428923 0.05440900567919016
0 0.920021188154351 0.26172607904300094 0.020127118681557477 0.04315197002142668
0 0.8977754254010506 0.231707317288965 0.018008474609814584 0.03564727958291769
0 0.8697033914504573 0.19887429662048817 0.01906779664568603 0.04127579741179943
0 0.851165255822707 0.15759849920868874 0.015889830538071692 0.03377110697329044
0 0.8591101710917428 0.14540337724611163 0.012711864430457354 0.028142589144408703
0 0.8898305101320148 0.16322701703757048 0.016949152573943138 0.03377110697329044
0 0.9179025440826081 0.16979362117126584 0.0137711864663288 0.02439024392515421
0 0.9491525441408157 0.16979362117126584 0.016949152573943138 0.0318949343636632
0 0.9475635610870086 0.23545966250821948 0.020127118681557477 0.03564727958291769
0 0.9502118661766872 0.2120075048878789 0.012711864430457354 0.026266416534781456
