0 0.3213914987863973 0.2047970504499972 0.017653167946264148 0.029520295560359955
0 0.35877467796672136 0.20018450426869094 0.015576324658468366 0.03136531403288245
0 0.3764278459129855 0.1900369026698172 0.013499481370672584 0.02583025861531496
0 0.41017654933966696 0.17527675488963723 0.014537903014570475 0.02583025861531496
0 0.4200415549566969 0.17988930107094347 0.013499481370672584 0.03136531403288245
0 0.42471445235423744 0.1651291532907635 0.012461059726774693 0.023985240142792463
0 0.43717551208101213 0.1614391163457185 0.012461059726774693 0.023985240142792463
0 0.46261684235651046 0.155904060928151 0.013499481370672584 0.016605166252702475
0 0.48286606441251934 0.15129151474684477 0.014537903014570475 0.03321033250540495
0 0.46728973975405097 0.18265682877972722 0.016614746302366257 0.02583025861531496
0 0.466770528932102 0.21125461510382593 0.01973001123405993 0.027675277087837458
0 0.4470405176980421 0.24815498455427587 0.01973001123405993 0.027675277087837458
0 0.5000000215368345 0.1254612561315298 0.011422638082876801 0.022140221670269966
0 0.4994808107148856 0.1918819211423397 0.01869158959016204 0.036900369450449944
0 0.5207684544147924 0.18634686572477221 0.015576324658468366 0.022140221670269966
0 0.5368639898952097 0.12822878384031355 0.01038421643897891 0.02029520319774747
0 0.5373832007171586 0.15036900551058352 0.013499481370672584 0.027675277087837458
0 0.5649013742804527 0.13745387620292604 0.012461059726774693 0.023985240142792463
0 0.571651114965789 0.15129151474684477 0.013499481370672584 0.022140221670269966
0 0.552959525375627 0.18357933801598847 0.015576324658468366 0.03136531403288245
0 0.5768432231852785 0.18634686572477221 0.015576324658468366 0.029520295560359955
0 0.5981308668851852 0.15036900551058352 0.014537903014570475 0.02029520319774747
0 0.581516120582819 0.1309963115490973 0.012461059726774693 0.022140221670269966
0 0.6116303482558578 0.10608856217004359 0.01038421643897891 0.02029520319774747
0 0.6407061542849988 0.12269372842274606 0.01038421643897891 0.02029520319774747
0 0.6365524677094072 0.1365313669666648 0.012461059726774693 0.022140221670269966
0 0.6536864248337224 0.14760147780179977 0.011422638082876801 0.022140221670269966
0 0.6630322196288034 0.11531365453265607 0.011422638082876801 0.02029520319774747
0 0.6687435386702418 0.1254612561315298 0.01038421643897891 0.018450184725224972
0 0.7035306637408212 0.12822878384031355 0.00934579479508102 0.016605166252702475
0 0.6734164360677823 0.14483395009301603 0.011422638082876801 0.016605166252702475
0 0.6261682512704283 0.18081181030720472 0.014537903014570475 0.022140221670269966
0 0.5851505963364616 0.170664208708331 0.017653167946264148 0.02029520319774747
0 0.572170325787738 0.23247232753783464 0.022845276165753603 0.04428044334053993
0 0.6355140460655093 0.2011070135049522 0.01869158959016204 0.04059040639549494
0 0.6552440572995692 0.23800738295540214 0.02076843287795782 0.036900369450449944
0 0.6604361655190587 0.18450184725224972 0.016614746302366257 0.03321033250540495
0 0.6967809230554849 0.18081181030720472 0.014537903014570475 0.022140221670269966
0 0.7118380368920043 0.15405904245562851 0.013499481370672584 0.027675277087837458
0 0.714953301823698 0.2352398552466184 0.01973001123405993 0.042435424868017435
0 0.7222222533309832 0.18911439343355596 0.015576324658468366 0.035055350977927446
0 0.734164102235809 0.17343173641711473 0.014537903014570475 0.036900369450449944
0 0.74350989703089 0.15405904245562851 0.012461059726774693 0.023985240142792463
0 0.7642783299088478 0.14667896856553853 0.01038421643897891 0.016605166252702475
0 0.7886812385404482 0.14667896856553853 0.013499481370672584 0.027675277087837458
0 0.7980270333355293 0.13191882078535855 0.00934579479508102 0.023985240142792463
0 0.8058151956647635 0.15498155169188976 0.014537903014570475 0.029520295560359955
0 0.7938733467599377 0.17804428259842098 0.013499481370672584 0.023985240142792463
0 0.7689512273063883 0.18542435648851097 0.015576324658468366 0.035055350977927446
0 0.7564901675796136 0.3108856126200408 0.03634475753642619 0.0682656834833324
0 0.800623087445274 0.20848708739504218 0.014537903014570475 0.04059040639549494
0 0.8136033579939976 0.20387454121373594 0.015576324658468366 0.035055350977927446
0 0.829179682652466 0.17896679183468223 0.013499481370672584 0.029520295560359955
0 0.8271028393646702 0.15867158863693476 0.011422638082876801 0.022140221670269966
0 0.8541018021060154 0.15036900551058352 0.011422638082876801 0.027675277087837458
0 0.8660436510108411 0.09778597904369235 0.012461059726774693 0.029520295560359955
0 0.8888889271765947 0.159594097873196 0.01038421643897891 0.023985240142792463
0 0.8572170670377091 0.21309963357634842 0.013499481370672584 0.027675277087837458
0 0.8831776081351563 0.23800738295540214 0.013499481370672584 0.036900369450449944
0 0.8753894458059222 0.27214022469706833 0.016614746302366257 0.03874538792297244
0 0.9179647332057357 0.18173431954346597 0.012461059726774693 0.027675277087837458
0 0.9382139552617446 0.21309963357634842 0.015576324658468366 0.035055350977927446
0 0.9215992089593783 0.2675276785157621 0.015576324658468366 0.036900369450449944
0 0.9350986903300509 0.24907749379053712 0.017653167946264148 0.03321033250540495
