0 0.2506200541538419 0.45320765823998954 0.03397817656514235 0.05324073912925087
0 0.06919643256696872 0.6420304038474569 0.055555558763444424 0.07440475965267979
0 0.24231152192805894 0.8640872754331212 0.16914683516370133 0.23346560139907524
0 0.3039434699312551 0.6841931009839755 0.0910218306526076 0.14021163596771657
0 0.2818700559582794 0.6195436320413137 0.058779765298822895 0.06514550067367963
0 0.3046875175932655 0.601355801903992 0.04588293915730901 0.06911375452182256
0 0.3629712511174148 0.5763888714427594 0.03000992236775346 0.05092592438450083
0 0.3821924823860172 0.6074735265865456 0.03670635132584721 0.058862432080786675
0 0.4167906986695016 0.6319444253167603 0.05183532045339234 0.07605819875607267
0 0.47433038453164045 0.6866732596390648 0.07514881386305206 0.11144179556868039
0 0.6040426936087897 0.8379629375995137 0.10540675211814232 0.16931216418743134
0 0.6494296009914251 0.6941137356043328 0.07961309983511455 0.11243385903071612
0 0.5933780104533071 0.5978835797868669 0.04737103448132984 0.0641534372116439
0 0.5308780068444321 0.638062149999314 0.04439484383328818 0.055886241694679484
0 0.49714784616662655 0.61342590735876 0.03844246253720485 0.039021162840072066
0 0.4539930817700224 0.5724206175946165 0.03893849431187846 0.04894179746042937
0 0.5415426899999147 0.5648147977190092 0.036954367213184014 0.05820105643942952
0 0.6309524173848331 0.5758928397117415 0.03224206535378471 0.04398148015025072
0 0.7083333742339164 0.5884589768975275 0.04414682794595137 0.06316137374960817
0 0.6892361509089824 0.6339285522408318 0.04960317746736109 0.0641534372116439
0 0.824900841282215 0.6731150589912431 0.06994048022897914 0.1041666635137517
0 0.9533730709226802 0.7071759045211365 0.0907738147652708 0.15641533918096684
0 0.8909970752574736 0.641534372116439 0.063740083045559 0.09920634620357305
0 0.8887649322714424 0.5929232624766883 0.04141865318524651 0.04828042181907222
0 0.8710317963268608 0.5654761733603664 0.03323412890313193 0.04100528976414353
0 0.8240327856765362 0.6284722031996353 0.04439484383328818 0.05522486605332233
0 0.7917907203227514 0.5990409871592419 0.03993055786122568 0.04794973399839364
0 0.799355204886524 0.5714285541325808 0.03224206535378471 0.04298941668821499
0 0.9326637443300569 0.5684523637464736 0.037450398987857625 0.05092592438450083
0 0.9609375554864528 0.5899470720905811 0.04141865318524651 0.0542328025912866
0 0.9847470806707861 0.5578703534847591 0.030505954142427072 0.06018518336350098
