0 0.716406260675285 0.13472222548443824 0.08906250132713467 0.17500000423751771
0 0.25390625378349796 0.5180555680999532 0.03906250058207661 0.07500000181607902
0 0.16328125243308023 0.9069444664055482 0.11093750165309757 0.17500000423751771
0 0.08828125131549314 0.8652777987299487 0.08593750128056854 0.14722222578711808
0 0.10312500153668225 0.7569444627733901 0.059375000884756446 0.11944444733671844
0 0.03515625052386895 0.6722222384996712 0.048437500721774995 0.08333333535119891
0 0.1507812522468157 0.6972222391050309 0.051562500768341124 0.07777777966111898
0 0.10390625154832378 0.6736111274221912 0.048437500721774995 0.08611111319623888
0 0.35546875529689714 0.6027777923736721 0.03906250058207661 0.0611111125908792
0 0.35859375534346327 0.6625000160420313 0.04218750062864274 0.05833333474583924
0 0.41640625620493665 0.6277777929790318 0.03593750053551048 0.055555556900799274
0 0.4828125071944669 0.5944444588385522 0.034375000512227416 0.07222222397103906
0 0.5539062582538463 0.6263889040565118 0.03906250058207661 0.07500000181607902
0 0.5835937586962245 0.7250000175554305 0.051562500768341124 0.07777777966111898
0 0.6242187593015842 0.8027777972165495 0.07968750118743628 0.11666666949167848
0 0.7851562616997398 0.7208333507878706 0.05468750081490725 0.12500000302679837
0 0.9562500142492354 0.7972222415264696 0.0875000013038516 0.18888889346271753
0 0.923437513760291 0.5069444567197934 0.07187500107102096 0.12500000302679837
0 0.76484376139706 0.6361111265141517 0.048437500721774995 0.07777777966111898
0 0.7828125116648152 0.5888889031484723 0.03125000046566129 0.06666666828095913
0 0.8171875121770427 0.5958333477610722 0.03125000046566129 0.08055555750615895
0 0.522656257788185 0.6972222391050309 0.04531250067520887 0.07777777966111898
0 0.6140625091502443 0.5986111256061122 0.037500000558793545 0.08055555750615895
0 0.5921875088242814 0.6375000154366717 0.040625000605359674 0.07500000181607902
0 0.5750000085681677 0.5930555699160323 0.034375000512227416 0.05277777905575931
0 0.4757812570896931 0.6750000163447112 0.04531250067520887 0.0611111125908792
0 0.46250000689178705 0.6319444597465917 0.037500000558793545 0.06388889043591917
0 0.42343750630971044 0.7027777947951108 0.05000000074505806 0.07777777966111898
