0 0.019565216498449445 0.2681159470230341 0.03478260710835457 0.12318840809166431
0 0.04782608477398753 0.23731884500011802 0.060869562439620495 0.0978260887786746
0 0.12934782018419355 0.28079710667952895 0.06304347538389266 0.11231884267181158
0 0.2315217285649851 0.489130443893373 0.11521738604642451 0.21014493145048618
0 0.43152171943802387 0.5126811689697206 0.12391303782351315 0.19927536603063345
0 0.43260867591015995 0.2681159470230341 0.07391304010525346 0.1376811619848013
0 0.3978260688018054 0.24094203347340226 0.056521736551076174 0.11231884267181158
0 0.622826058533974 0.3333333395421505 0.08043477893806994 0.14492753893136978
0 0.6293477973667905 0.18115942366421223 0.04999999771825969 0.09420290030539036
0 0.7967390940757468 0.19021739484742284 0.04999999771825969 0.08333333488553762
