0 0.1734892800450325 0.49146756157279015 0.046783626079559326 0.08532422943972051
0 0.27923976816236973 0.2696245650295168 0.020467836409807205 0.040955630131065845
0 0.36208577267825603 0.2013651814777404 0.018518518656492233 0.040955630131065845
0 0.40984405763447285 0.22610920801525936 0.022417154163122177 0.039249145542271435
0 0.38401559740304947 0.26109214208554476 0.027290448546409607 0.05119453766383231
0 0.45760234259068966 0.22610920801525936 0.02631578966975212 0.042662114719860256
0 0.4215399641543627 0.1672354897018522 0.01461988314986229 0.027303753420710564
0 0.5160818751901388 0.1322525556315668 0.01461988314986229 0.032423207187093794
0 0.5423976648598909 0.133105797925964 0.01656920090317726 0.027303753420710564
0 0.5657894778996706 0.11092149827163666 0.012670565396547318 0.027303753420710564
0 0.5696881134063005 0.13737200939795002 0.010721247643232346 0.029010238009504974
0 0.5857699848711491 0.12713310186518356 0.013645224273204803 0.029010238009504974
0 0.5657894778996706 0.18771330476738513 0.018518518656492233 0.034129691775888205
0 0.6164717394858599 0.15870306675788015 0.01461988314986229 0.037542660953477025
0 0.6583820711821318 0.11518770974362269 0.01461988314986229 0.035836176364682615
0 0.7037037089467049 0.09726962156128138 0.015594542026519775 0.030716722598299384
0 0.7246588747948408 0.08703071402851492 0.01461988314986229 0.034129691775888205
0 0.7041910383850336 0.16040955134667456 0.020467836409807205 0.047781568486243486
0 0.6929824613034725 0.166382247407455 0.017543859779834747 0.042662114719860256
0 0.6588694006204605 0.18088736641220748 0.01949317753314972 0.040955630131065845
0 0.6608187183737755 0.22696245030965656 0.025341130793094635 0.05460750684142113
0 0.6115984451025724 0.2645051112631336 0.03216374292969704 0.05119453766383231
0 0.5526315830647945 0.25597268831916153 0.025341130793094635 0.05119453766383231
0 0.5453216414898634 0.337030706286896 0.02631578966975212 0.05972696060780436
0 0.4897660855203867 0.3174061335157603 0.030214425176382065 0.06143344519659877
0 0.6583820711821318 0.33276449481491 0.03606237843632698 0.07508532190695405
0 0.7197855804115534 0.2815699571510777 0.02631578966975212 0.06484641437418759
0 0.7456140406429768 0.14249146316433325 0.025341130793094635 0.0494880530750379
0 0.7685185242444277 0.22781569260405377 0.02436647191643715 0.05290102225262672
0 0.7738791480660439 0.2875426532118581 0.027290448546409607 0.06313992978539318
0 0.7558479588478804 0.32849828334292397 0.028265107423067093 0.0836177448509261
0 0.7958089727908373 0.37542660953477025 0.04385964944958687 0.08191126026213169
0 0.8927875310182571 0.37201364035718143 0.04093567281961441 0.07849829108454287
0 0.8918128721415997 0.32337882957654074 0.03313840180635452 0.06313992978539318
0 0.8391812928020954 0.2960750761558302 0.027290448546409607 0.06313992978539318
0 0.8138401620090008 0.24232081160880625 0.027290448546409607 0.05119453766383231
0 0.8079922087490559 0.12969282874837518 0.015594542026519775 0.034129691775888205
0 0.832358680665493 0.14505119004752487 0.011695906519889832 0.030716722598299384
0 0.8421052694320679 0.12627985957078636 0.013645224273204803 0.027303753420710564
0 0.8659844119101763 0.14163822086993605 0.01461988314986229 0.030716722598299384
0 0.9049707669764757 0.1493174015195109 0.01461988314986229 0.032423207187093794
0 0.9298245683312416 0.16296927822986618 0.013645224273204803 0.025597268831916153
