0 0.20251937909051776 0.35553634335519746 0.04651162773370743 0.08477508916985244
0 0.2921511617023498 0.22491350187920034 0.022286821622401476 0.038062284933403134
0 0.32994185923598707 0.23529412504285574 0.020348837133497 0.0415224926546216
0 0.3328488359693438 0.2128027748549357 0.016472868155688047 0.0311418694909662
0 0.35222868085838854 0.1972318401094526 0.014534883666783571 0.0311418694909662
0 0.34786821575835347 0.17733564571244642 0.013565891422331333 0.029411765630356967
0 0.37742247921414673 0.19809689203975722 0.016472868155688047 0.0363321810727939
0 0.3585271304473281 0.24567474820651114 0.021317829377949238 0.0415224926546216
0 0.37984495982527733 0.248269903997425 0.01937984488904476 0.0363321810727939
0 0.41618216899223626 0.24134948855498806 0.024224806111305952 0.043252596515230834
0 0.4118217038922012 0.2179930864367634 0.01937984488904476 0.0311418694909662
0 0.39825581246986985 0.1911764765973203 0.017441860400140285 0.032871973351575434
0 0.4249030991923064 0.1453287242911756 0.010658914688974619 0.024221454048529267
0 0.43653100612573326 0.16695502254879102 0.016472868155688047 0.0259515579091385
0 0.4481589130591601 0.14792388008208945 0.014534883666783571 0.029411765630356967
0 0.4660852695815265 0.16435986675787717 0.017441860400140285 0.03460207721218467
0 0.46947674243710935 0.13667820498812944 0.010658914688974619 0.024221454048529267
0 0.4815891454927623 0.1756055418518372 0.01550387591123581 0.032871973351575434
0 0.45155038591474295 0.2179930864367634 0.021317829377949238 0.038062284933403134
0 0.47965116100385785 0.22664360573980957 0.01937984488904476 0.0415224926546216
0 0.49224806018173695 0.1496539839426987 0.017441860400140285 0.032871973351575434
0 0.49224806018173695 0.13062284147599712 0.013565891422331333 0.022491350187920034
0 0.5019379826262593 0.11591695866081864 0.01550387591123581 0.0311418694909662
0 0.5101744167041034 0.1401384127093479 0.014534883666783571 0.0311418694909662
0 0.5242248042486608 0.1245674779638648 0.013565891422331333 0.0311418694909662
0 0.532945734448731 0.17820069764275104 0.01550387591123581 0.03460207721218467
0 0.4961240291595459 0.28287198120960966 0.027131782844662666 0.06055363512132317
0 0.5479651142377406 0.2941176563035697 0.03197674406692386 0.06574394670315087
0 0.5663759668823332 0.2335640211822465 0.024224806111305952 0.04498270037584007
0 0.5566860444378108 0.1764705937821418 0.016472868155688047 0.0311418694909662
0 0.5528100754600018 0.155709347454831 0.014534883666783571 0.0311418694909662
0 0.5654069746378809 0.1505190358730033 0.012596899177879095 0.03460207721218467
0 0.5838178272824734 0.1660899706184864 0.018410852644592524 0.038062284933403134
0 0.5469961219932884 0.1453287242911756 0.010658914688974619 0.024221454048529267
0 0.5489341064821929 0.12543252989416942 0.014534883666783571 0.0259515579091385
0 0.5833333311602473 0.11678201059112325 0.011627906933426857 0.032871973351575434
0 0.5949612380936742 0.13321799726691097 0.013565891422331333 0.0311418694909662
0 0.6182170519605279 0.16349481482757255 0.017441860400140285 0.032871973351575434
0 0.6235465093050152 0.12543252989416942 0.012596899177879095 0.029411765630356967
0 0.606589145027101 0.11332180286990479 0.013565891422331333 0.029411765630356967
0 0.6375968968495727 0.10467128356685862 0.011627906933426857 0.0259515579091385
0 0.6463178270496428 0.13235294533660635 0.013565891422331333 0.032871973351575434
0 0.6521317805163562 0.11851211445173249 0.013565891422331333 0.022491350187920034
0 0.6642441835720092 0.103806231636554 0.008720930200070143 0.024221454048529267
0 0.6821705400943756 0.11764706252142787 0.011627906933426857 0.024221454048529267
0 0.687984493561089 0.10034602391533554 0.013565891422331333 0.0207612463273108
0 0.6124030984938145 0.24221454048529267 0.023255813866853714 0.048442908097058535
0 0.6182170519605279 0.22491350187920034 0.01937984488904476 0.03460207721218467
0 0.6114341062493622 0.3209342661430128 0.029069767333567142 0.0570934274001047
0 0.7034883694723248 0.31401385070057586 0.029069767333567142 0.06055363512132317
0 0.6865310051944107 0.24567474820651114 0.022286821622401476 0.05536332353949547
0 0.6705426331609488 0.17993080150336027 0.01937984488904476 0.0415224926546216
0 0.6967054237611592 0.15743945131544024 0.01550387591123581 0.0311418694909662
0 0.7136627880390733 0.17820069764275104 0.018410852644592524 0.0415224926546216
0 0.7175387570168823 0.11072664707899094 0.010658914688974619 0.027681661769747734
0 0.7470930204726756 0.1349481011275202 0.01550387591123581 0.03460207721218467
0 0.7698643382173032 0.15657439938513562 0.014534883666783571 0.032871973351575434
0 0.7577519351616502 0.18512111308518797 0.017441860400140285 0.038062284933403134
0 0.7175387570168823 0.23183391732163727 0.024224806111305952 0.048442908097058535
0 0.7281976717058569 0.19463668431853876 0.016472868155688047 0.03979238879401237
0 0.7592054235283285 0.27249135804595426 0.022286821622401476 0.05017301195766777
0 0.7315891445614398 0.2863321889308281 0.02519379835575819 0.053633219678886235
0 0.7514534855727106 0.3685121223097667 0.03391472855582833 0.06574394670315087
0 0.7776162761729211 0.3105536429793574 0.026162790600210428 0.053633219678886235
0 0.8120155008509755 0.28287198120960966 0.023255813866853714 0.06055363512132317
0 0.8328488341066986 0.3070934352581389 0.026162790600210428 0.06401384284254164
0 0.8008720900397748 0.21885813836706802 0.018410852644592524 0.043252596515230834
0 0.7916666637174785 0.17214533413061872 0.017441860400140285 0.0363321810727939
0 0.8730620122514665 0.2603806310216896 0.01937984488904476 0.05017301195766777
0 0.8764534851070493 0.22491350187920034 0.018410852644592524 0.048442908097058535
0 0.9176356554962695 0.3304498373763636 0.023255813866853714 0.058823531260713935
0 0.9195736399851739 0.28806229279143736 0.021317829377949238 0.05017301195766777
0 0.8948643377516419 0.4143598746159114 0.037790697533637285 0.0778546737274155
0 0.8158914698287845 0.3944636802189052 0.03875968977808952 0.07612456986680627
0 0.9292635624296963 0.21107267099432647 0.013565891422331333 0.038062284933403134
