0 0.12200000579468906 0.3963964059948921 0.05600000265985727 0.09009009227156639
0 0.22700001078192145 0.3438438521698117 0.04600000218488276 0.08708708919584751
0 0.27800001320429146 0.34834835678339005 0.04000000189989805 0.07207207381725311
0 0.24800001177936792 0.31531532295048237 0.028000001329928637 0.060060061514377594
0 0.16900000802706927 0.33033033832907677 0.026000001234933734 0.042042043060064316
0 0.13100000622216612 0.34534535370767117 0.034000001614913344 0.054054055362939835
0 0.1150000054622069 0.32582583371549845 0.03000000142492354 0.057057058438658714
0 0.043000002042390406 0.361861870624125 0.042000001994892955 0.06906907074153423
0 0.06800000322982669 0.3363363444805145 0.028000001329928637 0.060060061514377594
0 0.013000000617466867 0.3423423506319523 0.02200000104494393 0.06606606766581535
0 0.2900000137742609 0.30780781526118517 0.02400000113993883 0.045045046135783195
0 0.31300001486670226 0.3318318398669362 0.03000000142492354 0.057057058438658714
0 0.3270000155316666 0.31381382141262293 0.02200000104494393 0.045045046135783195
0 0.36900001752655953 0.35585586447268724 0.05400000256486237 0.09909910149872303
0 0.421000019996427 0.31081081833690405 0.026000001234933734 0.057057058438658714
0 0.39300001866649836 0.35285286139696836 0.03000000142492354 0.07507507689297199
0 0.44900002132635564 0.3513513598591089 0.03800000180490315 0.09009009227156639
0 0.5040000239387155 0.3648648736998439 0.04800000227987766 0.08108108304440975
0 0.5310000252211466 0.42042043060064316 0.06600000313483179 0.10810811072587967
0 0.574000027263537 0.3588588675484061 0.04400000208988786 0.07507507689297199
0 0.5300000251736492 0.3393393475562334 0.028000001329928637 0.054054055362939835
0 0.5410000256961212 0.31381382141262293 0.034000001614913344 0.051051052287220955
0 0.5910000280709937 0.3123123198747635 0.03000000142492354 0.048048049211502075
0 0.6210000294959173 0.32282283063977957 0.03800000180490315 0.06306306459009647
0 0.6560000311583281 0.3198198275640607 0.03200000151991844 0.06306306459009647
0 0.6800000322982669 0.32132132910192013 0.04000000189989805 0.07207207381725311
0 0.7260000344831496 0.3123123198747635 0.03600000170990825 0.06606606766581535
0 0.76900003652554 0.31831832602620125 0.026000001234933734 0.048048049211502075
0 0.7930000376654789 0.24774775374680758 0.05400000256486237 0.08108108304440975
0 0.8610000408953056 0.32132132910192013 0.03800000180490315 0.07207207381725311
0 0.8950000425102189 0.33033033832907677 0.034000001614913344 0.07807807996869087
0 0.9410000446951017 0.3198198275640607 0.03800000180490315 0.08108108304440975
