0 0.16998106567189097 0.505852838687133 0.03882575873285532 0.07190635392908007
0 0.2528409166261554 0.2725752486148849 0.013257576152682304 0.02675585262477398
0 0.2736742505803704 0.2784280913765542 0.017045455053448677 0.0317725749919191
0 0.29829546343535185 0.2750836097984575 0.017045455053448677 0.038461538148112595
0 0.31155303958803415 0.2424749144120142 0.013257576152682304 0.02675585262477398
0 0.35653410153463483 0.22491638612700626 0.016098485328257084 0.03511705657001585
0 0.3745265263132751 0.20066889468580484 0.014204545877873898 0.03678929735906422
0 0.3915719813667238 0.1973244131077081 0.016098485328257084 0.030100334202870727
0 0.3920454662293196 0.228260867705103 0.013257576152682304 0.028428093413822353
0 0.4185606185346842 0.20234113547485322 0.013257576152682304 0.033444815780967474
0 0.44886364974081516 0.17642140324460343 0.013257576152682304 0.025083611835725605
0 0.467803044244647 0.152173911803402 0.011363636702299118 0.02675585262477398
0 0.43655304331332445 0.24163879401749 0.02083333395421505 0.03511705657001585
0 0.39299243595451117 0.28929765650536865 0.022727273404598236 0.043478260515257716
0 0.3768939506262541 0.2851170545327477 0.017045455053448677 0.038461538148112595
0 0.35227273777127266 0.3060200643958524 0.024621212854981422 0.043478260515257716
0 0.3030303120613098 0.31354514794657007 0.02083333395421505 0.0317725749919191
0 0.4592803167179227 0.20150501508032903 0.017045455053448677 0.038461538148112595
0 0.47916668094694614 0.23996655322844163 0.018939394503831863 0.038461538148112595
0 0.4839015295729041 0.16973244008840993 0.013257576152682304 0.03511705657001585
0 0.4891098630614579 0.1463210690417327 0.012310606427490711 0.021739130257628858
0 0.6358901704661548 0.30852842557942495 0.025568182580173016 0.051839464460499585
0 0.6860795659013093 0.1212374572060071 0.012310606427490711 0.028428093413822353
0 0.6245265337638557 0.1270902999676764 0.014204545877873898 0.02675585262477398
0 0.6036931998096406 0.12959866115124896 0.014204545877873898 0.028428093413822353
0 0.5733901686035097 0.12625417957315221 0.014204545877873898 0.025083611835725605
0 0.5696022897027433 0.1530100321979262 0.014204545877873898 0.028428093413822353
0 0.6060606241226196 0.15551839338149875 0.013257576152682304 0.02675585262477398
0 0.6273674429394305 0.15050167101435363 0.014204545877873898 0.02675585262477398
0 0.6444128979928792 0.1454849486472085 0.01799242477864027 0.03678929735906422
0 0.579545471817255 0.18227424600627273 0.017045455053448677 0.033444815780967474
0 0.5355113795958459 0.1722408012719825 0.021780303679406643 0.023411371046677232
0 0.5137310759164393 0.20568561705294997 0.01799242477864027 0.030100334202870727
0 0.7476325980387628 0.12541805917862803 0.012310606427490711 0.030100334202870727
0 0.721590930595994 0.15719063417054713 0.01515151560306549 0.030100334202870727
0 0.6993371420539916 0.1596989953541197 0.016098485328257084 0.038461538148112595
0 0.6519886557944119 0.2098662190255709 0.016098485328257084 0.038461538148112595
0 0.6808712324127555 0.21321070060366765 0.017045455053448677 0.04180601972620934
0 0.614583351649344 0.2424749144120142 0.024621212854981422 0.05016722367145121
0 0.5696022897027433 0.25083611835725605 0.021780303679406643 0.043478260515257716
0 0.5847538053058088 0.290969897294417 0.025568182580173016 0.056856186827644706
0 0.5208333488553762 0.3127090275520459 0.02651515230536461 0.046822742093354464
0 0.6879735053516924 0.27006688743131235 0.025568182580173016 0.05518394603859633
0 0.7135416879318655 0.22575250652153045 0.019886364229023457 0.05351170524954796
0 0.7443182040005922 0.20234113547485322 0.02083333395421505 0.043478260515257716
0 0.7656250228174031 0.1454849486472085 0.014204545877873898 0.030100334202870727
0 0.7793560838326812 0.13879598549101502 0.01515151560306549 0.033444815780967474
0 0.7826704778708518 0.165551838115789 0.014204545877873898 0.033444815780967474
0 0.7992424480617046 0.16387959732674062 0.01515151560306549 0.030100334202870727
0 0.8153409333899617 0.18227424600627273 0.017045455053448677 0.033444815780967474
0 0.8465909343212843 0.1588628749595955 0.013257576152682304 0.030100334202870727
0 0.8598485104739666 0.1714046808774583 0.01515151560306549 0.0317725749919191
0 0.8570076012983918 0.19899665389675647 0.017045455053448677 0.033444815780967474
0 0.8508522980846465 0.22575250652153045 0.01799242477864027 0.05016722367145121
0 0.9086174513213336 0.16638795851031318 0.014204545877873898 0.0317725749919191
0 0.9010416935198009 0.18896320916246623 0.019886364229023457 0.03678929735906422
0 0.9375000279396772 0.28260869334917516 0.018939394503831863 0.05351170524954796
0 0.9422348765656352 0.268394646642264 0.02083333395421505 0.04515050130430609
0 0.854166692122817 0.2851170545327477 0.02083333395421505 0.04515050130430609
0 0.8536932072602212 0.33946488017681986 0.021780303679406643 0.056856186827644706
0 0.7845644173212349 0.2984949808451347 0.025568182580173016 0.051839464460499585
0 0.7698863865807652 0.24163879401749 0.018939394503831863 0.04515050130430609
0 0.7859848719090223 0.21404682099819183 0.017045455053448677 0.04013377893716097
0 0.7329545672982931 0.28260869334917516 0.022727273404598236 0.046822742093354464
