0 0.08975609764456749 0.31367521634092554 0.02341463416814804 0.04273504309821874
0 0.15463414648547769 0.385470088745933 0.043902439065277576 0.08034188102465123
0 0.26341463439166546 0.2649572672089562 0.01756097562611103 0.030769231030717492
0 0.27902439050376415 0.2649572672089562 0.01756097562611103 0.03760683792643249
0 0.3517073174007237 0.2512820534175262 0.020487804897129536 0.04102564137428999
0 0.3917073174379766 0.26666666893288493 0.020487804897129536 0.04102564137428999
0 0.370731707662344 0.19572649738984182 0.015609756112098694 0.03247863275464624
0 0.3980487808585167 0.2273504292825237 0.01756097562611103 0.03418803447857499
0 0.39951219549402595 0.1931623948039487 0.010731707327067852 0.027350427582859993
0 0.40926829306408763 0.2034188051475212 0.012682926841080189 0.023931624135002494
0 0.40926829306408763 0.17863248015055433 0.012682926841080189 0.025641025858931243
0 0.4385365857742727 0.22820513014448807 0.0185365853831172 0.03931623965036124
0 0.4375609760172665 0.20512820687144995 0.0185365853831172 0.03418803447857499
0 0.45170731749385595 0.1555555568775162 0.015609756112098694 0.027350427582859993
0 0.47073170775547624 0.16837606980698183 0.016585365869104862 0.03931623965036124
0 0.492682927288115 0.19743589911377057 0.01756097562611103 0.03589743620250374
0 0.4834146345965564 0.18376068532234058 0.014634146355092525 0.029059829306788743
0 0.503902439493686 0.15811965946340933 0.012682926841080189 0.025641025858931243
0 0.5234146346338093 0.16837606980698183 0.016585365869104862 0.029059829306788743
0 0.527317073661834 0.1965811982518062 0.0185365853831172 0.04102564137428999
0 0.5200000004842877 0.13504273619037122 0.013658536598086357 0.027350427582859993
0 0.5326829273253679 0.14017094136215746 0.015609756112098694 0.03418803447857499
0 0.550243902951479 0.16837606980698183 0.01756097562611103 0.03247863275464624
0 0.5673170736990869 0.1393162405001931 0.014634146355092525 0.029059829306788743
0 0.5604878054000437 0.1119658129173331 0.012682926841080189 0.029059829306788743
0 0.5531707322224975 0.07948718016268685 0.015609756112098694 0.022222222411073744
0 0.5946341468952596 0.0743589749909006 0.010731707327067852 0.022222222411073744
0 0.5858536590822041 0.16752136894501746 0.016585365869104862 0.03418803447857499
0 0.5843902444466949 0.1418803430860862 0.013658536598086357 0.023931624135002494
0 0.5897560981102288 0.12307692412286997 0.010731707327067852 0.020512820687144995
0 0.5995121956802905 0.11111111205536872 0.010731707327067852 0.023931624135002494
0 0.6209756103344262 0.1051282060216181 0.010731707327067852 0.025641025858931243
0 0.6473170737735927 0.1051282060216181 0.010731707327067852 0.025641025858931243
0 0.6497560981661081 0.13333333446644247 0.013658536598086357 0.027350427582859993
0 0.6560975615866482 0.12136752239894122 0.012682926841080189 0.030769231030717492
0 0.6668292689137161 0.11025641119340435 0.010731707327067852 0.025641025858931243
0 0.7058536591939628 0.10598290688358247 0.014634146355092525 0.027350427582859993
0 0.6156097566708922 0.15299145429162309 0.01756097562611103 0.03931623965036124
0 0.503902439493686 0.3008547034114599 0.02439024392515421 0.061538462061434984
0 0.5180487809702754 0.3282051309943199 0.025365853682160378 0.054700855165719986
0 0.5590243907645345 0.2649572672089562 0.025365853682160378 0.04786324827000499
0 0.608292683493346 0.21794871980091557 0.020487804897129536 0.03931623965036124
0 0.6102439030073583 0.2709401732427068 0.022439024411141872 0.052991453441791236
0 0.6219512200914323 0.2957264982396737 0.028292682953178883 0.05128205171786249
0 0.6756097567267716 0.3153846180648543 0.03609756100922823 0.07008547068107873
0 0.6609756103716791 0.21965812152484432 0.020487804897129536 0.04273504309821874
0 0.6926829274743795 0.18803418963216245 0.021463414654135704 0.04102564137428999
0 0.7536585372872651 0.3358974387519993 0.03609756100922823 0.07692307757679373
0 0.7965853665955365 0.41111111460486427 0.0400000000372529 0.08034188102465123
0 0.7492682933807373 0.23162393359234557 0.021463414654135704 0.04957264999393374
0 0.7487804885022342 0.18547008704626933 0.020487804897129536 0.04615384654607624
0 0.7814634153619409 0.19829059997573495 0.021463414654135704 0.04102564137428999
0 0.7839024397544563 0.16153846291126683 0.0185365853831172 0.03589743620250374
0 0.8058536592870951 0.13504273619037122 0.015609756112098694 0.03760683792643249
0 0.8253658544272184 0.14786324911983684 0.015609756112098694 0.03247863275464624
0 0.834146342240274 0.14017094136215746 0.015609756112098694 0.030769231030717492
0 0.8473170739598572 0.1393162405001931 0.014634146355092525 0.03931623965036124
0 0.869268293492496 0.1358974370523356 0.015609756112098694 0.03247863275464624
0 0.8600000008009374 0.15982906118733808 0.016585365869104862 0.03589743620250374
0 0.8717073178850114 0.19743589911377057 0.0185365853831172 0.03931623965036124
0 0.8858536593616009 0.19059829221805558 0.019512195140123367 0.04615384654607624
0 0.82878048857674 0.2068376085953787 0.02439024392515421 0.04444444482214749
0 0.7985365861095488 0.2905982930678874 0.02439024392515421 0.054700855165719986
0 0.7692682933993638 0.2811965835862793 0.02439024392515421 0.056410256889648736
0 0.8326829276047647 0.31965812237467617 0.028292682953178883 0.061538462061434984
0 0.811219512950629 0.2683760706568137 0.02439024392515421 0.04786324827000499
0 0.9200000008568168 0.4273504309821874 0.039024390280246735 0.07863247930072248
0 0.9048780496232212 0.3213675240986049 0.032195121981203556 0.06837606895714998
0 0.8697560983709991 0.27264957496663556 0.020487804897129536 0.04273504309821874
0 0.9224390252493322 0.28034188272431493 0.020487804897129536 0.04786324827000499
0 0.9282926837913692 0.2435897456598468 0.022439024411141872 0.03931623965036124
0 0.9278048789128661 0.2000000016996637 0.021463414654135704 0.04444444482214749
0 0.9307317081838846 0.1623931637732312 0.01756097562611103 0.03418803447857499
0 0.9053658545017242 0.1495726508437656 0.013658536598086357 0.025641025858931243
0 0.9609756106510758 0.12307692412286997 0.01170731708407402 0.030769231030717492
