0 0.029388714028755203 0.4068627546657808 0.02586206834530458 0.05182072950992733
0 0.21473353717010468 0.34803922387072816 0.01880877697840333 0.0378151269396767
0 0.25078369304537773 0.3417367027141154 0.01880877697840333 0.04201680771075189
0 0.28134795563528314 0.3648459469550289 0.02194357314147055 0.043417367967776954
0 0.28448275179835036 0.29901961487485096 0.01880877697840333 0.035014006425626576
0 0.3224921552755404 0.3571428655413911 0.021159874100703746 0.05042016925290227
0 0.348354223620845 0.32282913924427703 0.018025077937636524 0.035014006425626576
0 0.3467868255393114 0.2906162533327006 0.014890281774569303 0.035014006425626576
0 0.37656738908845 0.32563025975832716 0.018025077937636524 0.035014006425626576
0 0.3930250689445529 0.333333341171965 0.018025077937636524 0.03641456668265164
0 0.39811911270953715 0.29411765397526324 0.01724137889686972 0.02801120514050126
0 0.380485884292284 0.2514005661359988 0.014890281774569303 0.03221288591157645
0 0.404780554556055 0.2626050481921993 0.013322883693035692 0.026610644883476198
0 0.4184952877694741 0.25000000587897375 0.012539184652268887 0.035014006425626576
0 0.42672412769752555 0.27030812960583717 0.013322883693035692 0.02801120514050126
0 0.4239811810548417 0.2976190546178259 0.015673980815336108 0.035014006425626576
0 0.45728839028743096 0.2997198950033635 0.016457679856102914 0.03361344616860151
0 0.4525861960428301 0.23669468343723565 0.013322883693035692 0.02801120514050126
0 0.4811912110308185 0.266106448834762 0.01724137889686972 0.03361344616860151
0 0.4929466966423206 0.31442577770212665 0.01880877697840333 0.035014006425626576
0 0.5047021822538227 0.29621849436080083 0.01880877697840333 0.029411765397526324
0 0.44043886091094464 0.24789916549343616 0.012539184652268887 0.02801120514050126
0 0.4929466966423206 0.25210084626451135 0.010971786570735276 0.02801120514050126
0 0.5027429346519057 0.23949580395128578 0.011755485611502081 0.025210084626451135
0 0.5144984202634078 0.2619047680636868 0.016457679856102914 0.030812325654551387
0 0.5548589208628982 0.2822128917905502 0.01724137889686972 0.035014006425626576
0 0.5399686390883289 0.21918768022442237 0.01724137889686972 0.03221288591157645
0 0.5532915227813646 0.2310924424091354 0.012539184652268887 0.02801120514050126
0 0.5579937170259655 0.20168067701160908 0.012539184652268887 0.02801120514050126
0 0.5532915227813646 0.25910364754963666 0.01724137889686972 0.02801120514050126
0 0.5795454406470526 0.23739496356574818 0.016457679856102914 0.03221288591157645
0 0.5873824310547207 0.22128852060995996 0.014890281774569303 0.03361344616860151
0 0.5928683243400883 0.2023809571401216 0.013322883693035692 0.02380952436942607
0 0.6093260041961912 0.2086834782967344 0.013322883693035692 0.02801120514050126
0 0.606191208033124 0.23179272253764793 0.013322883693035692 0.026610644883476198
0 0.6132444994000252 0.25420168665004894 0.014890281774569303 0.02380952436942607
0 0.6379310191841796 0.21708683983888477 0.012539184652268887 0.02240896411240101
0 0.6500783543160651 0.2289916020235978 0.011755485611502081 0.03221288591157645
0 0.6622256894479506 0.22408964112401009 0.010971786570735276 0.025210084626451135
0 0.6798589178652037 0.24579832510789856 0.018025077937636524 0.0378151269396767
0 0.6434169124695472 0.26820728922029957 0.015673980815336108 0.035014006425626576
0 0.6148118974815588 0.2892156930756755 0.018025077937636524 0.035014006425626576
0 0.5795454406470526 0.3200280187302269 0.021159874100703746 0.043417367967776954
0 0.5160658183449414 0.35644258541287854 0.02586206834530458 0.049019608995877206
0 0.523510959232226 0.4026610738947056 0.028213165467604995 0.057422970538027585
0 0.44122255995171145 0.41036415530834347 0.029780563549138606 0.061624651309102774
0 0.42907522481982596 0.35434174502734095 0.021159874100703746 0.04481792822480202
0 0.5905172272177879 0.4201680771075189 0.0289968645083718 0.061624651309102774
0 0.5795454406470526 0.37394958862569183 0.02586206834530458 0.04761904873885214
0 0.6277429316542111 0.33263306104345247 0.02194357314147055 0.04621848848182708
0 0.6618338399275672 0.3242296995013021 0.018025077937636524 0.04061624745372683
0 0.6630093884887174 0.3578431456699036 0.023510971223004162 0.049019608995877206
0 0.6375391696637962 0.3893557514529675 0.02742946642683819 0.061624651309102774
0 0.6426332134287804 0.455882363661658 0.031347961630672216 0.06862745259422809
0 0.6904388549155556 0.5042016925290227 0.03761755395680666 0.0756302538793534
0 0.7084639328531921 0.39425771235255525 0.028213165467604995 0.04621848848182708
0 0.6990595443639904 0.28151261166203767 0.014106582733802497 0.03641456668265164
0 0.7065046852512751 0.2731092501198873 0.018025077937636524 0.03361344616860151
0 0.7198275689443108 0.2422969244653359 0.011755485611502081 0.025210084626451135
0 0.721003117505461 0.2177871199673973 0.012539184652268887 0.03221288591157645
0 0.7370689478411805 0.2794117712765001 0.014890281774569303 0.0378151269396767
0 0.7480407344119158 0.2626050481921993 0.016457679856102914 0.035014006425626576
0 0.751175530574983 0.23949580395128578 0.013322883693035692 0.02801120514050126
0 0.7786049970018212 0.24369748472236097 0.014890281774569303 0.03361344616860151
0 0.7817397931648884 0.29411765397526324 0.013322883693035692 0.03641456668265164
0 0.7880093854910228 0.2759103706339374 0.014890281774569303 0.030812325654551387
0 0.807601861510193 0.2535014065215364 0.013322883693035692 0.03641456668265164
0 0.7974137739802245 0.32983194052940235 0.016457679856102914 0.04621848848182708
0 0.7817397931648884 0.3571428655413911 0.022727272182237357 0.05042016925290227
0 0.7633228657068685 0.4355742399347946 0.026645767386071384 0.053221289766952395
0 0.7829153417260386 0.5420168194686994 0.03918495203834027 0.08683473593555391
0 0.8138714538363274 0.4271708783926442 0.0289968645083718 0.05882353079505265
0 0.8734325809346046 0.4467787219909951 0.0289968645083718 0.061624651309102774
0 0.8812695713422727 0.3998599533806555 0.021159874100703746 0.057422970538027585
0 0.8824451199034229 0.34733894374221563 0.01880877697840333 0.039215687196701765
0 0.8871473141480237 0.3193277386017144 0.01880877697840333 0.039215687196701765
0 0.8969435521576088 0.30742297641700134 0.013322883693035692 0.03221288591157645
0 0.8969435521576088 0.2801120514050126 0.014890281774569303 0.03361344616860151
0 0.8632444934046362 0.28151261166203767 0.018025077937636524 0.039215687196701765
0 0.8389498231408652 0.3382353020715527 0.022727272182237357 0.04061624745372683
0 0.8268024880089797 0.36974790785461664 0.02037617505993694 0.04761904873885214
0 0.8283698860905133 0.28151261166203767 0.02037617505993694 0.03641456668265164
0 0.8264106384885963 0.25000000587897375 0.014890281774569303 0.02380952436942607
0 0.8409090707427822 0.24789916549343616 0.014106582733802497 0.02801120514050126
