0 0.8475000205216929 0.43888889951631427 0.031666667433455586 0.04000000096857548
0 0.6937500167987309 0.4516666776034981 0.03916666761506349 0.05444444576278329
0 0.7191666840808466 0.44722223305143416 0.030000000726431608 0.047777778934687376
0 0.6441666822647676 0.4655555668286979 0.033333334140479565 0.04888889007270336
0 0.612500014831312 0.4444444552063942 0.033333334140479565 0.04222222324460745
0 0.5716666805092245 0.42500001029111445 0.02666666731238365 0.04111111210659146
0 0.5295833461568691 0.4272222325671464 0.02750000066589564 0.03666666755452752
0 0.5004166787839495 0.44722223305143416 0.030833334079943597 0.027777778450399637
0 0.43416667717974633 0.4655555668286979 0.033333334140479565 0.04000000096857548
0 0.40333334309980273 0.42333334358409047 0.033333334140479565 0.033333334140479565
0 0.3662500088685192 0.44722223305143416 0.024166667251847684 0.03888888983055949
0 0.34791667509125546 0.4205555657390505 0.030833334079943597 0.03666666755452752
0 0.2916666737291962 0.4294444548431784 0.031666667433455586 0.045555556658655405
0 0.2512500060838647 0.4455555663444102 0.034166667493991554 0.05111111234873533
0 0.21041667176177725 0.48500001174397767 0.060833334806375206 0.08777777990326285
0 0.22083333868067712 0.4150000100489706 0.031666667433455586 0.03444444527849555
0 0.22666667215526104 0.43222223268821836 0.025000000605359674 0.033333334140479565
0 0.17166667082346976 0.43111112155020237 0.0383333342615515 0.05111111234873533
0 0.1370833366527222 0.45666667772457004 0.03750000090803951 0.055555556900799274
0 0.10916666931007057 0.49444445641711354 0.051666667917743325 0.06444444600492716
0 0.1000000024214387 0.44111112179234624 0.033333334140479565 0.04888889007270336
