0 0.03200000151991844 0.5243506488623098 0.04400000208988786 0.10714285704307258
0 0.04500000213738531 0.48376623331569135 0.04600000218488276 0.09090909082442522
0 0.12100000574719161 0.498376622912474 0.050000002374872565 0.08766233758069575
0 0.1520000072196126 0.5308441553497687 0.0720000034198165 0.10714285704307258
0 0.2300000109244138 0.48863636318128556 0.04000000189989805 0.07467532460577786
0 0.288000013679266 0.4999999995343387 0.04400000208988786 0.07792207784950733
0 0.3370000160066411 0.4594155839877203 0.050000002374872565 0.07467532460577786
0 0.4250000201864168 0.3733766230288893 0.042000001994892955 0.09090909082442522
0 0.7380000350531191 0.5503246748121455 0.06000000284984708 0.12662337650544941
0 0.7990000379504636 0.6055194799555466 0.10200000484474003 0.15909090894274414
0 0.873000041465275 0.8019480512011796 0.19000000902451575 0.31818181788548827
0 0.9670000459300354 0.5762987007619813 0.06600000313483179 0.12012987001799047
0 0.9470000449800864 0.5146103891311213 0.05400000256486237 0.09415584406815469
0 0.853000040515326 0.5129870125092566 0.050000002374872565 0.08441558433696628
0 0.8750000415602699 0.4870129865594208 0.05400000256486237 0.09740259731188416
0 0.7570000359555706 0.47889610345009714 0.05400000256486237 0.0811688310932368
