0 0.15939278807491064 0.351081520318985 0.04554079659283161 0.07986688613891602
0 0.2594876639195718 0.2820299416780472 0.018026565317995846 0.041597336530685425
0 0.29791271104477346 0.2745424211025238 0.020872865105047822 0.036605656147003174
0 0.3159392763627693 0.24625623226165771 0.020872865105047822 0.03993344306945801
0 0.3282732421066612 0.2154742032289505 0.01518026553094387 0.03161397576332092
0 0.349146107211709 0.21713809669017792 0.017077798722311854 0.03494176268577576
0 0.3662239059340209 0.21880199015140533 0.013282732339575887 0.03494176268577576
0 0.3723908888059668 0.24209649860858917 0.014231498935259879 0.04492512345314026
0 0.3842504712520167 0.22712145745754242 0.01518026553094387 0.03161397576332092
0 0.3880455376347527 0.20049916207790375 0.018975331913679838 0.03494176268577576
0 0.41508538561174646 0.16971713304519653 0.014231498935259879 0.023294508457183838
0 0.42836811795132235 0.18885190784931183 0.016129032126627862 0.02828618884086609
0 0.4364326340146363 0.22212977707386017 0.01518026553094387 0.04492512345314026
0 0.45018974965205416 0.19301164150238037 0.018026565317995846 0.03993344306945801
0 0.4592030323110521 0.1755407601594925 0.01518026553094387 0.03494176268577576
0 0.4577798824175261 0.22795340418815613 0.01992409850936383 0.03993344306945801
0 0.47343453124631196 0.16306155920028687 0.01518026553094387 0.029950082302093506
0 0.4814990473096259 0.18885190784931183 0.012333965743891895 0.03826954960823059
0 0.4933586297556758 0.17221297323703766 0.01518026553094387 0.03161397576332092
0 0.5004743792233057 0.18968385457992554 0.014231498935259879 0.036605656147003174
0 0.5222960109240375 0.20965057611465454 0.01992409850936383 0.036605656147003174
0 0.4791271308204159 0.25124791264533997 0.022770398296415806 0.029950082302093506
0 0.4909867132664658 0.13227953016757965 0.012333965743891895 0.024958401918411255
0 0.5303605269873515 0.13311147689819336 0.013282732339575887 0.029950082302093506
0 0.5545540751772933 0.15890182554721832 0.014231498935259879 0.03494176268577576
0 0.583017073047813 0.08569051325321198 0.012333965743891895 0.024958401918411255
0 0.6034155548550189 0.12479200959205627 0.01518026553094387 0.026622295379638672
0 0.5796963899629191 0.12229616940021515 0.013282732339575887 0.02828618884086609
0 0.5759013235801831 0.1871880143880844 0.018975331913679838 0.03494176268577576
0 0.583491456345655 0.165557399392128 0.017077798722311854 0.03161397576332092
0 0.6228652700665407 0.15391014516353607 0.01992409850936383 0.03161397576332092
0 0.6366223857039586 0.10316139459609985 0.013282732339575887 0.023294508457183838
0 0.6522770345327444 0.10149750113487244 0.014231498935259879 0.026622295379638672
0 0.6774193493183702 0.07071547210216522 0.01518026553094387 0.03161397576332092
0 0.6309297861298546 0.21131446957588196 0.020872865105047822 0.03993344306945801
0 0.5744781736866571 0.24625623226165771 0.01992409850936383 0.03993344306945801
0 0.4909867132664658 0.3019966632127762 0.03320683084893972 0.04492512345314026
0 0.5407969595398754 0.34941762685775757 0.028462997870519757 0.046589016914367676
0 0.6000948717701249 0.3544093072414398 0.02941176446620375 0.06322795152664185
0 0.6740986662334763 0.36688850820064545 0.02941176446620375 0.058236271142959595
0 0.6148007540032268 0.2670549005270004 0.02466793148778379 0.04825291037559509
0 0.6665085334680043 0.3019966632127762 0.02561669808346778 0.05490848422050476
0 0.6731498996377923 0.21381030976772308 0.01992409850936383 0.041597336530685425
0 0.6736242829356343 0.18219633400440216 0.018975331913679838 0.03826954960823059
0 0.6954459146363661 0.15474209189414978 0.017077798722311854 0.03327786922454834
0 0.701612897508312 0.19051580131053925 0.018026565317995846 0.03494176268577576
0 0.697817831125576 0.21963393688201904 0.021821631700731814 0.04326122999191284
0 0.7528462936752476 0.1971713751554489 0.018026565317995846 0.041597336530685425
0 0.7367172615486197 0.15806987881660461 0.018026565317995846 0.036605656147003174
0 0.7552182101644576 0.16306155920028687 0.013282732339575887 0.03327786922454834
0 0.7248576791025698 0.06405989825725555 0.01518026553094387 0.02828618884086609
0 0.7855787412263453 0.12895174324512482 0.013282732339575887 0.03494176268577576
0 0.8040796898421831 0.145590677857399 0.012333965743891895 0.02828618884086609
0 0.8296963879256509 0.165557399392128 0.014231498935259879 0.03161397576332092
0 0.815464888990391 0.1381031572818756 0.012333965743891895 0.023294508457183838
0 0.8425047369673848 0.14392678439617157 0.013282732339575887 0.03494176268577576
0 0.7983870902680792 0.185524120926857 0.01992409850936383 0.04825291037559509
0 0.8572106192004867 0.1555740386247635 0.014231498935259879 0.03161397576332092
0 0.8695445849443786 0.14891846477985382 0.014231498935259879 0.03494176268577576
0 0.8757115678163245 0.13477537035942078 0.013282732339575887 0.029950082302093506
0 0.9065464821760543 0.14059899747371674 0.010436432552523911 0.024958401918411255
0 0.9022770324954763 0.15806987881660461 0.013282732339575887 0.026622295379638672
0 0.8994307327084243 0.17304491996765137 0.01518026553094387 0.026622295379638672
0 0.8923149832407944 0.1846921741962433 0.016129032126627862 0.036605656147003174
0 0.935958246642258 0.20299500226974487 0.016129032126627862 0.036605656147003174
0 0.942599612812046 0.16139766573905945 0.014231498935259879 0.029950082302093506
0 0.8534155528177507 0.17970049381256104 0.014231498935259879 0.026622295379638672
0 0.8837760838796385 0.245424285531044 0.01992409850936383 0.03826954960823059
0 0.9264705806854181 0.28702162206172943 0.023719164892099798 0.05490848422050476
0 0.821157488564495 0.2570715397596359 0.01992409850936383 0.058236271142959595
0 0.7542694435687736 0.2670549005270004 0.02466793148778379 0.04825291037559509
0 0.7277039788896218 0.2920133024454117 0.026565464679151773 0.058236271142959595
0 0.7983870902680792 0.31780365109443665 0.023719164892099798 0.05990016460418701
0 0.5075901286909357 0.14891846477985382 0.01518026553094387 0.02163061499595642
0 0.7931688739918172 0.12146422266960144 0.013282732339575887 0.029950082302093506
