0 0.10874999756924808 0.2951127893757075 0.07249999837949872 0.10902255913242698
0 0.28749999357387424 0.3308270759880543 0.08499999810010195 0.10526316054165363
0 0.3124999930150807 0.24436090840026736 0.0549999987706542 0.09022556617856026
0 0.36499999184161425 0.21052632108330727 0.029999999329447746 0.060150377452373505
0 0.4062499909196049 0.1409774471540004 0.0274999993853271 0.041353384498506784
0 0.4824999892152846 0.3026315865572542 0.06999999843537807 0.11654135631397367
0 0.6062499864492565 0.3345864745788276 0.0874999980442226 0.14285714644938707
0 0.5599999874830246 0.1879699295386672 0.03999999910593033 0.060150377452373505
0 0.7537499831523746 0.24436090840026736 0.052499998826533556 0.09022556617856026
0 0.863749980693683 0.355263166828081 0.09749999782070518 0.16917293658480048
0 0.9299999792128801 0.5864661801606417 0.13999999687075615 0.27067669853568077
