0 0.32853716978570446 0.21349096240010113 0.014388489187695086 0.03198887384496629
0 0.3585131889267359 0.20723226969130337 0.013589128677267581 0.030598053243011236
0 0.3836930450052023 0.3045897118281573 0.023980815312825143 0.041724618058651686
0 0.4760191839595791 0.15716272802092135 0.011990407656412572 0.019471488427370787
0 0.5047961623349693 0.2002781666815281 0.0167865707189776 0.03337969444692135
0 0.5667466018931009 0.11752434086520225 0.011191047145985067 0.023643950233235955
0 0.5711430847004522 0.17454798554535955 0.0167865707189776 0.034770515048876405
0 0.8705035958555527 0.0966620318358764 0.012789768166840076 0.026425591437146068
0 0.9088729003560729 0.13769123959355056 0.011191047145985067 0.027816412039101124
0 0.8141486798704136 0.3956884612562135 0.029576338885817677 0.07371349190361798
