0 0.8680000412277877 0.47432024125009775 0.028000001329928637 0.054380664601922035
0 0.7540000358130783 0.5936555885709822 0.06800000322982669 0.11782477330416441
0 0.6830000324407592 0.5513595161028206 0.050000002374872565 0.08157099690288305
0 0.6540000310633332 0.5483383680693805 0.04000000189989805 0.06344410870224237
0 0.647000030730851 0.5060422956012189 0.03800000180490315 0.06344410870224237
0 0.6140000291634351 0.5151057397015393 0.03600000170990825 0.05135951656848192
0 0.6250000296859071 0.49244712945073843 0.026000001234933734 0.04833836853504181
0 0.5860000278335065 0.4939577034674585 0.02400000113993883 0.045317220501601696
0 0.5660000268835574 0.4939577034674585 0.02400000113993883 0.045317220501601696
0 0.4970000236062333 0.6540785492397845 0.06600000313483179 0.11178247723728418
0 0.5060000240337104 0.5981873106211424 0.05600000265985727 0.09667673707008362
0 0.45500002161134034 0.5634441082365811 0.04600000218488276 0.06344410870224237
0 0.4790000227512792 0.5347432019189 0.042000001994892955 0.06646525673568249
0 0.41800001985393465 0.4999999995343387 0.02400000113993883 0.033232628367841244
0 0.3940000187139958 0.509063443634659 0.02400000113993883 0.033232628367841244
0 0.3940000187139958 0.48791540740057826 0.020000000949949026 0.033232628367841244
0 0.3510000166716054 0.5166163137182593 0.034000001614913344 0.04833836853504181
0 0.3100000147242099 0.5634441082365811 0.04000000189989805 0.0694864047691226
0 0.26000001234933734 0.5921450145542622 0.03200000151991844 0.06646525673568249
0 0.23500001116190106 0.5951661625877023 0.058000002754852176 0.08459214493632317
0 0.19400000921450555 0.6163141988217831 0.06000000284984708 0.08459214493632317
0 0.18200000864453614 0.6555891232565045 0.08400000398978591 0.1148036252707243
0 0.07000000332482159 0.5725075523369014 0.04400000208988786 0.08761329296976328
0 0.09800000465475023 0.5830815704539418 0.04400000208988786 0.06646525673568249
0 0.14200000674463809 0.5740181263536215 0.04000000189989805 0.054380664601922035
0 0.18200000864453614 0.5453172200359404 0.04000000189989805 0.05135951656848192
0 0.22900001087691635 0.5422960720025003 0.03800000180490315 0.05135951656848192
0 0.2610000123968348 0.5287009058520198 0.026000001234933734 0.04833836853504181
0 0.27200001291930676 0.5226586097851396 0.020000000949949026 0.04229607246816158
0 0.3120000148192048 0.4969788515008986 0.02400000113993883 0.033232628367841244
