0 0.08500000205822289 0.28189910808578134 0.04666666779667139 0.08308605290949345
0 0.1308333365013823 0.23887240211479366 0.03500000084750354 0.08011869387701154
0 0.15750000381376594 0.2314540045335889 0.031666667433455586 0.07715133484452963
0 0.17333333753049374 0.2952522237319499 0.033333334140479565 0.08605341194197536
0 0.2216666720341891 0.25519287679344416 0.03666666755452752 0.07121661677956581
0 0.23333333898335695 0.21216617082245648 0.030000000726431608 0.062314539682120085
0 0.2841666735475883 0.25222551776096225 0.0383333342615515 0.065281898714602
0 0.2775000067194924 0.38872403325513005 0.04833333450369537 0.09495548903942108
0 0.37833334249444306 0.45994065003469586 0.04666666779667139 0.11275964323431253
0 0.36500000883825123 0.390207712771371 0.043333334382623434 0.08605341194197536
0 0.44083334400784224 0.27448071050457656 0.03500000084750354 0.07418397581204772
0 0.47166667808778584 0.25222551776096225 0.02666666731238365 0.05341246258467436
0 0.5058333455817774 0.30415430082939565 0.025000000605359674 0.05044510355219245
0 0.5533333467319608 0.30712165986187756 0.02666666731238365 0.062314539682120085
0 0.46166667784564197 0.43768545729108155 0.05000000121071935 0.11572700226679444
0 0.5125000124098733 0.48961424035951495 0.07500000181607902 0.14836795162409544
0 0.5408333464292809 0.3931750718038529 0.03500000084750354 0.08605341194197536
0 0.6016666812356561 0.3620178019627929 0.033333334140479565 0.065281898714602
0 0.6283333485480398 0.40207714890129864 0.04666666779667139 0.08605341194197536
0 0.6400000154972076 0.5489614210091531 0.06666666828095913 0.1364985154941678
0 0.7733333520591259 0.6646884232759476 0.1066666692495346 0.20771513227373362
0 0.9550000231247395 0.6231453968212008 0.09000000217929482 0.19584569614380598
0 0.7750000187661499 0.4584569705184549 0.05000000121071935 0.09792284807190299
0 0.7125000172527507 0.4094955464825034 0.0383333342615515 0.07121661677956581
0 0.6950000168289989 0.3545994043815881 0.03666666755452752 0.0682492577470839
0 0.7491666848072782 0.34718100680038333 0.031666667433455586 0.065281898714602
0 0.7833333523012698 0.33976260921917856 0.02666666731238365 0.05637982161715627
0 0.842500020400621 0.3976261103525758 0.0383333342615515 0.07715133484452963
0 0.8850000214297324 0.4287833801936358 0.043333334382623434 0.09792284807190299
0 0.8483333538752049 0.33976260921917856 0.02666666731238365 0.062314539682120085
0 0.9266666891053319 0.3649851609952748 0.033333334140479565 0.065281898714602
0 0.9250000223983079 0.33086053212173283 0.030000000726431608 0.04451038548722863
0 0.9808333570836112 0.3486646863166243 0.025000000605359674 0.062314539682120085
0 0.9900000239722431 0.4302670597098768 0.02000000048428774 0.08308605290949345
