0 0.2125119380070828 0.46943973808083683 0.04106972285080701 0.0967741955537349
0 0.25310410594101995 0.445670637418516 0.04966571135446429 0.08998302393592894
0 0.48137535620480776 0.32173175539355725 0.030563514679670334 0.05602716584689915
0 0.35148041881620884 0.2538200392154977 0.024832855677232146 0.03904923680238426
0 0.37201528024161234 0.24702886759769171 0.025787965510971844 0.049235994229093194
0 0.4340974194346927 0.2767402434255928 0.02769818517845124 0.04074702970683575
0 0.42550143093103543 0.2241086633875966 0.021967526176013052 0.03056027228012681
0 0.4493791767745279 0.23089983500540257 0.020057306508533657 0.03735144389793277
0 0.4527220611926168 0.19015280529856682 0.021012416342273355 0.03735144389793277
0 0.4761222521192394 0.19694397691637278 0.01814708684105426 0.03395585808902979
0 0.4641833791974932 0.1519524649484083 0.017191977007314563 0.042444822611287236
0 0.4746895873686299 0.15874363656621426 0.017191977007314563 0.042444822611287236
0 0.49808977829525247 0.1536502578528598 0.01814708684105426 0.0322580651845783
0 0.4923591192928143 0.13242784654721618 0.012416427838616073 0.03056027228012681
0 0.534383951977361 0.13582343235611916 0.016236867173574865 0.03056027228012681
0 0.5635148019064218 0.14685908623505384 0.01910219667479396 0.042444822611287236
0 0.5883476575836539 0.14685908623505384 0.015281757339835167 0.03565365099348128
0 0.5401146109797992 0.20033956272527575 0.01814708684105426 0.03735144389793277
0 0.6566380106960423 0.2640067966422066 0.029608404845930636 0.05942275165580213
0 0.6843361958744936 0.15959253301844 0.025787965510971844 0.047538201324641705
0 0.7129894908866845 0.1460101897828281 0.016236867173574865 0.03735144389793277
0 0.8147086881799623 0.12818336428608745 0.013371537672355771 0.03565365099348128
0 0.752626548986882 0.1366723288083449 0.013371537672355771 0.03904923680238426
0 0.739732566231396 0.16553480818402022 0.029608404845930636 0.05263158003799617
0 0.765042976825498 0.18081494432408363 0.021012416342273355 0.05263158003799617
0 0.803247370175086 0.18845501239411533 0.01910219667479396 0.04074702970683575
0 0.7220630343072116 0.282682518591173 0.026743075344711542 0.05942275165580213
0 0.7731614104122855 0.31409168732352555 0.02387774584349245 0.05772495875135064
0 0.879178601957392 0.23005093855317682 0.02387774584349245 0.045840408420190215
