0 0.14536517002852634 0.1812499959487468 0.2092696650652215 0.3574999920092523
0 0.4389044988784008 0.46374998963437974 0.060393259045667946 0.1324999970383942
0 0.5646067473571748 0.49124998901970685 0.036516854306682944 0.10749999759718776
0 0.6179775344207883 0.5637499873992056 0.0646067422349006 0.1374999969266355
0 0.6278089951956645 0.47624998935498297 0.047752809477970004 0.09249999793246388
0 0.6818820294574834 0.3674999917857349 0.03511235991027206 0.06499999854713678
0 0.7303370861336589 0.5237499882932752 0.05056179827079177 0.10249999770894647
0 0.7127809061785229 0.669999985024333 0.10533707973081619 0.14999999664723873
0 0.8286516938824207 0.4324999903328717 0.042134831892326474 0.08499999810010195
0 0.8799157393514179 0.507499988656491 0.054775281460024416 0.11999999731779099
0 0.9311797848204151 0.7299999836832285 0.1123595517128706 0.1699999962002039
0 0.9754213583073579 0.5562499875668436 0.04353932628873736 0.11249999748542905
