0 0.1732090288423933 0.49214660190045834 0.048086359282024205 0.0872600357979536
0 0.2566241418826394 0.27225131168961525 0.022571148234419525 0.038394415751099586
0 0.2826300300657749 0.253926704172045 0.01962708542123437 0.0436300178989768
0 0.3900883227470331 0.2635253081098199 0.022571148234419525 0.038394415751099586
0 0.37585868581663817 0.1815008744597435 0.017664376879110932 0.038394415751099586
0 0.35181550617562607 0.24607330095022917 0.020608439692296088 0.038394415751099586
0 0.39892051118658856 0.22338569164276123 0.016683022608049214 0.038394415751099586
0 0.40480863681295887 0.17364747123792768 0.014720314065925777 0.02617801073938608
0 0.4317958792671561 0.23123909486457705 0.01962708542123437 0.0436300178989768
0 0.4430814533843659 0.20157068269327283 0.01864573115017265 0.03315881360322237
0 0.45338567323051393 0.1500872615724802 0.015701668336987495 0.027923211455345154
0 0.47742885287152603 0.1474694604985416 0.014720314065925777 0.03315881360322237
0 0.4789008842781186 0.1841186755336821 0.017664376879110932 0.036649215035140514
0 0.501962709648069 0.1841186755336821 0.01864573115017265 0.04013961646705866
0 0.5107948980876245 0.12478185119107366 0.01275760552380234 0.022687609307467937
0 0.53680078627076 0.12390925083309412 0.015701668336987495 0.02443281002342701
0 0.5466143289813772 0.19546248018741608 0.021589793963357806 0.038394415751099586
0 0.5780176656553522 0.17364747123792768 0.023552502505481243 0.04013961646705866
0 0.5858684998238459 0.14223385835066438 0.015701668336987495 0.03315881360322237
0 0.6177625136333518 0.14659686014056206 0.01864573115017265 0.0314136128872633
0 0.5662414144026116 0.06893542828038335 0.015701668336987495 0.036649215035140514
0 0.6545632987981662 0.14572425978258252 0.017664376879110932 0.036649215035140514
0 0.6506378817139193 0.11256544617936015 0.013738959794864058 0.02617801073938608
0 0.6570166844758205 0.04886562004685402 0.01275760552380234 0.02443281002342701
0 0.6992149181314744 0.06020942470058799 0.01864573115017265 0.036649215035140514
0 0.6962708553182893 0.1910994783975184 0.022571148234419525 0.0436300178989768
0 0.6629048101021908 0.21902268985286355 0.0264965653186664 0.04712041933089495
0 0.6123650651425123 0.2643979084677994 0.02551521104760468 0.054101222194731236
0 0.5593719345051795 0.26003490667790174 0.023552502505481243 0.05235602147877216
0 0.5426889118971303 0.3237347328104079 0.027477919589728117 0.054101222194731236
0 0.4911678126663901 0.3167539299465716 0.03631010802928358 0.061082025058567524
0 0.6810598641168326 0.32024433137848973 0.0372914623003453 0.06806282792240381
0 0.7198233578237705 0.2731239120475948 0.028459273860789835 0.06806282792240381
0 0.7477919545490295 0.2347294962964952 0.021589793963357806 0.05061082076281309
0 0.7350343490252271 0.18586387624964118 0.023552502505481243 0.05061082076281309
0 0.7865554482559673 0.193717279471457 0.022571148234419525 0.05235602147877216
0 0.8145240449812263 0.2373472973704338 0.023552502505481243 0.04886562004685402
0 0.780667322629597 0.2879581181332469 0.0264965653186664 0.04886562004685402
0 0.763493622886017 0.3176265303045511 0.03140333667397499 0.07329843007028103
0 0.8027477937284857 0.4092495678924024 0.035328753758221865 0.07853403221815825
0 0.801766439457424 0.13438045512884855 0.015701668336987495 0.03490401431918144
0 0.833169776131399 0.13874345691874623 0.017664376879110932 0.036649215035140514
0 0.8478900901973248 0.1282722526229918 0.013738959794864058 0.029668412171304226
0 0.8753680097870529 0.13001745333895087 0.015701668336987495 0.03315881360322237
0 0.8341511304024607 0.20418848376721144 0.021589793963357806 0.05584642291069031
0 0.8356231618090533 0.30628272565081716 0.03631010802928358 0.06806282792240381
0 0.9003925436991267 0.37609075428918004 0.04416094219777733 0.08900523651391268
0 0.9092247321386822 0.3176265303045511 0.03238469094503671 0.07329843007028103
0 0.8709519155672751 0.2521815034560859 0.022571148234419525 0.05759162362664938
0 0.8797841040068306 0.2129144873470068 0.01864573115017265 0.04886562004685402
0 0.9249264004756697 0.22076789056882262 0.02453385677654296 0.054101222194731236
0 0.9229636919335462 0.2835951163433492 0.028459273860789835 0.061082025058567524
0 0.909715409274213 0.14485165942460299 0.017664376879110932 0.0314136128872633
0 0.9362119745928794 0.15532286372035742 0.015701668336987495 0.04188481718301773
