0 0.9650000233668834 0.48118279525078833 0.06666666828095913 0.1075268816202879
0 0.8800000213086605 0.5255376339191571 0.08000000193715096 0.12096774182282388
0 0.8175000197952613 0.7392473111394793 0.15166667033918202 0.24193548364564776
0 0.765833351877518 0.5161290317773819 0.07166666840203106 0.12903225794434547
0 0.6816666831728071 0.46639784902799875 0.0533333346247673 0.09408602141775191
0 0.7466666847467422 0.3158602147595957 0.030000000726431608 0.056451612850651145
0 0.5683333470951766 0.5806451607495546 0.06333333486691117 0.12365591386333108
0 0.5550000134389848 0.47311827912926674 0.05666666803881526 0.1021505375392735
0 0.36250000877771527 0.6303763434989378 0.09833333571441472 0.17473118263296783
0 0.43250001047272235 0.48387096729129553 0.04500000108964741 0.06989247305318713
0 0.38583334267605096 0.48387096729129553 0.031666667433455586 0.05376344081014395
0 0.3375000081723556 0.46639784902799875 0.041666667675599456 0.06182795693166554
0 0.2975000072037801 0.5349462360609323 0.06500000157393515 0.1075268816202879
0 0.2675000064773485 0.47311827912926674 0.041666667675599456 0.05913978489115834
0 0.27916667342651635 0.428763440460898 0.02833333401940763 0.056451612850651145
0 0.22583333880174905 0.5026881715748459 0.05500000133179128 0.06989247305318713
0 0.2216666720341891 0.45967741892673075 0.03666666755452752 0.05376344081014395
0 0.17333333753049374 0.5080645156558603 0.04000000096857548 0.05913978489115834
0 0.09583333565387875 0.5483870962634683 0.061666668159887195 0.1021505375392735
0 0.05583333468530327 0.5188172038178891 0.04500000108964741 0.06451612897217274
0 0.024166667251847684 0.5403225801419467 0.04500000108964741 0.11290322570130229
