0 0.21216616249876097 0.3669565295567736 0.04648862301837653 0.08000000170432031
0 0.3170128441997804 0.23304348322562873 0.014836794580332935 0.031304348492994905
0 0.33234419859945774 0.18869565619388595 0.015825914219021797 0.029565218021161854
0 0.3605341083020903 0.19478261284530163 0.014836794580332935 0.031304348492994905
0 0.4203758464427665 0.2008695694967173 0.015825914219021797 0.033043478964827955
0 0.4208704062621109 0.17391304718330503 0.01681503385771066 0.024347826605662704
0 0.42779424373293296 0.1521739162853919 0.01285855530295521 0.022608696133829653
0 0.4540059141581878 0.20869565661996603 0.017804153496399522 0.031304348492994905
0 0.4891196613316424 0.21739130897913128 0.02077151241246611 0.031304348492994905
0 0.4812067042221315 0.18869565619388595 0.01681503385771066 0.029565218021161854
0 0.4683481489191763 0.1765217428910546 0.014836794580332935 0.026086957077495754
0 0.4584569525322877 0.17391304718330503 0.01285855530295521 0.027826087549328804
0 0.4525222347001545 0.15826087293680757 0.01285855530295521 0.020869565661996603
0 0.46389711054507643 0.14347826392622665 0.011869435664266348 0.019130435190163553
0 0.4985162978991866 0.14086956821847707 0.011869435664266348 0.017391304718330503
0 0.5034618960926309 0.12434782873606309 0.009891196386888623 0.019130435190163553
0 0.5178041308536194 0.14782609010580927 0.010880316025577486 0.024347826605662704
0 0.5079129344667308 0.16086956864455715 0.01285855530295521 0.026086957077495754
0 0.5286844468791969 0.13391304633114487 0.010880316025577486 0.024347826605662704
0 0.5346191647113301 0.14956522057764232 0.01285855530295521 0.027826087549328804
0 0.5514341985690407 0.16521739482413977 0.014836794580332935 0.027826087549328804
0 0.5415430021821521 0.1834782647783868 0.01681503385771066 0.029565218021161854
0 0.5504450789303519 0.12521739397197962 0.010880316025577486 0.020869565661996603
0 0.571216591342818 0.15304348152130842 0.01285855530295521 0.024347826605662704
0 0.5633036342333071 0.16086956864455715 0.010880316025577486 0.026086957077495754
0 0.5890207448392175 0.12000000255648047 0.01285855530295521 0.027826087549328804
0 0.6127596161677502 0.10434782830998302 0.01285855530295521 0.020869565661996603
0 0.6097922572516836 0.13652174203889444 0.01285855530295521 0.029565218021161854
0 0.5974282617680728 0.15652174246497452 0.015825914219021797 0.027826087549328804
0 0.5870425055618398 0.1765217428910546 0.01681503385771066 0.029565218021161854
0 0.5751730698975734 0.24782609223620966 0.018793273135088384 0.036521739908494055
0 0.5128585326601751 0.29913044115528464 0.02077151241246611 0.038260870380327106
0 0.599901060864795 0.30695652827853337 0.028684469521977007 0.05739130557049066
0 0.6280909705674276 0.15826087293680757 0.013847674941644073 0.031304348492994905
0 0.6439168847864494 0.11739130684873089 0.009891196386888623 0.022608696133829653
0 0.650346162437927 0.10782608925364912 0.010880316025577486 0.020869565661996603
0 0.6701285552117042 0.11478261114098132 0.010880316025577486 0.027826087549328804
0 0.6735904739471152 0.11217391543323174 0.009891196386888623 0.019130435190163553
0 0.7022749434690922 0.11739130684873089 0.011869435664266348 0.022608696133829653
0 0.6562808802700602 0.14347826392622665 0.01285855530295521 0.026086957077495754
0 0.6735904739471152 0.1800000038347207 0.015825914219021797 0.036521739908494055
0 0.6785360721405596 0.21043478709179908 0.017804153496399522 0.034782609436661005
0 0.6335311285802163 0.21652174374321476 0.018793273135088384 0.040000000852160156
0 0.6295746500254609 0.26521739695454016 0.018793273135088384 0.036521739908494055
0 0.679030631959904 0.2739130493137054 0.02077151241246611 0.036521739908494055
0 0.6770523926825263 0.3191304415813647 0.028684469521977007 0.06086956651415676
0 0.7185954175074585 0.38260870380327106 0.030662708799354732 0.06260869698598981
0 0.8343224152340554 0.40956522611668333 0.03461918735411018 0.06434782745782286
0 0.7942630698671564 0.2939130497397855 0.023738871328532696 0.05565217509865761
0 0.7334322120877914 0.21739130897913128 0.018793273135088384 0.045217392267659307
0 0.7091987809399143 0.20000000426080078 0.015825914219021797 0.034782609436661005
0 0.7116715800366364 0.16347826435230672 0.014836794580332935 0.034782609436661005
0 0.7477744468487799 0.17217391671147197 0.015825914219021797 0.038260870380327106
0 0.7700296387192793 0.14347826392622665 0.01285855530295521 0.029565218021161854
0 0.7660731601645239 0.1278260896797292 0.014836794580332935 0.029565218021161854
0 0.790306591312401 0.1382608725107275 0.013847674941644073 0.029565218021161854
0 0.7838773136609234 0.18173913430655375 0.01285855530295521 0.033043478964827955
0 0.800692347518634 0.17478261241922155 0.01285855530295521 0.033043478964827955
0 0.7947576296865009 0.21304348279954866 0.01285855530295521 0.033043478964827955
0 0.8170128215570003 0.20260869996855035 0.013847674941644073 0.033043478964827955
0 0.837289774150122 0.18086956907063723 0.01285855530295521 0.034782609436661005
0 0.8521265687304549 0.155652177229058 0.01285855530295521 0.029565218021161854
0 0.8140454626409337 0.2730434840777889 0.019782392773777246 0.038260870380327106
0 0.8550939276465215 0.29913044115528464 0.018793273135088384 0.04869565321132541
0 0.8753708802396432 0.276521745021455 0.02176063205115497 0.045217392267659307
0 0.9322452594642527 0.28260870167287067 0.018793273135088384 0.033043478964827955
0 0.9070227086776868 0.38869566045468673 0.027695349883288145 0.05043478368315846
0 0.901582550664898 0.43043479177867994 0.030662708799354732 0.07478261028882116
0 0.8907022346393205 0.23043478751787916 0.018793273135088384 0.040000000852160156
0 0.8491592098143883 0.2182608742150478 0.01681503385771066 0.040000000852160156
0 0.8615232052979991 0.19913043902488425 0.015825914219021797 0.036521739908494055
0 0.8758654400589876 0.18608696048613638 0.01285855530295521 0.027826087549328804
0 0.8907022346393205 0.16086956864455715 0.01285855530295521 0.026086957077495754
0 0.9075172684970312 0.1939130476093851 0.01285855530295521 0.040000000852160156
0 0.9159247854258865 0.18086956907063723 0.013847674941644073 0.024347826605662704
0 0.926805101451464 0.1765217428910546 0.013847674941644073 0.026086957077495754
0 0.9426310156704858 0.2321739179897122 0.015825914219021797 0.036521739908494055
0 0.9470820540445857 0.21304348279954866 0.014836794580332935 0.026086957077495754
0 0.9495548531413078 0.19652174331713468 0.013847674941644073 0.031304348492994905
