0 0.05920281185535714 0.7500000111758709 0.10902696044649929 0.21250000316649675
0 0.3200468838913366 0.5171875077066943 0.05392731376923621 0.09062500135041773
0 0.3763188634766266 0.5851562587195076 0.07502930611371994 0.08593750128056854
0 0.4665884973946959 0.5203125077532604 0.04689331632107496 0.07500000111758709
0 0.512309480807744 0.5984375089174137 0.07268464029766619 0.10312500153668225
0 0.5685814603930339 0.5132812576484866 0.04689331632107496 0.0703125010477379
0 0.5691676268470474 0.46953125699656084 0.04572098341304809 0.05781250086147338
0 0.6717467562993988 0.5250000078231096 0.04923798213712871 0.07500000111758709
0 0.6717467562993988 0.4640625069150701 0.042203984688967466 0.06875000102445483
0 0.674677588569466 0.607812509057112 0.07620163902174681 0.12187500181607902
0 0.7485345617751591 0.49921875743893906 0.04337631759699434 0.06718750100117177
0 0.8106682059005834 0.5750000085681677 0.06682297575753182 0.09375000139698386
0 0.9073856708128005 0.5179687577183358 0.042203984688967466 0.06718750100117177
0 0.9712778143002652 0.3500000052154064 0.05275498086120933 0.09687500144354999
