0 0.05454545491375029 0.5095367776229978 0.06181818223558366 0.11444141529500484
0 0.15909091016510502 0.5177111644297838 0.045454545761458576 0.09264305047690868
0 0.22454545606160536 0.5626702918671072 0.0927272733533755 0.13351498451083899
0 0.3163636384997517 0.49455040181055665 0.05818181857466698 0.08991825487464666
0 0.37181818432873115 0.5544959050603211 0.06727272772695869 0.13351498451083899
0 0.5063636397826485 0.7029972653836012 0.10363636433612555 0.19618528336286545
0 0.5190909125958569 0.53950952924788 0.07090909138787538 0.12534059770405293
0 0.6318181860842742 0.5326975402422249 0.06000000040512532 0.0953678460791707
0 0.7063636411330663 0.6280653863213956 0.08181818237062544 0.1607629405334592
0 0.7790909143514 0.5994550324976444 0.07454545504879206 0.14713896252214909
0 0.821818187367171 0.5190735622309148 0.05454545491375029 0.08446866367012262
0 0.7145454593701288 0.5054495842196047 0.06545454589650035 0.08446866367012262
0 0.9709090974647552 0.6076294193044305 0.05818181857466698 0.14713896252214909
0 0.9718181883799843 0.4495912743732333 0.03454545477870852 0.05994550324976444
0 0.9881818248541094 0.408719340339303 0.02363636379595846 0.03814713843166828
0 0.9109090970596299 0.39918255573138595 0.02909090928733349 0.0408719340339303
0 0.8963636424159631 0.4346048985607922 0.032727272948250175 0.05177111644297838
0 0.8600000058067963 0.45504086557775736 0.032727272948250175 0.05994550324976444
0 0.8727272786200047 0.41280653374269605 0.02909090928733349 0.0408719340339303
0 0.8590909148915671 0.403269749134779 0.02363636379595846 0.03814713843166828
0 0.8336363692651503 0.4237057161517441 0.02363636379595846 0.05177111644297838
0 0.816363641875796 0.44005448976531625 0.02909090928733349 0.05722070764750242
0 0.7763636416057125 0.4482288765721023 0.032727272948250175 0.05722070764750242
0 0.7136363684548996 0.4332425007596612 0.03090909111779183 0.05994550324976444
0 0.6263636405928992 0.4618528545834124 0.045454545761458576 0.07901907246559858
0 0.6545454589650035 0.4455040809698403 0.02909090928733349 0.0681198900565505
0 0.6090909132035449 0.41280653374269605 0.02909090928733349 0.05177111644297838
0 0.5863636403228156 0.41553132934495807 0.03454545477870852 0.05722070764750242
0 0.5400000036461279 0.4318801029585302 0.032727272948250175 0.05722070764750242
0 0.46090909402118996 0.4441416831687093 0.038181818439625204 0.05994550324976444
0 0.434545457479544 0.41416893154382706 0.021818181965500116 0.04359672963619232
0 0.3645454570068978 0.41280653374269605 0.020000000135041773 0.0408719340339303
0 0.39363636629423127 0.41144413594156504 0.020000000135041773 0.03269754722714424
0 0.3800000025657937 0.3950953623279929 0.01818181830458343 0.03814713843166828
0 0.2581818199250847 0.4305177051573992 0.032727272948250175 0.04904632084071636
0 0.24363636528141797 0.405994544737041 0.025454545626416802 0.03814713843166828
0 0.3000000020256266 0.4223433183506131 0.021818181965500116 0.03814713843166828
0 0.30545454751700163 0.40190735133364797 0.01818181830458343 0.0408719340339303
0 0.34363636595662683 0.4223433183506131 0.02909090928733349 0.04359672963619232
0 0.3572727296850644 0.49318800400942564 0.04181818210054189 0.0817438680678606
0 0.5072727306978777 0.40054495353251696 0.01818181830458343 0.03269754722714424
0 0.6372727315756492 0.3964577601291239 0.020000000135041773 0.03542234282940626
0 0.662727277202066 0.3910081689245999 0.02363636379595846 0.03542234282940626
0 0.6963636410655454 0.403269749134779 0.014545454643666744 0.03814713843166828
0 0.7300000049290247 0.3964577601291239 0.016363636474125087 0.02452316042035818
0 0.7854545507580042 0.40190735133364797 0.025454545626416802 0.03542234282940626
0 0.1945454558590427 0.46457765018567443 0.050909091252833605 0.08446866367012262
0 0.1754545466392301 0.4237057161517441 0.03090909111779183 0.06267029885202646
0 0.1309090917930007 0.4332425007596612 0.032727272948250175 0.04904632084071636
0 0.13909091003006324 0.41280653374269605 0.027272727456875145 0.05177111644297838
0 0.09636363701429218 0.4468664787709713 0.02909090928733349 0.04904632084071636
0 0.09090909152291715 0.4196185227483511 0.02909090928733349 0.04904632084071636
0 0.020909091050270945 0.4468664787709713 0.027272727456875145 0.04359672963619232
0 0.039090909354854375 0.42643051175400615 0.027272727456875145 0.0408719340339303
