0 0.03345900063868612 0.3962584952823818 0.021677662385627627 0.057823128066957
0 0.26390197686851025 0.29676870140247047 0.015080112963914871 0.03571428498253226
0 0.29359094926621765 0.2857142798602581 0.01790763414464891 0.03061224427074194
0 0.30442978045903146 0.26785713736899197 0.01885014120489359 0.03571428498253226
0 0.31856738636270165 0.22704081167466938 0.015080112963914871 0.0289115640334785
0 0.3496701193507761 0.24149659369140863 0.01696512708440423 0.03401360474526882
0 0.39208293706178665 0.21173468953929842 0.01885014120489359 0.03571428498253226
0 0.3760603170376271 0.24234693381004035 0.020735155325382948 0.03231292450800538
0 0.342601316398941 0.2942176810465753 0.01790763414464891 0.03401360474526882
0 0.4151743600377813 0.18282312550581992 0.014137605903670192 0.025510203558951616
0 0.42742695182096213 0.19642856740392745 0.01979264826513827 0.025510203558951616
0 0.45711592421866953 0.1615646225400269 0.01696512708440423 0.023809523321688175
0 0.4830348683753982 0.15816326206550002 0.012252591783180833 0.027210883796215057
0 0.4886899107368663 0.17261904408223927 0.01602262002415955 0.0289115640334785
0 0.5089538125321269 0.1573129219468683 0.013195098843425512 0.018707482609897852
0 0.5405277990503237 0.14370748004876077 0.01790763414464891 0.0289115640334785
0 0.5612629543757066 0.1241496573202312 0.012252591783180833 0.023809523321688175
0 0.6008482509059832 0.10714285494759679 0.014137605903670192 0.027210883796215057
0 0.5966069691348821 0.12670067767612636 0.013195098843425512 0.025510203558951616
0 0.6215834062313661 0.11394557589665055 0.014137605903670192 0.023809523321688175
0 0.6526861392194405 0.10969387530349195 0.010367577662691474 0.022108843084424734
0 0.6493873645085841 0.13435373874381185 0.01696512708440423 0.03061224427074194
0 0.6206408991711214 0.15136054111644626 0.01979264826513827 0.03401360474526882
0 0.5786993349902332 0.1700680237263441 0.01885014120489359 0.03401360474526882
0 0.563147968496196 0.1692176836077124 0.021677662385627627 0.025510203558951616
0 0.5490103625925258 0.2074829889461398 0.01979264826513827 0.03401360474526882
0 0.4957587136887014 0.2074829889461398 0.01696512708440423 0.027210883796215057
0 0.4731385442428291 0.21003400930203497 0.01696512708440423 0.03231292450800538
0 0.4637134736403823 0.20493196859024465 0.01696512708440423 0.03231292450800538
0 0.4316682335920632 0.22959183203056455 0.01696512708440423 0.03061224427074194
0 0.43590951536316425 0.27465985831804574 0.021677662385627627 0.04251700593158603
0 0.47172478365246207 0.24659863440319896 0.021677662385627627 0.037414965219795704
0 0.4825636148452759 0.31632652413100004 0.024505183566361666 0.040816325694322586
0 0.5490103625925258 0.3095238031819463 0.025447690626606345 0.054421767592430115
0 0.6126295891590416 0.3477891085203737 0.0320452400483191 0.04931972688063979
0 0.6870876469183713 0.3435374079272151 0.024505183566361666 0.05102040711790323
0 0.6361922656651586 0.2074829889461398 0.01885014120489359 0.037414965219795704
0 0.6211121527012438 0.27465985831804574 0.024505183566361666 0.04251700593158603
0 0.5702167714480311 0.24999999487772584 0.028275211807340384 0.05102040711790323
0 0.6809613510267809 0.12755101779475808 0.014137605903670192 0.027210883796215057
0 0.7064090416533872 0.10459183459170163 0.012252591783180833 0.03231292450800538
0 0.7441093240631744 0.13010203815065324 0.014137605903670192 0.03571428498253226
0 0.7606031976174563 0.12074829684570432 0.015080112963914871 0.027210883796215057
0 0.7733270429307595 0.1411564596928656 0.01979264826513827 0.03061224427074194
0 0.7874646488344297 0.12585033755749464 0.014137605903670192 0.037414965219795704
0 0.807257297099568 0.1411564596928656 0.01602262002415955 0.03061224427074194
0 0.8279924524249509 0.1284013579133898 0.012252591783180833 0.03571428498253226
0 0.8411875512683764 0.14625850040465593 0.014137605903670192 0.037414965219795704
0 0.8737040448468179 0.13435373874381185 0.015080112963914871 0.027210883796215057
0 0.9052780313650146 0.1360544189810753 0.010367577662691474 0.03061224427074194
0 0.8741752983769402 0.1615646225400269 0.01602262002415955 0.037414965219795704
0 0.8623939601238817 0.17261904408223927 0.01696512708440423 0.04251700593158603
0 0.8557964107021689 0.20578230870887637 0.020735155325382948 0.040816325694322586
0 0.8317624806659296 0.17517006443813443 0.01602262002415955 0.03401360474526882
0 0.8067860435694456 0.18792516621761024 0.01696512708440423 0.03571428498253226
0 0.7756833105813712 0.1743197243195027 0.022620169445872307 0.03231292450800538
0 0.7549481552559882 0.16241496265865862 0.01696512708440423 0.03571428498253226
0 0.934967003762722 0.15221088123507798 0.011310084722936153 0.0289115640334785
0 0.9401507925940678 0.1819727853871882 0.01790763414464891 0.03061224427074194
0 0.9330819896422327 0.2193877506069839 0.020735155325382948 0.037414965219795704
0 0.8982092284131795 0.21258502965793014 0.01696512708440423 0.03401360474526882
0 0.9062205384252593 0.1777210847940296 0.01979264826513827 0.03231292450800538
0 0.8755890589673072 0.24319727392867208 0.022620169445872307 0.040816325694322586
0 0.9316682290518656 0.29676870140247047 0.023562676506116986 0.05952380830422044
0 0.8232799171237275 0.23384353262372315 0.023562676506116986 0.056122447829693556
0 0.765786986448802 0.23384353262372315 0.023562676506116986 0.052721087355166674
0 0.7417530564125627 0.2074829889461398 0.01696512708440423 0.04421768616884947
0 0.7172478728462011 0.15051020099781454 0.015080112963914871 0.039115645457059145
0 0.6988689851714298 0.16666666325181723 0.01979264826513827 0.037414965219795704
0 0.664467477472499 0.18282312550581992 0.01696512708440423 0.03231292450800538
0 0.6682375057134777 0.21428570989519358 0.01696512708440423 0.05102040711790323
0 0.7064090416533872 0.22534013143740594 0.021677662385627627 0.04251700593158603
0 0.6649387310026214 0.2780612187925726 0.027332704747095704 0.04591836640611291
0 0.7375117746414617 0.28741496009752154 0.027332704747095704 0.06122448854148388
0 0.8020735082682222 0.30442176247015595 0.020735155325382948 0.06122448854148388
0 0.5942507014842704 0.15136054111644626 0.01602262002415955 0.03061224427074194
0 0.5249764325562865 0.1743197243195027 0.01885014120489359 0.03571428498253226
