0 0.11639808484324021 0.6271269697754178 0.09908536689181346 0.20778796024387702
0 0.16724738851189613 0.5723167597898282 0.06881533173145726 0.1446335093351081
0 0.043662892443535384 0.4993455548537895 0.06598432124883402 0.11714659805875272
0 0.12891986197791994 0.31789921791641973 0.06663763136020862 0.11289267131360248
0 0.09843205678043887 0.29875654756324366 0.04790940816747025 0.08115183329209685
0 0.2642639400510234 0.37483639127458446 0.053353659095591865 0.09391361352754757
0 0.2381315355960396 0.3357329877326265 0.04072299694234971 0.06871727819088846
0 0.32360627516754903 0.42130236033699475 0.06402439091471024 0.12336387560935691
0 0.34385888862016145 0.755726447532652 0.13980836383416317 0.24181937420507893
0 0.45557491766521707 0.5415575971710496 0.09059233544394374 0.148560210946016
0 0.38686847095232224 0.3715641399321612 0.05553135946684051 0.09587696433300152
0 0.3231707350932993 0.305137437680969 0.05618466957821511 0.08998691191663966
0 0.4236716072264244 0.32624345883959904 0.04769163813034538 0.08311518409755081
0 0.4946646393291303 0.4258835122163873 0.05901568006083835 0.10765706916572526
0 0.4626524438717752 0.3949607370304875 0.04856271827884484 0.08965968678239733
0 0.5357142913271673 0.3167539299465716 0.041376307053724304 0.07722513168118894
0 0.5946210863694432 0.3658377000829205 0.04986933850159403 0.09489528893027455
0 0.6165069751004921 0.34211387785035186 0.03571428608847782 0.08147905842633918
0 0.6509146409662208 0.5463023616175633 0.09625435640919022 0.17964659869903699
0 0.6726916446787072 0.47562173262122087 0.05966899017221294 0.1056937183602713
0 0.6931620281684445 0.4042866533563938 0.05270034898421727 0.09195026272209361
0 0.7359538404634804 0.3596204225323163 0.05117595872434322 0.08442408463452011
0 0.7415069764101645 0.2946662333852146 0.05139372876146808 0.08540576003724709
0 0.7043771850803751 0.2627617827965878 0.044207317536347546 0.08965968678239733
0 0.8125000085128704 0.3219895320944488 0.04703832801897079 0.0791884824866429
0 0.8278527961301734 0.3732002656033728 0.04986933850159403 0.09260471299057826
0 0.8445122039702255 0.4533704234927427 0.06184669054346159 0.1056937183602713
0 0.8711890335180215 0.6454515772929881 0.130444252237794 0.20713350997539237
0 0.8027003568422515 0.5147251361631788 0.09494773618644103 0.1583769649732858
0 0.8391768380606663 0.2697971231827978 0.04159407709084917 0.08213350869482383
0 0.9094076750334352 0.32575262113823555 0.04268292727647349 0.09718586486997083
0 0.9326001839872333 0.2882853432674892 0.045513937759096734 0.08769633597694337
