0 0.03567351450328715 0.42273116123396903 0.06050228059757501 0.10830479371361434
0 0.022117578992038034 0.3309075317811221 0.04309360551997088 0.10017123213037848
0 0.09417807828867808 0.3167808195576072 0.04394976986804977 0.08647260209545493
0 0.1837899467209354 0.3077910935971886 0.053652965812943876 0.10017123213037848
0 0.1693778468616074 0.2592037651920691 0.03966894812765531 0.06977739674039185
0 0.22916665716911666 0.3981164353899658 0.08847031596815214 0.1429794509895146
0 0.2792522715317318 0.3668664356227964 0.05507990639307536 0.10530821839347482
0 0.3273401690821629 0.3154965729918331 0.04509132233215496 0.09503424586728215
0 0.27968035370577127 0.27440068288706243 0.03481735015520826 0.07277397206053138
0 0.3728595735883573 0.2889554772991687 0.04023972435970791 0.07705479394644499
0 0.4170947315724334 0.27183218975551426 0.031107304646866396 0.05736301327124238
0 0.4664668756449828 0.3694349287543446 0.05622145885718055 0.09417808149009943
0 0.4456335431750631 0.32470034004654735 0.03681506696739234 0.06892123236320913
0 0.45990294897637796 0.2932362991850823 0.037385843199444935 0.06249999953433871
0 0.4828766923164949 0.2681934911524877 0.029109587834682316 0.0560787667054683
0 0.5525113926269114 0.3052226004656404 0.04166666493983939 0.07191780768334866
0 0.6321346769982483 0.3615154082654044 0.07305935770273209 0.10744862933643162
0 0.6669520271534566 0.30051369639113545 0.034246573923155665 0.07534246519207954
0 0.7271689196350053 0.3386130111757666 0.04737442726036534 0.09332191711291671
0 0.787385812116554 0.13035102642606944 0.10787670785794035 0.16309931385330856
