0 0.2050534492591396 0.366609291289933 0.044703595573082566 0.0860585190821439
0 0.30320699606090784 0.24784853495657444 0.02137998049147427 0.04475042992271483
0 0.31146744306897745 0.21342512732371688 0.018464528606273234 0.03442340763285756
0 0.3304178803227842 0.24096385343000293 0.019436345901340246 0.04475042992271483
0 0.3488824089290574 0.25645438686478883 0.019436345901340246 0.04475042992271483
0 0.3702623894205317 0.24784853495657444 0.019436345901340246 0.04475042992271483
0 0.37512147589586675 0.21084337175125256 0.01749271131120622 0.03270223725121468
0 0.3547133126994595 0.19277108274400234 0.015549076721072197 0.03442340763285756
0 0.3454810483963229 0.17986230488168076 0.014577259426005185 0.029259896487928927
0 0.4018464515102096 0.27624784625368193 0.026239066966809332 0.04647160030435771
0 0.4173955282312818 0.20912220136960968 0.01652089401613921 0.039586918777786195
0 0.4169096195837483 0.1876075715990737 0.02137998049147427 0.03786574839614332
0 0.41593780228868127 0.14888123801210895 0.015549076721072197 0.03270223725121468
0 0.4441205038456246 0.1807228900725022 0.019436345901340246 0.04475042992271483
0 0.4514091335586272 0.22203097923193127 0.01652089401613921 0.03786574839614332
0 0.47619047458283603 0.22633390518603846 0.02526724967174232 0.04302925954107195
0 0.4655004843370989 0.14457831205800176 0.011661807540804148 0.030981066869571805
0 0.4737609313451685 0.1523235787753947 0.01263362483587116 0.029259896487928927
0 0.4873663734761067 0.1807228900725022 0.01652089401613921 0.030981066869571805
0 0.48590864753350616 0.1325301193865016 0.011661807540804148 0.024096385343000293
0 0.4985422723693773 0.12908777862321585 0.011661807540804148 0.024096385343000293
0 0.5029154501971789 0.16006884549278766 0.014577259426005185 0.02753872610628605
0 0.5131195317953825 0.1454388972488232 0.015549076721072197 0.02581755572464317
0 0.5296404258115217 0.13339070457732305 0.013605442130938172 0.029259896487928927
0 0.5213799788034521 0.17814113450003788 0.018464528606273234 0.03270223725121468
0 0.5369290555245243 0.16437177144689485 0.01652089401613921 0.03270223725121468
0 0.5563654014258645 0.18244406045414507 0.018464528606273234 0.03786574839614332
0 0.5583090360159986 0.16265060106525198 0.01652089401613921 0.03270223725121468
0 0.5447035938850604 0.1454388972488232 0.014577259426005185 0.029259896487928927
0 0.5544217668357305 0.12392426747828722 0.014577259426005185 0.024096385343000293
0 0.5762876559747383 0.12392426747828722 0.013605442130938172 0.030981066869571805
0 0.5830903770402074 0.11962134152418002 0.011661807540804148 0.022375214961357415
0 0.596209910523612 0.1342512897681445 0.014577259426005185 0.030981066869571805
0 0.5864917375729419 0.17469879373675212 0.018464528606273234 0.039586918777786195
0 0.6195335256052203 0.14888123801210895 0.01652089401613921 0.02581755572464317
0 0.6161321650724858 0.11359724518842995 0.015549076721072197 0.030981066869571805
0 0.634596693678759 0.11962134152418002 0.015549076721072197 0.029259896487928927
0 0.6491739531047642 0.10843373404350132 0.015549076721072197 0.02753872610628605
0 0.6535471309325658 0.14027538610389456 0.01652089401613921 0.029259896487928927
0 0.6797861978993751 0.10413080808939412 0.014577259426005185 0.02581755572464317
0 0.6875607362599112 0.1213425119058229 0.014577259426005185 0.029259896487928927
0 0.7181729810545221 0.10843373404350132 0.013605442130938172 0.024096385343000293
0 0.49416909454157576 0.2865748685435392 0.03012633614707738 0.06368330412078649
0 0.550048589007929 0.3304647132754326 0.03304178803227842 0.058519792975857854
0 0.5869776462204754 0.24612736457493156 0.02137998049147427 0.05163511144928634
0 0.6350826023262925 0.24526677938411012 0.02040816319640726 0.04647160030435771
0 0.5996112710563466 0.3442340763285756 0.031098153442144394 0.06196213373914361
0 0.6802721065469086 0.25903614243725315 0.02526724967174232 0.056798622594214976
0 0.6870748276123777 0.1876075715990737 0.019436345901340246 0.04130808915942907
0 0.7021379956859164 0.1652323566377163 0.01652089401613921 0.03442340763285756
0 0.7176870724069886 0.18244406045414507 0.018464528606273234 0.04130808915942907
0 0.7254616107675247 0.15576591953868046 0.014577259426005185 0.03270223725121468
0 0.7531584036769345 0.1325301193865016 0.015549076721072197 0.030981066869571805
0 0.7444120480213314 0.1876075715990737 0.01749271131120622 0.04475042992271483
0 0.7614188506850041 0.18588640121743083 0.01652089401613921 0.030981066869571805
0 0.7376093269558623 0.23407917190343142 0.02137998049147427 0.04130808915942907
0 0.7366375096607953 0.2934595500701107 0.02526724967174232 0.049913941067643464
0 0.6909620967926458 0.3132530094590038 0.02915451885201037 0.058519792975857854
0 0.7482993172015995 0.3898450914421119 0.031098153442144394 0.07401032641064376
0 0.8206997056840919 0.3967297729686834 0.035957239917479455 0.070567985647358
0 0.785228374414146 0.30722891312325373 0.027210884261876345 0.06368330412078649
0 0.7701652063406073 0.23493975709425285 0.024295432376675308 0.04647160030435771
0 0.7998056338401511 0.22633390518603846 0.01749271131120622 0.039586918777786195
0 0.8202137970365584 0.25215146091068164 0.02137998049147427 0.05335628183092922
0 0.7988338165450841 0.16006884549278766 0.013605442130938172 0.030981066869571805
0 0.7939747300697491 0.13941480091307312 0.013605442130938172 0.02753872610628605
0 0.869776479084976 0.2555938016739674 0.019436345901340246 0.04647160030435771
0 0.8892128249863163 0.22633390518603846 0.01749271131120622 0.04302925954107195
0 0.9164237092481926 0.3399311503744684 0.02137998049147427 0.056798622594214976
0 0.9232264303136617 0.2848536981618963 0.02137998049147427 0.04647160030435771
0 0.9261418821988627 0.22547331999521703 0.01749271131120622 0.04130808915942907
0 0.8790087433881126 0.4036144544952549 0.039844509097747505 0.08089500793721527
0 0.8333333305199631 0.35628226900007576 0.024295432376675308 0.048192770686000586
