0 0.13166666985489428 0.5649999873712659 0.1300000031478703 0.1749999960884452
0 0.02916666737291962 0.4837499891873449 0.05500000133179128 0.15749999647960067
0 0.04916666785720736 0.39374999119900167 0.04833333450369537 0.07749999826774001
0 0.27333333995193243 0.4162499906960875 0.0533333346247673 0.0824999981559813
0 0.33250000805128366 0.4049999909475446 0.04833333450369537 0.07999999821186066
0 0.38833334273658693 0.391249991254881 0.03666666755452752 0.07249999837949872
0 0.4383333439473063 0.39874999108724296 0.033333334140479565 0.07249999837949872
0 0.47916667826939374 0.3899999912828207 0.031666667433455586 0.05999999865889549
0 0.6600000159814954 0.274999993853271 0.04000000096857548 0.07499999832361937
0 0.7091666838387027 0.3799999915063381 0.04833333450369537 0.07499999832361937
0 0.7758333521196619 0.6099999863654375 0.13166666985489428 0.2649999940767884
0 0.4833333450369537 0.5999999865889549 0.14000000339001417 0.21499999519437551
0 0.8533333539962769 0.4949999889358878 0.08000000193715096 0.14999999664723873
0 0.9500000230036676 0.4612499896902591 0.07333333510905504 0.12249999726191163
