0 0.3141732271760702 0.22399445960763842 0.014173228293657303 0.03467406495474279
0 0.28346456587314606 0.2538141554687172 0.015748031437397003 0.030513177160173655
0 0.29409448709338903 0.24757282377686352 0.011811023578047752 0.029126214561983943
0 0.30511810909956694 0.25797504326328635 0.014960629865527153 0.0360610275529325
0 0.33188976254314184 0.2746185944415629 0.019685039296746254 0.038834952749311924
0 0.331102360971272 0.21844660921487957 0.014960629865527153 0.03467406495474279
0 0.41220472287386656 0.2649098562542349 0.019685039296746254 0.04160887794569135
0 0.4062992110848427 0.25658808066509664 0.018897637724876404 0.04160887794569135
0 0.4062992110848427 0.22330097830854356 0.017322834581136703 0.030513177160173655
0 0.43582677002996206 0.2385575668886304 0.016535433009266853 0.0360610275529325
0 0.4771653525531292 0.22954231000039726 0.017322834581136703 0.04299584054388106
0 0.4177165338769555 0.19417476374655962 0.016535433009266853 0.030513177160173655
0 0.4062992110848427 0.1914008385501802 0.011023622006177902 0.022191401571035385
0 0.4062992110848427 0.17059639957733452 0.012598425149917603 0.02496532676741481
0 0.42440944723784924 0.16574203048367053 0.012598425149917603 0.031900139758363366
0 0.47952755726873875 0.18932039465289563 0.014173228293657303 0.03467406495474279
0 0.4523622030392289 0.14563107280991971 0.011811023578047752 0.02773925196379423
0 0.4696850376203656 0.15603329229634255 0.011811023578047752 0.03467406495474279
0 0.4850393682718277 0.139389741118066 0.012598425149917603 0.029126214561983943
0 0.49842519499361515 0.1303744842298329 0.011023622006177902 0.02496532676741481
0 0.5244094468653202 0.19417476374655962 0.017322834581136703 0.03328710235655308
0 0.5185039350762963 0.14771151670720428 0.014960629865527153 0.029126214561983943
0 0.5224409429356456 0.13592233462259173 0.013385826721787453 0.02773925196379423
0 0.5452755885198712 0.1615811426891014 0.016535433009266853 0.031900139758363366
0 0.49527558870613575 0.29889043990988284 0.022047244012355804 0.048543690936639905
0 0.5381889743730426 0.30651873419992626 0.024409448727965355 0.04715672833845019
0 0.5771653521806002 0.2323162351967767 0.015748031437397003 0.040221915347501636
0 0.6074803126975894 0.23717060429044068 0.019685039296746254 0.04160887794569135
0 0.5637795254588127 0.14008322241716087 0.012598425149917603 0.03328710235655308
0 0.5897637773305178 0.11165048915427178 0.011023622006177902 0.02635228936560452
0 0.5791338561102748 0.11511789564974606 0.011811023578047752 0.02773925196379423
0 0.5897637773305178 0.14563107280991971 0.014173228293657303 0.02773925196379423
0 0.5964566906914115 0.16227462398819625 0.010236220434308052 0.02496532676741481
0 0.6114173205569386 0.20041609543841332 0.016535433009266853 0.04299584054388106
0 0.6161417299881577 0.1428571476135403 0.013385826721787453 0.03328710235655308
0 0.6224409425631166 0.12968100293073803 0.011811023578047752 0.023578364169225097
0 0.6492125960066915 0.11581137694884092 0.011811023578047752 0.029126214561983943
0 0.6704724384471774 0.11373093305155635 0.013385826721787453 0.03328710235655308
0 0.6913385801017284 0.15464632969815284 0.012598425149917603 0.031900139758363366
0 0.6586614148691297 0.2087378710275516 0.019685039296746254 0.040221915347501636
0 0.6507873991504312 0.17475728737190366 0.013385826721787453 0.02773925196379423
0 0.6641732258722186 0.3092926593963057 0.024409448727965355 0.06657420471310616
0 0.6511810999363661 0.2524271928705275 0.020472440868616104 0.04715672833845019
0 0.7118110209703445 0.28502081392798573 0.025196850299835205 0.05409154132939875
0 0.7433070838451385 0.36338420072570443 0.025196850299835205 0.06657420471310616
0 0.7814960600808263 0.2649098562542349 0.019685039296746254 0.05270457873120904
0 0.856692910194397 0.29126214561983943 0.020472440868616104 0.04715672833845019
0 0.7047244068235159 0.22052705311216414 0.022047244012355804 0.04160887794569135
0 0.714566926471889 0.18307906296104193 0.016535433009266853 0.03328710235655308
0 0.7346456665545702 0.1927878011483699 0.017322834581136703 0.038834952749311924
0 0.7547244066372514 0.221220534411259 0.014960629865527153 0.03744799015112221
0 0.7271653516218066 0.1567267735954374 0.011811023578047752 0.030513177160173655
0 0.7527559027075768 0.149098479305394 0.012598425149917603 0.02635228936560452
0 0.7712598396465182 0.12343967123888433 0.011811023578047752 0.02496532676741481
0 0.7602362176403403 0.1726768434746191 0.013385826721787453 0.03467406495474279
0 0.7838582647964358 0.15256588580086827 0.011811023578047752 0.030513177160173655
0 0.7964566899463534 0.1428571476135403 0.011811023578047752 0.030513177160173655
0 0.7854330679401755 0.12621359643526375 0.011811023578047752 0.022191401571035385
0 0.783070863224566 0.19348128244746476 0.014960629865527153 0.04576976574026048
0 0.8070866111665964 0.17198336217552423 0.014173228293657303 0.0360610275529325
0 0.8220472410321236 0.15742025489453226 0.012598425149917603 0.031900139758363366
0 0.830314957536757 0.13245492812711746 0.013385826721787453 0.02635228936560452
0 0.8633858235552907 0.1428571476135403 0.013385826721787453 0.03328710235655308
0 0.8133858237415552 0.22399445960763842 0.017322834581136703 0.04299584054388106
0 0.8385826740413904 0.2024965393356979 0.015748031437397003 0.038834952749311924
0 0.8401574771851301 0.1678224743809551 0.012598425149917603 0.03328710235655308
0 0.86732283141464 0.216366165317595 0.018110236153006554 0.05270457873120904
0 0.8952755872160196 0.24549237987957895 0.020472440868616104 0.04715672833845019
0 0.8803149573504925 0.18932039465289563 0.014173228293657303 0.031900139758363366
0 0.4299212582409382 0.32246880407910794 0.03464566916227341 0.07628294290043414
