0 0.14933333173394203 0.1620000076945871 0.19199999794363976 0.26800001272931695
0 0.2853333302773535 0.3260000154841691 0.053333332762122154 0.08400000398978591
0 0.2946666635107249 0.27600001310929656 0.029333333019167185 0.05600000265985727
0 0.32799999648705125 0.24800001177936792 0.026666666381061077 0.04800000227987766
0 0.37066666269674897 0.24800001177936792 0.026666666381061077 0.05600000265985727
0 0.3866666625253856 0.288000013679266 0.03199999965727329 0.06400000303983688
0 0.4226666621398181 0.34000001614913344 0.04533333284780383 0.0720000034198165
0 0.44533332856372 0.26800001272931695 0.03199999965727329 0.05600000265985727
0 0.5173333277925849 0.27000001282431185 0.03199999965727329 0.05200000246986747
0 0.6639999928884208 0.27400001301430166 0.03199999965727329 0.04400000208988786
0 0.6879999926313758 0.2900000137742609 0.026666666381061077 0.06800000322982669
0 0.7333333254791796 0.35800001700408757 0.05866666603833437 0.10800000512972474
0 0.8053333247080445 0.3100000147242099 0.04266666620969772 0.0760000036098063
0 0.8359999910462648 0.3040000144392252 0.029333333019167185 0.05600000265985727
0 0.941333323251456 0.3960000188089907 0.08533333241939545 0.12000000569969416
0 0.9439999898895621 0.3200000151991844 0.053333332762122154 0.08800000417977571
0 0.8239999911747873 0.5200000246986747 0.1386666651815176 0.21600001025944948
