0 0.17643805244006217 0.45817120611900464 0.043141592759639025 0.08365758752916008
0 0.26769911404699087 0.21400778205133975 0.015486725606024265 0.031128404662013054
0 0.32577433506958187 0.17412451357813552 0.018805309664458036 0.0369649805361405
0 0.3539822995662689 0.1731517509324476 0.019911504350602627 0.035019455244764686
0 0.30420353868976235 0.20038910501170903 0.019911504350602627 0.031128404662013054
0 0.30365044134669006 0.2315175096737221 0.014380530919879675 0.03891050582751632
0 0.3451327420771122 0.1955252917832695 0.017699114978313446 0.0369649805361405
0 0.391592918895185 0.1468871594988741 0.013274336233735085 0.03307392995338887
0 0.44137167977169156 0.14007782097905874 0.013274336233735085 0.031128404662013054
0 0.4153761046472937 0.1459143968531862 0.014380530919879675 0.04280155641026795
0 0.4231194674503058 0.15175097272731364 0.014380530919879675 0.035019455244764686
0 0.4955752193927765 0.10700389102566987 0.013274336233735085 0.02334630349650979
0 0.4695796442683786 0.12937743187649176 0.014380530919879675 0.021400778205133975
0 0.47787610441446304 0.1342412451049313 0.013274336233735085 0.031128404662013054
0 0.39491150295361876 0.18774319061776623 0.022123893722891808 0.04085603111889213
0 0.40707964450120926 0.19357976649189368 0.013274336233735085 0.029182879370637238
0 0.38440265343524516 0.26459143962711096 0.018805309664458036 0.05058365757577121
0 0.3998893790412694 0.21595330734271556 0.014380530919879675 0.03891050582751632
0 0.44026548508554697 0.1731517509324476 0.015486725606024265 0.02334630349650979
0 0.46792035223916173 0.17996108945226297 0.019911504350602627 0.03307392995338887
0 0.49889380345121026 0.16828793770400807 0.015486725606024265 0.025291828787885606
0 0.5105088476557285 0.14202334627043456 0.016592920292168856 0.031128404662013054
0 0.5165929184295237 0.11575875483686104 0.011061946861445904 0.025291828787885606
0 0.5547566351015121 0.11186770425410941 0.014380530919879675 0.021400778205133975
0 0.5237831838894635 0.16634241241263226 0.016592920292168856 0.03307392995338887
0 0.5464601749554276 0.1459143968531862 0.017699114978313446 0.031128404662013054
0 0.5929203517735004 0.10019455250585452 0.017699114978313446 0.025291828787885606
0 0.5663716793060303 0.14299610891612247 0.022123893722891808 0.044747081701643765
0 0.5608407058753073 0.1712062256410718 0.015486725606024265 0.031128404662013054
0 0.6028761039488018 0.14105058362474665 0.015486725606024265 0.03307392995338887
0 0.5890486703719944 0.2091439688229002 0.023230088409036398 0.04085603111889213
0 0.5879424756858498 0.16342412447556853 0.016592920292168856 0.04280155641026795
0 0.5862831836566329 0.1361867703963071 0.019911504350602627 0.04280155641026795
0 0.6471238913945854 0.10311284044291824 0.013274336233735085 0.031128404662013054
0 0.6410398206207901 0.14883268479024991 0.018805309664458036 0.04085603111889213
0 0.642699112650007 0.18093385209795088 0.017699114978313446 0.03891050582751632
0 0.6205752189271152 0.2315175096737221 0.02876106183975935 0.06614785990677774
0 0.6775442452635616 0.16731517505832016 0.016592920292168856 0.035019455244764686
0 0.6803097319789231 0.09533073927741498 0.013274336233735085 0.02334630349650979
0 0.695243360241875 0.10700389102566987 0.014380530919879675 0.027237354079261422
0 0.7051991124171764 0.09241245134035125 0.016592920292168856 0.029182879370637238
0 0.6891592894680798 0.20038910501170903 0.019911504350602627 0.03891050582751632
0 0.6869469000957906 0.24124513613060117 0.019911504350602627 0.04669260699301958
0 0.7024336257018149 0.29961089487187564 0.03097345121204853 0.06225680932402611
0 0.7295353955123574 0.1332684824592434 0.014380530919879675 0.0369649805361405
0 0.7206858380232006 0.16731517505832016 0.016592920292168856 0.02334630349650979
0 0.74944689986296 0.12743190658511594 0.012168141547590494 0.021400778205133975
0 0.730641590198502 0.22373540850821882 0.018805309664458036 0.04280155641026795
0 0.7649336254689842 0.1108949416084215 0.012168141547590494 0.027237354079261422
0 0.753318581264466 0.17996108945226297 0.019911504350602627 0.04085603111889213
0 0.7566371653228998 0.22665369644528255 0.022123893722891808 0.04085603111889213
0 0.7787610590457916 0.12548638129374012 0.013274336233735085 0.03307392995338887
0 0.7859513245057315 0.15466926066437736 0.016592920292168856 0.025291828787885606
0 0.8003318554256111 0.12451361864805222 0.012168141547590494 0.02334630349650979
0 0.8141592890024185 0.12159533071098849 0.011061946861445904 0.029182879370637238
0 0.7986725633963943 0.18968871590914205 0.017699114978313446 0.029182879370637238
0 0.7948008819948882 0.2704280155012384 0.02544247778132558 0.04669260699301958
0 0.8434734481852502 0.1468871594988741 0.014380530919879675 0.0369649805361405
0 0.822455749148503 0.18968871590914205 0.021017699036747217 0.0369649805361405
0 0.8423672534991056 0.20428015559446067 0.021017699036747217 0.03891050582751632
0 0.8307522092945874 0.23638132290216163 0.019911504350602627 0.044747081701643765
0 0.8722345100250095 0.16439688712125644 0.016592920292168856 0.044747081701643765
0 0.9092920320108533 0.13813229568768293 0.011061946861445904 0.01945525291375816
0 0.9115044213831425 0.17704280151519924 0.011061946861445904 0.031128404662013054
0 0.8971238904632628 0.21108949411427602 0.015486725606024265 0.0369649805361405
0 0.9164822974707931 0.3463035018648952 0.02765486715361476 0.054474708158522844
0 0.9325221204198897 0.24221789877628908 0.017699114978313446 0.0369649805361405
0 0.9413716779090464 0.21692606998840347 0.019911504350602627 0.03307392995338887
0 0.936946899164468 0.19844357972033322 0.017699114978313446 0.04280155641026795
0 0.9502212353982031 0.17704280151519924 0.022123893722891808 0.05058365757577121
0 0.5293141573201865 0.14299610891612247 0.014380530919879675 0.029182879370637238
0 0.7411504397168756 0.3686770427157171 0.02876106183975935 0.06031128403265029
0 0.6211283162701875 0.13132295716786757 0.014380530919879675 0.029182879370637238
