0 0.17933271659421735 0.4157119549345225 0.04541241918923333 0.07528641703538597
0 0.27803521952591836 0.25450082280440256 0.012974976911209524 0.027823241078294814
0 0.29703429286018945 0.25286416156450287 0.013901760976295918 0.027823241078294814
0 0.31510658212937415 0.25777414528420195 0.016682113171555102 0.031096563558094203
0 0.3725671941647306 0.29378069256199524 0.02038924943190068 0.03436988603789359
0 0.3595922172535211 0.23567921854555607 0.016682113171555102 0.0327332247979939
0 0.38276181888068095 0.18903437320841476 0.014828545041382313 0.027823241078294814
0 0.406394812540384 0.19721767940791324 0.015755329106468707 0.027823241078294814
0 0.39573679579189047 0.23076923482585698 0.014828545041382313 0.0327332247979939
0 0.43095459026517347 0.2430441941251047 0.01853568130172789 0.03764320851769298
0 0.4202965735166799 0.18576105072861537 0.012048192846123129 0.024549918598495424
0 0.4448563512414694 0.1963993487879634 0.014828545041382313 0.02618657983839512
0 0.45134383969707415 0.16121113213011995 0.009267840650863945 0.018003273638896644
0 0.46848934490117244 0.20212766312761232 0.017608897236641496 0.027823241078294814
0 0.46617238473845646 0.2446808553650044 0.024096385692246258 0.04418985347729176
0 0.5231696047412697 0.21276596118696034 0.019462465366814286 0.03600654727779329
0 0.5060240995371714 0.19394435692811385 0.014828545041382313 0.027823241078294814
0 0.5203892525460105 0.17021276894956827 0.012048192846123129 0.02618657983839512
0 0.5092678437649738 0.13338789105182514 0.012048192846123129 0.024549918598495424
0 0.537998149782652 0.13911620539147407 0.013901760976295918 0.02618657983839512
0 0.5546802629542071 0.13502455229172483 0.01019462471595034 0.024549918598495424
0 0.5667284558003303 0.14075286663137376 0.01019462471595034 0.02618657983839512
0 0.584800745069515 0.14566285035107285 0.014828545041382313 0.02291325735859573
0 0.46663577677099966 0.17266776080941781 0.013901760976295918 0.024549918598495424
0 0.4796107536822092 0.1743044220493175 0.013901760976295918 0.024549918598495424
0 0.43327155042788945 0.16939443832961842 0.012048192846123129 0.024549918598495424
0 0.41427247709361836 0.17348609142936766 0.012974976911209524 0.02618657983839512
0 0.4953660827886779 0.300327337521594 0.021316033496987075 0.04746317595709115
0 0.5366079736850224 0.3428805297589861 0.029657090082764626 0.05400982091668993
0 0.6019462502736133 0.348608844098635 0.02873030601767823 0.04909983719699085
0 0.6946246567822527 0.33715221541933715 0.0342910104081966 0.06219312711618841
0 0.5843373530369718 0.24795417784480378 0.023169601627159864 0.04418985347729176
0 0.606116778566502 0.2725040964432992 0.01853568130172789 0.04746317595709115
0 0.5843373530369718 0.17675941390916705 0.013901760976295918 0.02945990231819451
0 0.5384615418151952 0.19067103444831446 0.014828545041382313 0.027823241078294814
0 0.5866543131996877 0.12274959299247712 0.011121408781036735 0.02291325735859573
0 0.5931418016552925 0.10474631935358047 0.011121408781036735 0.02291325735859573
0 0.610750698891934 0.15384615655057132 0.012974976911209524 0.02618657983839512
0 0.6297497722262051 0.11865793989272788 0.012048192846123129 0.021276596118696034
0 0.6218721076729707 0.10720131121343002 0.012974976911209524 0.021276596118696034
0 0.6427247491374146 0.144844519731123 0.01019462471595034 0.024549918598495424
0 0.6635773906018585 0.11702127865282819 0.012974976911209524 0.031096563558094203
0 0.6936978727171663 0.11538461741292849 0.013901760976295918 0.027823241078294814
0 0.6492122375930194 0.1808510670089163 0.019462465366814286 0.03764320851769298
0 0.6316033403563779 0.21685761428670958 0.015755329106468707 0.03764320851769298
0 0.6770157595456112 0.21685761428670958 0.013901760976295918 0.03764320851769298
0 0.6960148328798823 0.18166939762886614 0.014828545041382313 0.03600654727779329
0 0.6830398559686728 0.17184943018946797 0.014828545041382313 0.02945990231819451
0 0.7340129795484245 0.12520458485232666 0.012974976911209524 0.027823241078294814
0 0.7432808201992884 0.14975450345082209 0.014828545041382313 0.031096563558094203
0 0.7316960193857085 0.1792144057690166 0.012048192846123129 0.027823241078294814
0 0.7265987070277333 0.20212766312761232 0.016682113171555102 0.04091653099749237
0 0.7284522751579061 0.2536824921844527 0.025949953822419047 0.04582651471719146
0 0.7687673819891643 0.21931260614655912 0.017608897236641496 0.04582651471719146
0 0.7474513484921772 0.327332247979939 0.02873030601767823 0.05891980463638902
0 0.7701575580867939 0.30769231310114264 0.01853568130172789 0.05237315967679024
0 0.7636700696311891 0.1325695604318753 0.012974976911209524 0.02618657983839512
0 0.7831325349980034 0.14402618911117315 0.016682113171555102 0.03600654727779329
0 0.8100092728855088 0.15630114841042086 0.012974976911209524 0.031096563558094203
0 0.8327154824801255 0.15384615655057132 0.01019462471595034 0.02618657983839512
0 0.8336422665452119 0.13175122981192544 0.008341056585777551 0.021276596118696034
0 0.8711770211812109 0.13420622167177498 0.011121408781036735 0.02945990231819451
0 0.8554216920747422 0.17103109956951812 0.012974976911209524 0.03436988603789359
0 0.8234476418292616 0.21685761428670958 0.017608897236641496 0.03764320851769298
0 0.7771084385749418 0.1898527038283646 0.015755329106468707 0.02945990231819451
0 0.8072289206902497 0.25122750032460317 0.02224281756207347 0.04418985347729176
0 0.8364226187404711 0.31505728868069127 0.023169601627159864 0.04418985347729176
0 0.7956441198766697 0.3985270119155757 0.026876737887505442 0.07037643331568688
0 0.8846153901249636 0.38543372199637815 0.02873030601767823 0.05728314339648932
0 0.8948100148409139 0.31833061116049066 0.023169601627159864 0.05728314339648932
0 0.9124189120775554 0.2725040964432992 0.019462465366814286 0.04746317595709115
0 0.920759968663333 0.22667758172610775 0.015755329106468707 0.03764320851769298
0 0.8558850841072854 0.25941080652410164 0.017608897236641496 0.04091653099749237
0 0.876274333539186 0.21522095304680988 0.013901760976295918 0.03764320851769298
0 0.8850787821575068 0.17512275266926736 0.012974976911209524 0.02945990231819451
0 0.8948100148409139 0.16612111584981903 0.015755329106468707 0.031096563558094203
0 0.9272474571189377 0.16612111584981903 0.012048192846123129 0.021276596118696034
