0 0.15724815428256989 0.24781659781001508 0.02211302169598639 0.041484716814011335
0 0.8802211136207916 0.42903930810280144 0.05282555182930082 0.11135371355339885
0 0.5921375809703022 0.054585153702646494 0.01719901687465608 0.039301310665905476
0 0.5663390556583181 0.06659388751722872 0.014742014463990927 0.032751092221587896
0 0.3777641206397675 0.16921397647820413 0.015970515669323504 0.032751092221587896
0 0.4324324242770672 0.14192139962688088 0.01719901687465608 0.034934498369693756
0 0.4975429881596938 0.12663755659013987 0.012285012053325772 0.021834061481058598
0 0.4637592050130479 0.14410480577498674 0.01842751807998866 0.034934498369693756
0 0.5233415134716779 0.12991266581229866 0.014742014463990927 0.032751092221587896
0 0.53624077612767 0.11135371355339885 0.01842751807998866 0.030567686073482037
0 0.42936117126373574 0.18340611644089222 0.025798525311984122 0.039301310665905476
0 0.44963144115172327 0.18340611644089222 0.019656019285321236 0.030567686073482037
0 0.47665846766903996 0.18777292873710394 0.0270270265173167 0.030567686073482037
0 0.5073709978023544 0.18013100721873343 0.02211302169598639 0.041484716814011335
0 0.5460687857703306 0.14519650884903967 0.015970515669323504 0.032751092221587896
0 0.5995085882022977 0.15065502421930432 0.024570024106651545 0.034934498369693756
0 0.6394348773756064 0.12117904121987522 0.015970515669323504 0.028384279925376177
0 0.6701474075089209 0.11790393199771643 0.01351351325865835 0.026200873777270317
0 0.7358722219942138 0.15065502421930432 0.01719901687465608 0.039301310665905476
0 0.7051596918608993 0.19104803795926273 0.01719901687465608 0.050218341406434774
0 0.6590908966609277 0.18886463181115687 0.023341522901318967 0.041484716814011335
0 0.6351351231569424 0.20633188099600375 0.019656019285321236 0.041484716814011335
0 0.7100736966822296 0.2303493486251682 0.019656019285321236 0.041484716814011335
0 0.7727272581541911 0.1277292596641928 0.014742014463990927 0.032751092221587896
0 0.778869764180854 0.1757641949225217 0.01719901687465608 0.041484716814011335
0 0.7948402798501775 0.21069869329221547 0.019656019285321236 0.050218341406434774
0 0.8753071087994613 0.2696506592910737 0.01842751807998866 0.041484716814011335
0 0.7966830316581763 0.16266375803388655 0.020884520490653813 0.041484716814011335
0 0.8089680437115021 0.1539301334414631 0.01351351325865835 0.037117904517799616
0 0.8372235714341514 0.17467249184846878 0.01351351325865835 0.030567686073482037
0 0.9060196389327757 0.19213974103331566 0.020884520490653813 0.034934498369693756
0 0.9330466654500924 0.23144105169922113 0.015970515669323504 0.034934498369693756
0 0.9219901546020992 0.18013100721873343 0.01842751807998866 0.037117904517799616
0 0.9422604244900867 0.1539301334414631 0.014742014463990927 0.037117904517799616
0 0.9373464196687564 0.19541485025547445 0.0270270265173167 0.041484716814011335
0 0.5730958122876473 0.14192139962688088 0.015970515669323504 0.030567686073482037
0 0.4858722267090343 0.1462882119230926 0.015970515669323504 0.026200873777270317
0 0.7371007231995463 0.1757641949225217 0.012285012053325772 0.032751092221587896
0 0.6990171858342364 0.16593886725604534 0.019656019285321236 0.048034935258328915
0 0.5663390556583181 0.09061135514639318 0.01719901687465608 0.037117904517799616
