0 0.05182926636189222 0.42208672931883484 0.05691056698560715 0.0691056924406439
0 0.03861788474023342 0.37737128126900643 0.03658536449074745 0.05555555666796863
0 0.12195121496915817 0.34891599614638835 0.030487803742289543 0.05013550235889852
0 0.15243901871144772 0.39024391025304794 0.03861788474023342 0.06504065170884132
0 0.17073170095682144 0.3590785979758948 0.03861788474023342 0.059620597399771214
0 0.234247958753258 0.392953937407583 0.049796746112406254 0.07046070601791143
0 0.20172763476148248 0.478997299564071 0.06199186760932207 0.09078590967692435
0 0.2195121869444847 0.3407859146827832 0.024390242993831635 0.047425475204363465
0 0.27642275393009186 0.3421409282600507 0.026422763243317604 0.047425475204363465
0 0.29776421654969454 0.36585366586223245 0.03252032399177551 0.0542005430907011
0 0.33689023135229945 0.46680217736866325 0.07418698910623789 0.08807588252238929
0 0.3617886044085026 0.39972900529392064 0.05081300623714924 0.06775067886337638
0 0.3805894167162478 0.3739837473258376 0.02947154361754656 0.0542005430907011
0 0.4009146192111075 0.34688347578048706 0.02743902336806059 0.04607046162709594
0 0.368394295219332 0.3279132856987417 0.02337398286908865 0.03794038016349077
0 0.3287601503543556 0.3313008196419105 0.02743902336806059 0.04471544804982841
0 0.3816056768409908 0.3089430956169963 0.02540650311857462 0.03794038016349077
0 0.434451203327626 0.3353658603737131 0.02540650311857462 0.042005420895293355
0 0.46443087700754404 0.3346883535850793 0.020325202494859695 0.04065040731802583
0 0.47611786844208837 0.3495935029350221 0.02540650311857462 0.04607046162709594
0 0.49085364025086164 0.36788618622813374 0.03252032399177551 0.052845529513433576
0 0.4857723396271467 0.42547426326200366 0.0467479657381773 0.08130081463605165
0 0.5868902220390737 0.3875338830985129 0.043699185363948345 0.06504065170884132
0 0.6087398147210479 0.3428184350486845 0.03455284424126148 0.04878048878163099
0 0.6244918466545641 0.3258807653328404 0.02337398286908865 0.036585366586223245
0 0.5452235569246113 0.332655833219178 0.02743902336806059 0.04471544804982841
0 0.6742885927669704 0.3421409282600507 0.03150406386703253 0.05013550235889852
0 0.6920731449499726 0.36585366586223245 0.03455284424126148 0.059620597399771214
0 0.7444105413742363 0.3502710097236559 0.02947154361754656 0.04471544804982841
0 0.8109755795449018 0.3292682992760092 0.026422763243317604 0.05149051593616605
0 0.5182926636189222 0.6612466257065535 0.10975609347224236 0.1626016292721033
0 0.669715422205627 0.5108401186298579 0.08130080997943878 0.13008130341768265
0 0.799796718172729 0.43699187866877764 0.05691056698560715 0.10433604544959962
0 0.8252032212913036 0.4078590867575258 0.04878048598766327 0.07317073317244649
0 0.8475609440356493 0.6951219651382416 0.16869918070733547 0.20325203659012914
0 0.9242885834537446 0.5386178969638422 0.09044715110212564 0.12059620837680995
0 0.9080284214578569 0.36585366586223245 0.047764225862920284 0.07588076032698154
0 0.9542682571336627 0.33943090110551566 0.03455284424126148 0.0636856381315738
0 0.9847560608759522 0.4336043447256088 0.028455283492803574 0.08672086894512177
0 0.9842479308135808 0.3780487880576402 0.03150406386703253 0.06233062455430627
0 0.9883129713125527 0.32452575175557286 0.02337398286908865 0.04471544804982841
