0 0.057187498721759766 0.07458333513932303 0.04437499900814146 0.05416666797827929
0 0.11406249745050445 0.08708333544200286 0.04187499906402081 0.0691666683414951
0 0.13968749687774107 0.08791666879551485 0.04187499906402081 0.05916666809935123
0 0.17718749603955075 0.09000000217929482 0.04437499900814146 0.07000000169500709
0 0.2624999941326678 0.20333333825692534 0.06374999857507646 0.08166666864417493
0 0.36687499179970473 0.060000001452863216 0.042499999050050974 0.07500000181607902
0 0.44249999010935426 0.13291666988516226 0.15624999650754035 0.26416667306330055
0 0.5124999885447323 0.17208333750022575 0.052499998826533556 0.11416666943114251
0 0.5474999877624214 0.13125000317813829 0.04124999907799065 0.06250000151339918
0 0.565312487364281 0.11291666940087453 0.03687499917577952 0.07250000175554305
0 0.7024999842979014 0.12000000290572643 0.12124999728985131 0.2216666720341891
0 0.8156249817693606 0.1675000040559098 0.07624999829567969 0.11333333607763052
0 0.813437481818255 0.07875000190688297 0.05312499881256372 0.06416666822042316
0 0.8678124806028791 0.28833334031514823 0.15437499654944986 0.2833333401940763
0 0.9162499795202166 0.10625000257277861 0.052499998826533556 0.07916666858363897
0 0.960624978528358 0.14833333692513406 0.06999999843537807 0.08666666876524687
