0 0.09937050586449914 0.5747734133619815 0.04046762682264671 0.07401812681928277
0 0.18570144308614545 0.3655589120462537 0.0170863313251175 0.03625377640128136
0 0.22661871020682156 0.373867069138214 0.019784173113293946 0.04380664648488164
0 0.25449640868464485 0.33308157068677247 0.019784173113293946 0.03172205435112119
0 0.25494604898267426 0.3957703923806548 0.027877698477823287 0.05135951656848192
0 0.28911871163290925 0.4108761325478554 0.02967625966994092 0.04229607246816158
0 0.31654676981270313 0.35725075495429337 0.02517985668964684 0.03776435041800141
0 0.32823741756146774 0.3119335344526917 0.017985611921176314 0.028700906317681074
0 0.3646582817018498 0.3519637458957732 0.01888489251723513 0.03021148033440113
0 0.3893884980934672 0.3610271899960935 0.02517985668964684 0.04229607246816158
0 0.3723021667683497 0.2749244710430503 0.017985611921176314 0.027190332300961018
0 0.4132194338890258 0.26737160095945 0.0170863313251175 0.024169184267520905
0 0.43750000998261385 0.27341389702633023 0.015287770132999867 0.027190332300961018
0 0.44964029802940786 0.2567975828424096 0.016187050729058683 0.024169184267520905
0 0.46043166518211365 0.23413897259160876 0.01258992834482342 0.02114803623408079
0 0.512589939753525 0.25302114780060947 0.017985611921176314 0.02567975828424096
0 0.4964028890244663 0.28474320215173066 0.016187050729058683 0.028700906317681074
0 0.5098920979653485 0.2907854982186109 0.017985611921176314 0.03172205435112119
0 0.5499100844899658 0.2892749242018908 0.01888489251723513 0.03172205435112119
0 0.5458633218077011 0.2560422958340496 0.017985611921176314 0.03776435041800141
0 0.5660971352190245 0.26057401788420975 0.02068345370935276 0.028700906317681074
0 0.5638489337288775 0.22658610250800848 0.014388489536941051 0.024169184267520905
0 0.5782374232658185 0.22583081549964845 0.021582734305411577 0.02567975828424096
0 0.6142086471081711 0.2167673713993281 0.019784173113293946 0.03172205435112119
0 0.6299460575392004 0.22507552849128842 0.0170863313251175 0.03021148033440113
0 0.6443345470761415 0.23036253754980862 0.011690647748764604 0.03172205435112119
0 0.6695144037657883 0.22129909344948828 0.0170863313251175 0.028700906317681074
0 0.6861510947928764 0.2273413895163685 0.016187050729058683 0.028700906317681074
0 0.6434352664800826 0.26359516591764987 0.015287770132999867 0.03172205435112119
0 0.6016187187633477 0.2598187308758497 0.017985611921176314 0.024169184267520905
0 0.4527877801156137 0.33761329273693264 0.024280576093588024 0.0347432023845613
0 0.49370504723628983 0.3421450147870928 0.021582734305411577 0.03776435041800141
0 0.434352527896408 0.37009063409641385 0.02517985668964684 0.045317220501601696
0 0.3839928145171143 0.3179758305195719 0.017985611921176314 0.028700906317681074
0 0.46088130548014306 0.43126888177357614 0.03147482086205855 0.05589123861864209
0 0.5350719546549954 0.3791540781967342 0.021582734305411577 0.04229607246816158
0 0.5382194367412012 0.427492446731776 0.026079137285705656 0.054380664601922035
0 0.5993705172732007 0.35649546794593334 0.026079137285705656 0.04229607246816158
0 0.6047662008495536 0.40709969750605524 0.027877698477823287 0.040785498451441526
0 0.5939748336968478 0.4856495463754982 0.02967625966994092 0.06495468271896243
0 0.6371403023076709 0.5037764345761389 0.03147482086205855 0.058912386652082205
0 0.732014405191876 0.43126888177357614 0.02697841788176447 0.05287009058520198
0 0.7144784335687291 0.5634441082365811 0.036870504438411444 0.07250755280256271
0 0.7918165648297872 0.454682779032737 0.02967625966994092 0.054380664601922035
0 0.8421762782090809 0.5347432019189 0.03147482086205855 0.0694864047691226
0 0.8732014587731101 0.4939577034674585 0.032374101458117366 0.06042296066880226
0 0.9446942661597859 0.5007552865426987 0.03327338205417618 0.058912386652082205
0 0.8839928259258159 0.4033232624642551 0.02517985668964684 0.054380664601922035
0 0.8336331125465222 0.37839879118837416 0.019784173113293946 0.040785498451441526
0 0.846672681189375 0.35649546794593334 0.022482014901470393 0.04229607246816158
0 0.8363309543346986 0.31646525650285184 0.017985611921176314 0.03776435041800141
0 0.8286870692681987 0.2515105737838894 0.015287770132999867 0.028700906317681074
0 0.8008093707903754 0.24924471275880933 0.015287770132999867 0.024169184267520905
0 0.7603417439677287 0.2560422958340496 0.02068345370935276 0.03776435041800141
0 0.7837230394652579 0.2771903320681304 0.026079137285705656 0.040785498451441526
0 0.7239208798273467 0.31344410846941173 0.02517985668964684 0.040785498451441526
0 0.7171762753569055 0.26888217497617006 0.0170863313251175 0.03625377640128136
0 0.6883992962830234 0.3338368576951325 0.022482014901470393 0.03927492443472147
0 0.678057569428347 0.28700906317681074 0.017985611921176314 0.033232628367841244
0 0.6434352664800826 0.3799093652050942 0.026079137285705656 0.05287009058520198
0 0.6713129649579059 0.3927492443472147 0.024280576093588024 0.04833836853504181
0 0.7009892246278469 0.38368580024689436 0.026079137285705656 0.03625377640128136
0 0.6384892232017592 0.31948640453629196 0.02697841788176447 0.04380664648488164
0 0.8651079334085807 0.2620845919009298 0.014388489536941051 0.02567975828424096
0 0.8803957035415806 0.2892749242018908 0.016187050729058683 0.03776435041800141
0 0.902877718443051 0.26661631395109 0.017985611921176314 0.03172205435112119
0 0.8997302363568451 0.3519637458957732 0.02068345370935276 0.04229607246816158
0 0.8772482214553747 0.34290030179545283 0.022482014901470393 0.04229607246816158
0 0.9222122512583155 0.3496978848706931 0.0170863313251175 0.04682779451832175
0 0.927158294536639 0.3119335344526917 0.017985611921176314 0.028700906317681074
0 0.9716726840415504 0.2990936553105712 0.011690647748764604 0.024169184267520905
0 0.9662770004651975 0.33232628367841244 0.02068345370935276 0.033232628367841244
0 0.9478417482459918 0.36178247700445354 0.019784173113293946 0.03172205435112119
0 0.963579158677021 0.39123867033049464 0.022482014901470393 0.033232628367841244
