0 0.95370371080935 0.5886863469786476 0.09259259328246117 0.27922453911742195
0 0.9167631241143681 0.43735532733262517 0.10667438351083547 0.1767939827986993
0 0.8134645122336224 0.41608796606305987 0.08063271665014327 0.14872685295995325
0 0.7093942954088561 0.4513888922519982 0.14525463071186095 0.21701389050576836
0 0.6697530914098024 0.8036747745063622 0.22453703870996833 0.3926504658884369
0 0.4220679043792188 0.6863425977062434 0.24459876725450158 0.36053241009358317
0 0.5120563309756108 0.5008680592873134 0.10204475384671241 0.208912038593553
0 0.5647183684050106 0.4202835679461714 0.08892746979836375 0.1634837975143455
0 0.4335455279215239 0.4146412067930214 0.07156635855790228 0.1209490749752149
0 0.3676697558257729 0.4016203733626753 0.08063271665014327 0.13020833430346102
0 0.2880979959736578 0.5117187538126018 0.12133487744722515 0.21383102011168376
0 0.1913580261170864 0.46773727200343274 0.08487654384225607 0.15306713077006862
0 0.12037037126719952 0.524594911315944 0.11651234654709697 0.21296296454966068
0 0.08140432159416378 0.4367766236246098 0.07986111170612276 0.12818287132540718
0 0.06770833383779973 0.24884259444661438 0.045524691697210073 0.07233796350192279
0 0.13869598868768662 0.2527488444757182 0.045524691697210073 0.07436342647997662
0 0.16753472347045317 0.39756944740656763 0.06886574125383049 0.09722222294658422
0 0.1254822540213354 0.36964699349482544 0.05922067945357412 0.09924768592463806
0 0.07667824131203815 0.3634259286336601 0.05381944484543055 0.08449074137024581
