0 0.11657559126615524 0.6873278336133808 0.11657559126615524 0.15702479565516114
0 0.12386156572028995 0.8829201229382306 0.14571948908269405 0.2066115732304752
0 0.05009107437217608 0.6060606148093939 0.08561019983608276 0.14325069077312946
0 0.05464480840601027 0.4669421555008739 0.07285974454134703 0.14049586979672313
0 0.026411657396238297 0.44490358768962324 0.04918032756540924 0.12947658589109778
0 0.07103825092781335 0.31542700179852545 0.05464480840601027 0.08539945026859641
0 0.08287795941578224 0.2754820976406336 0.04553734033834189 0.06611570343375206
0 0.2386156633729115 0.30716253886930645 0.05100182117894292 0.08539945026859641
0 0.3324225844698958 0.5881542784627527 0.07832422538194805 0.17355372151359916
0 0.40346083539770916 0.3994490415789187 0.0601092892466113 0.12672176491469145
0 0.38615664606913924 0.3002754864282906 0.05100182117894292 0.08264462929219007
0 0.5136611990164965 0.4683195659890771 0.05464480840601027 0.1157024810090661
0 0.48998178204055876 0.6597796238493174 0.10200364235788584 0.1845730054192245
0 0.5555555521277711 0.8250688824336976 0.13843351462855935 0.28925620252266526
0 0.6630236753262579 0.5702479421161115 0.08014571899548173 0.14325069077312946
0 0.7504553687758744 0.7024793489836156 0.09471766790375113 0.1763085424900055
0 0.7276866986067034 0.43939394573681056 0.0746812381548807 0.15151515370234847
0 0.5792349691037089 0.3181818227749318 0.05828779563307762 0.1074380180798471
0 0.617486334987916 0.25068870885297656 0.05100182117894292 0.08264462929219007
0 0.6821493582683615 0.26308540324680507 0.04553734033834189 0.09641873417422175
0 0.707650268857833 0.23829201445914805 0.04189435311127454 0.08539945026859641
0 0.7595628368435428 0.26308540324680507 0.043715846724808216 0.09090909222140908
0 0.8069216707954183 0.33333333814516664 0.05100182117894292 0.12121212296187878
0 0.7932604686939158 0.19834711030125618 0.04189435311127454 0.0771349873393774
0 0.8351548218051903 0.17079890053719282 0.03825136588420719 0.06611570343375206
0 0.8825136557570659 0.5688705316279083 0.0819672126090154 0.17906336346641183
0 0.9271402492886409 0.4710743869654834 0.07285974454134703 0.14325069077312946
0 0.8724954408826306 0.3650137793738395 0.07285974454134703 0.12396694393828511
0 0.9653916151728481 0.33608815912157297 0.05828779563307762 0.09917355515062809
0 0.9808743108878843 0.19146005786024034 0.03825136588420719 0.07438016636297107
