0 0.17890625266591087 0.5737704678904265 0.05468750081490725 0.0889929705299437
0 0.09609375143190846 0.4484777330653742 0.03281250048894435 0.0632318474818021
0 0.4218750062864274 0.5538641455350444 0.0437500006519258 0.07259952859021723
0 0.5171875077066943 0.5597189462278038 0.04687500069849193 0.07494144886732101
0 0.6101562590920366 0.5386416637338698 0.04218750062864274 0.060889927204698324
0 0.7101562605821528 0.5386416637338698 0.03593750053551048 0.07494144886732101
0 0.9578125142725185 0.5503512651193887 0.037500000558793545 0.060889927204698324
0 0.9859375146916136 0.5222482217941433 0.0218750003259629 0.060889927204698324
0 0.8687500129453838 0.3852458855835721 0.059375000884756446 0.09601873136125505
0 0.9328125138999894 0.4344262114027515 0.02812500041909516 0.04449648526497185
0 0.9492187641444616 0.41803276946302503 0.023437500349245965 0.035128804156556726
0 0.9617187643307261 0.38758780586067587 0.023437500349245965 0.03981264471076429
0 0.7960937618627213 0.4215456498786807 0.03281250048894435 0.04215456498786807
0 0.6859375102212653 0.4625292547279969 0.034375000512227416 0.049180325819179416
0 0.5890625087777153 0.46955501555930823 0.034375000512227416 0.05854800692759454
0 0.5125000076368451 0.4754098162520677 0.037500000558793545 0.060889927204698324
0 0.42343750630971044 0.4625292547279969 0.034375000512227416 0.0632318474818021
0 0.5312500079162419 0.4203746897401288 0.034375000512227416 0.049180325819179416
0 0.5976562589057721 0.4098360484931618 0.029687500442378223 0.05620608665049076
0 0.6351562594645657 0.4121779687702656 0.023437500349245965 0.04215456498786807
0 0.7445312610943802 0.4250585302943364 0.026562500395812094 0.05386416637338698
0 0.7609375113388523 0.4203746897401288 0.0218750003259629 0.049180325819179416
0 0.4218750062864274 0.40163932752329856 0.034375000512227416 0.049180325819179416
0 0.3296875049127266 0.4765807763906196 0.040625000605359674 0.06791568803600967
0 0.23906250356230885 0.4882903777761385 0.0437500006519258 0.0772833691444248
0 0.03281250048894435 0.4121779687702656 0.0437500006519258 0.07494144886732101
0 0.1726562525727786 0.40281028766185045 0.03593750053551048 0.05620608665049076
0 0.3007812544819899 0.41686180932447314 0.03281250048894435 0.0515222460962832
0 0.35546875529689714 0.3992974072461948 0.029687500442378223 0.049180325819179416
0 0.12265625182772055 0.3442622807342559 0.03593750053551048 0.05620608665049076
0 0.2281250033993274 0.36651052336674184 0.0437500006519258 0.05386416637338698
0 0.31640625471482053 0.36299764295108616 0.03281250048894435 0.0515222460962832
0 0.3617187553900294 0.35362996184267104 0.03281250048894435 0.04215456498786807
0 0.41171875613508746 0.332552679348737 0.026562500395812094 0.0515222460962832
0 0.45312500675208867 0.35011708142701536 0.02812500041909516 0.05386416637338698
0 0.5156250076834112 0.3348945996258408 0.018750000279396772 0.032786883879452944
0 0.5796875086380169 0.3618266828125343 0.02500000037252903 0.03981264471076429
0 0.619531259231735 0.36299764295108616 0.020312500302679837 0.04215456498786807
0 0.66796875995351 0.37470724433660507 0.023437500349245965 0.032786883879452944
0 0.6671875099418685 0.3466042010113597 0.018750000279396772 0.032786883879452944
0 0.6210937592550181 0.34074940031860024 0.023437500349245965 0.035128804156556726
0 0.7382812610012479 0.36651052336674184 0.026562500395812094 0.049180325819179416
0 0.7539062612340786 0.35128804156556726 0.017187500256113708 0.03747072443366051
0 0.8078125120373443 0.3606557226739824 0.0218750003259629 0.03747072443366051
0 0.8421875125495717 0.3477751611499116 0.018750000279396772 0.030444963602349162
0 0.8304687623749487 0.32903979893308133 0.020312500302679837 0.030444963602349162
0 0.7929687618161552 0.31381731713190675 0.020312500302679837 0.03747072443366051
0 0.8109375120839104 0.29976579546928406 0.018750000279396772 0.032786883879452944
0 0.7625000113621354 0.3044496360234916 0.018750000279396772 0.032786883879452944
0 0.7593750113155693 0.2693208318669349 0.018750000279396772 0.02810304332524538
0 0.739843761024531 0.2974238751921803 0.01406250020954758 0.02810304332524538
0 0.7320312609081157 0.3231849982403219 0.017187500256113708 0.032786883879452944
0 0.691406260302756 0.32201403810177 0.020312500302679837 0.035128804156556726
0 0.6890625102678314 0.29039811436086893 0.018750000279396772 0.02810304332524538
0 0.7289062608615495 0.27751755283679813 0.020312500302679837 0.0257611230481416
0 0.6875000102445483 0.2669789115898311 0.015625000232830644 0.032786883879452944
0 0.6960937603726052 0.2540983500657603 0.017187500256113708 0.0257611230481416
0 0.6507812596973963 0.2939109947765246 0.017187500256113708 0.030444963602349162
0 0.6539062597439624 0.26112411089707166 0.017187500256113708 0.030444963602349162
0 0.6328125094296411 0.2693208318669349 0.012500000186264515 0.023419202771037817
0 0.6046875090105459 0.2798594731139019 0.018750000279396772 0.030444963602349162
0 0.606250009033829 0.3103044367162511 0.018750000279396772 0.03981264471076429
0 0.6265625093365088 0.25058546965010464 0.012500000186264515 0.018735362216830254
0 0.6328125094296411 0.23536298784893006 0.015625000232830644 0.0257611230481416
0 0.6234375092899427 0.22482434660196304 0.015625000232830644 0.023419202771037817
0 0.6039062589989044 0.24941450951155275 0.017187500256113708 0.021077282493934035
0 0.5937500088475645 0.23302106757182628 0.015625000232830644 0.021077282493934035
0 0.5906250088009983 0.2177985857706517 0.012500000186264515 0.018735362216830254
0 0.5531250082422048 0.19789226341526955 0.015625000232830644 0.021077282493934035
0 0.5585937583236955 0.2177985857706517 0.01406250020954758 0.02810304332524538
0 0.5609375083586201 0.2447306689573452 0.015625000232830644 0.0257611230481416
0 0.5601562583469786 0.29859483533073217 0.020312500302679837 0.030444963602349162
0 0.5515625082189217 0.3348945996258408 0.02500000037252903 0.04215456498786807
0 0.5164062576950528 0.2915690744994208 0.020312500302679837 0.035128804156556726
0 0.5312500079162419 0.2798594731139019 0.015625000232830644 0.030444963602349162
0 0.5070312575553544 0.27400467242114246 0.017187500256113708 0.02810304332524538
0 0.5101562576019205 0.24824354937300086 0.017187500256113708 0.02810304332524538
0 0.5203125077532604 0.2318501074332744 0.015625000232830644 0.023419202771037817
0 0.5273437578580342 0.2189695459092036 0.017187500256113708 0.0257611230481416
0 0.49843750742729753 0.19789226341526955 0.018750000279396772 0.030444963602349162
0 0.48203125718282536 0.21077282493934035 0.017187500256113708 0.02810304332524538
0 0.4617187568801455 0.19555034313816577 0.01406250020954758 0.0257611230481416
0 0.43828125653089955 0.17213114036712795 0.01406250020954758 0.0257611230481416
0 0.4585937568335794 0.2974238751921803 0.026562500395812094 0.046838405542075634
0 0.4562500067986548 0.26346603117417544 0.02500000037252903 0.035128804156556726
0 0.41171875613508746 0.257611230481416 0.020312500302679837 0.032786883879452944
0 0.4156250061932951 0.2423887486802414 0.018750000279396772 0.030444963602349162
0 0.42109375627478585 0.23419202771037817 0.020312500302679837 0.02810304332524538
0 0.42343750630971044 0.21311474521644413 0.015625000232830644 0.023419202771037817
0 0.39687500591389835 0.21545666549354792 0.015625000232830644 0.032786883879452944
0 0.38984375580912456 0.19789226341526955 0.020312500302679837 0.030444963602349162
0 0.37968750565778464 0.16393441939726472 0.012500000186264515 0.023419202771037817
0 0.36328125541331246 0.25995315075851977 0.023437500349245965 0.03747072443366051
0 0.3742187555762939 0.22833722701761872 0.023437500349245965 0.03981264471076429
0 0.3351562549942173 0.22248242632485926 0.017187500256113708 0.032786883879452944
0 0.3257812548545189 0.2060889843851328 0.017187500256113708 0.018735362216830254
0 0.3375000050291419 0.18618266202975065 0.012500000186264515 0.0257611230481416
0 0.35078125522704795 0.19672130327671766 0.01406250020954758 0.02810304332524538
0 0.35312500526197255 0.1791569011984393 0.015625000232830644 0.030444963602349162
0 0.3343750049825758 0.31615923740901053 0.034375000512227416 0.0515222460962832
0 0.33593750500585884 0.2798594731139019 0.02500000037252903 0.03981264471076429
0 0.30468750454019755 0.2529273899272084 0.02500000037252903 0.04215456498786807
0 0.2812500041909516 0.2049180242465809 0.018750000279396772 0.030444963602349162
0 0.2914062543422915 0.20023418369237334 0.017187500256113708 0.035128804156556726
0 0.3109375046333298 0.17681498092133552 0.012500000186264515 0.0257611230481416
0 0.2820312542025931 0.16393441939726472 0.017187500256113708 0.032786883879452944
0 0.2664062539697625 0.22482434660196304 0.023437500349245965 0.03747072443366051
0 0.2453125036554411 0.23887586826458573 0.0218750003259629 0.03747072443366051
0 0.2523437537602149 0.30093675560783595 0.026562500395812094 0.0632318474818021
0 0.255468753806781 0.27283371228259057 0.020312500302679837 0.035128804156556726
0 0.16328125243308023 0.30093675560783595 0.029687500442378223 0.049180325819179416
0 0.14375000214204192 0.26112411089707166 0.0218750003259629 0.049180325819179416
0 0.08359375124564394 0.2915690744994208 0.029687500442378223 0.049180325819179416
0 0.015625000232830644 0.32552691851742566 0.02812500041909516 0.06557376775890589
0 0.012500000186264515 0.2798594731139019 0.0218750003259629 0.05386416637338698
0 0.05078125075669959 0.24121778854168952 0.03281250048894435 0.0515222460962832
0 0.03828125057043508 0.21077282493934035 0.029687500442378223 0.04215456498786807
0 0.011718750174622983 0.1908665025839582 0.020312500302679837 0.049180325819179416
0 0.058593750873114914 0.1803278613369912 0.029687500442378223 0.03747072443366051
0 0.09921875147847459 0.19672130327671766 0.020312500302679837 0.04215456498786807
0 0.1117187516647391 0.23536298784893006 0.026562500395812094 0.04449648526497185
0 0.1890625028172508 0.23536298784893006 0.0218750003259629 0.03981264471076429
0 0.22265625331783667 0.22599530674051493 0.023437500349245965 0.035128804156556726
0 0.2476562536903657 0.1920374627225101 0.017187500256113708 0.02810304332524538
0 0.26093750388827175 0.1779859410598874 0.0218750003259629 0.023419202771037817
0 0.2234375033294782 0.19906322355382144 0.0218750003259629 0.023419202771037817
0 0.22421875334111974 0.17330210050567985 0.017187500256113708 0.02810304332524538
0 0.20781250309664756 0.1803278613369912 0.015625000232830644 0.023419202771037817
0 0.20703125308500603 0.1533957781502977 0.017187500256113708 0.0257611230481416
0 0.18750000279396772 0.11358313343953341 0.0218750003259629 0.035128804156556726
0 0.18593750277068466 0.19437938299961388 0.0218750003259629 0.032786883879452944
0 0.1625000024214387 0.21077282493934035 0.02500000037252903 0.032786883879452944
0 0.15000000223517418 0.16861825995147228 0.018750000279396772 0.04215456498786807
0 0.17187500256113708 0.1662763396743685 0.018750000279396772 0.032786883879452944
0 0.12578125187428668 0.1779859410598874 0.023437500349245965 0.03747072443366051
0 0.12109375180443749 0.13231849565636367 0.020312500302679837 0.035128804156556726
0 0.09375000139698386 0.1651053795358166 0.0218750003259629 0.035128804156556726
0 0.07812500116415322 0.1276346551021561 0.0218750003259629 0.030444963602349162
0 0.06093750090803951 0.12529273482505232 0.0218750003259629 0.03981264471076429
0 0.02109375031432137 0.12997657537925988 0.020312500302679837 0.030444963602349162
0 0.04531250067520887 0.16978922009002417 0.018750000279396772 0.030444963602349162
0 0.00703125010477379 0.12412177468650043 0.01093750016298145 0.032786883879452944
