0 0.16305525426287204 0.4096958142472431 0.05742145166732371 0.0969581741373986
0 0.20368363987654448 0.26235741237178445 0.02600216679275036 0.04942965740337968
0 0.3039003243902698 0.211026614299044 0.020585048710927367 0.04182509472593665
0 0.39761646720580757 0.2832699597347528 0.023835319560021162 0.045627376064658165
0 0.41820151591673493 0.2205323176458478 0.017334777861833572 0.034220532048493624
0 0.47291440854314715 0.2338403023313731 0.01841820147819817 0.03802281338721514
0 0.5151679295813665 0.14638783154077828 0.014084507012739778 0.03041825070977211
0 0.5839653292205185 0.26235741237178445 0.021668472327291965 0.04182509472593665
0 0.6137594786705449 0.24429657601285726 0.020585048710927367 0.04372623539529741
0 0.6018418188905343 0.12072243250440806 0.011917659780010581 0.020912547362968326
0 0.6267605620669201 0.1188212918350473 0.009750812547281384 0.020912547362968326
0 0.6560129997087643 0.1188212918350473 0.007583965314552188 0.02471482870168984
0 0.6105092078214511 0.11311786982696503 0.009750812547281384 0.020912547362968326
