0 0.11921296385116875 0.5439049358828925 0.03240740764886141 0.05371900601312518
0 0.286072532995604 0.6064049332635477 0.059027778217568994 0.10020660737063736
0 0.33449074323289096 0.6020144375797827 0.05015432136133313 0.08109503792366013
0 0.4191743858391419 0.62990699839429 0.08757716114632785 0.12861569708911702
0 0.5387731521623209 0.7236569944652729 0.09837963036261499 0.15392561338376254
0 0.4429012378677726 0.5800619591609575 0.041666666977107525 0.06818181532435119
0 0.5312500039581209 0.5989152641559485 0.045524691697210073 0.07696280669188127
0 0.525270065641962 0.5604338608100079 0.051311728777363896 0.060950410668738186
0 0.587384263635613 0.6151859246310778 0.058256173273548484 0.08884297148324549
0 0.6884645113022998 0.46022725343937054 0.08449074137024581 0.09710743394680321
0 0.8148148208856583 0.7913222808856517 0.1435185195878148 0.24896693171467632
0 0.8045910553773865 0.6673553439322859 0.10378086497075856 0.1508264399599284
0 0.9699074146337807 0.6629648482485209 0.06018518563359976 0.13791321736061946
