0 0.16810035280650482 0.7914507573004812 0.07526881468947977 0.14507771655917168
0 0.25448027823586017 0.6547927296487615 0.06738351029343903 0.13601035927422345
0 0.2512544718920253 0.4281087975250557 0.03942652198020369 0.07124352152459323
0 0.18637992208823562 0.37435232219286263 0.032974909292533994 0.06735751125961542
0 0.07706092932494357 0.490932630142197 0.05519713077228516 0.11139896092936397
0 0.07992831274168566 0.3963730470277369 0.04516128881368786 0.08808289933949709
0 0.2111111040576361 0.3588082811329514 0.027956988313235343 0.06476683774963021
0 0.2222222147975117 0.3335492144105956 0.02724014245904982 0.04533678642474115
0 0.26021504506934434 0.32512952550314367 0.024372759042307734 0.04922279668971896
0 0.3060931797372177 0.3400258981855586 0.025806450750678778 0.04274611291475594
0 0.3211469426751137 0.3121761579532176 0.01863799220882356 0.03886010264977813
0 0.32616486365441233 0.46632123179733753 0.03584229270927608 0.08031087880954146
0 0.3394265119568445 0.4339378129225224 0.0265232966048643 0.05699481721967459
0 0.3637992709991522 0.5505181208718568 0.05663082248065621 0.10362694039940834
0 0.41469532664632425 0.636658015078865 0.05663082248065621 0.1230569917242974
0 0.4186379788443446 0.7571243332931772 0.07025089371018112 0.16709844139404595
0 0.5358422760036774 0.6651554236887023 0.07526881468947977 0.16191709437407553
0 0.49139783304417506 0.44041449669748545 0.050896055647172034 0.10880828741937876
0 0.4351254334906116 0.3976683837827295 0.03870967612601817 0.08290155231952667
0 0.415053749573417 0.3672279700404033 0.02293906733393669 0.0608808274846524
0 0.3913978363852948 0.3672279700404033 0.02293906733393669 0.05829015397466719
0 0.39175625931238756 0.3329015460330993 0.023655913188122213 0.044041449669748545
0 0.3713261524681002 0.34909325547050685 0.020071683917194605 0.04274611291475594
0 0.4250895915320143 0.2655440347734839 0.021505375625565648 0.04922279668971896
0 0.4498207735014148 0.2512953304685652 0.020788529771380126 0.04922279668971896
0 0.5053763272007927 0.32318652037065476 0.01863799220882356 0.04015543940477073
0 0.5211469359928742 0.3335492144105956 0.021505375625565648 0.04533678642474115
0 0.5641576872440055 0.35556993924546987 0.024372759042307734 0.04792745993472636
0 0.5935483672656119 0.23316061589866877 0.02724014245904982 0.059585490729659796
0 0.57383510627551 0.2467616518260911 0.020788529771380126 0.04274611291475594
0 0.6494623438920826 0.25388600397855043 0.03154121758416295 0.059585490729659796
0 0.6412186165689491 0.3886010264977813 0.033691755146719515 0.08031087880954146
0 0.6602150317048654 0.3575129443779588 0.025806450750678778 0.06476683774963021
0 0.68028671562206 0.41062175133265555 0.03727598441764712 0.08031087880954146
0 0.731182771269232 0.3698186435503885 0.030107525875791907 0.04792745993472636
0 0.6838709448929876 0.57448185083922 0.05448028491809964 0.13341968576423824
0 0.7939067835104652 0.46502589504234493 0.04372759710531682 0.11398963443934917
0 0.861648716730997 0.4306994710350409 0.03154121758416295 0.07383419503457844
0 0.8580644874600694 0.6806994647486135 0.05878136004321277 0.14637305331416428
0 0.9706092865671962 0.6748704493511468 0.05878136004321277 0.13730569602921605
0 0.9845877807238139 0.44494817533995956 0.03082437172997743 0.0919689096044749
