0 0.13726266167941503 0.46468142746016383 0.04034810228040442 0.08171744924038649
0 0.21439873956842348 0.343490295112133 0.015822785208001733 0.02770083025097847
0 0.2539557025884278 0.35595566872507334 0.025316456332802773 0.033240996301174164
0 0.2804588678118307 0.3005540082231164 0.01661392446840182 0.030470913276076317
0 0.3113132989674341 0.3317174422554672 0.02136076003080234 0.04016620386391878
0 0.3267405145452358 0.35041550267487764 0.0237341778120026 0.05540166050195694
0 0.3461234264250379 0.3227146724238992 0.015031645947601646 0.030470913276076317
0 0.3488924138364382 0.2880886346101761 0.015822785208001733 0.030470913276076317
0 0.37737342721084133 0.325484755448997 0.017405063728801906 0.03601107932627201
0 0.4046677316946443 0.325484755448997 0.018196202989201993 0.03601107932627201
0 0.39754747835104354 0.2991689667105675 0.01661392446840182 0.030470913276076317
0 0.38014241462224163 0.2659279704093933 0.015031645947601646 0.030470913276076317
0 0.4193038080120459 0.25831024209037423 0.01424050668720156 0.020775622688233852
0 0.4284019095066469 0.2991689667105675 0.013449367426801473 0.030470913276076317
0 0.44224684656364843 0.24722990998998284 0.011075949645601213 0.020775622688233852
0 0.46162975844345056 0.2603878043591976 0.01661392446840182 0.033240996301174164
0 0.48734178440645337 0.25415511755272746 0.012658228166401386 0.029085871763527393
0 0.49367089848965406 0.24584486847743392 0.011075949645601213 0.018005539663136005
0 0.5106803925882559 0.24030470242723823 0.015031645947601646 0.0235457057133317
0 0.5102848229580559 0.2700830949470401 0.01424050668720156 0.02770083025097847
0 0.49169305033865385 0.3199445893988013 0.018196202989201993 0.03601107932627201
0 0.45530064436024986 0.307479215785861 0.015031645947601646 0.024930747225880623
0 0.4410601376730483 0.3421052535995841 0.02136076003080234 0.02770083025097847
0 0.45134494805824943 0.4106648084707558 0.024525317072402686 0.04847645293921232
0 0.5265031777962577 0.40096951788291335 0.022943038551602513 0.04293628688901663
0 0.5450949504156597 0.3455678573809564 0.020569620770402253 0.04293628688901663
0 0.5625000141444616 0.2770083025097847 0.015822785208001733 0.02770083025097847
0 0.5344145704002585 0.24376730620861053 0.013449367426801473 0.02770083025097847
0 0.5431171022646595 0.22160664200782776 0.0118670889060013 0.01939058117568493
0 0.5581487482122611 0.21675899671390653 0.010284810385201126 0.018005539663136005
0 0.557357608951861 0.23961218167096376 0.0118670889060013 0.02770083025097847
0 0.5783227993524633 0.244459826964885 0.01424050668720156 0.026315788738429546
0 0.5850474830658641 0.22299168352037668 0.0118670889060013 0.024930747225880623
0 0.5961234327114653 0.20221606083214283 0.010284810385201126 0.01939058117568493
0 0.6040348253154662 0.2153739552013576 0.0118670889060013 0.020775622688233852
0 0.6087816608778667 0.20914126839488745 0.010284810385201126 0.016620498150587082
0 0.6182753320026677 0.24376730620861053 0.0118670889060013 0.022160664200782776
0 0.6344936868408695 0.2153739552013576 0.011075949645601213 0.018005539663136005
0 0.6352848261012696 0.23476453637704253 0.011075949645601213 0.0235457057133317
0 0.6408228009240702 0.2243767250329256 0.00949367112480104 0.01939058117568493
0 0.6534810290904716 0.22714680805802345 0.011075949645601213 0.02770083025097847
0 0.6629747002152726 0.22576176654547453 0.011075949645601213 0.02770083025097847
0 0.657436725392472 0.2610803251154721 0.012658228166401386 0.03185595478862524
0 0.6147152053308673 0.289473676122725 0.015822785208001733 0.030470913276076317
0 0.5810917867638636 0.31578946486115456 0.019778481510002166 0.041551245376467705
0 0.6356803957314696 0.3261772762052715 0.015031645947601646 0.03185595478862524
0 0.6428006490750704 0.3552631479687989 0.022943038551602513 0.054016618989408016
0 0.6673259661474731 0.34279777435585856 0.019778481510002166 0.04016620386391878
0 0.5625000141444616 0.42451522359624505 0.02848101337440312 0.05955678503960371
0 0.6238133068254683 0.45914126140996814 0.029272152634803206 0.05955678503960371
0 0.5727848245296627 0.4092797669582069 0.01898734224960208 0.03185595478862524
0 0.6791930550534744 0.5096952766180038 0.027689874114003032 0.06371190957725048
0 0.7147943217714783 0.39404431032016873 0.02136076003080234 0.04293628688901663
0 0.749208879598882 0.42243766132742167 0.022151899291202426 0.05263157747685909
0 0.7883702729886863 0.5152354426681995 0.024525317072402686 0.06925207562744617
0 0.8168512863630895 0.43351799342781305 0.022943038551602513 0.049861494451761246
0 0.7832278677960858 0.3691135630942881 0.01898734224960208 0.04847645293921232
0 0.8813291360856965 0.4508310123346746 0.0237341778120026 0.05124653596431017
0 0.8690664775494952 0.40443212166428566 0.02136076003080234 0.041551245376467705
0 0.8338607804616913 0.3691135630942881 0.020569620770402253 0.054016618989408016
0 0.8512658441904932 0.3490304611623287 0.01898734224960208 0.041551245376467705
0 0.8983386301842984 0.34695289889350533 0.01661392446840182 0.04016620386391878
0 0.8710443257004954 0.3240997139364481 0.015822785208001733 0.033240996301174164
0 0.8939873642520979 0.3130193818360567 0.012658228166401386 0.024930747225880623
0 0.9046677442674991 0.3081717365421355 0.013449367426801473 0.029085871763527393
0 0.9018987568560988 0.26869805343449116 0.01424050668720156 0.030470913276076317
0 0.867484199028695 0.28531855158507824 0.015031645947601646 0.03878116235136986
0 0.8180379952536896 0.31786702712997794 0.01898734224960208 0.037396120838820934
0 0.8018196404154878 0.34279777435585856 0.019778481510002166 0.03462603781372309
0 0.7792721714940853 0.29986148746684194 0.015822785208001733 0.029085871763527393
0 0.7931171085510869 0.2700830949470401 0.015031645947601646 0.02770083025097847
0 0.8132911596912891 0.25831024209037423 0.012658228166401386 0.020775622688233852
0 0.8259493878576905 0.280470906291157 0.012658228166401386 0.0235457057133317
0 0.8330696412012912 0.2603878043591976 0.011075949645601213 0.022160664200782776
0 0.8437500212166924 0.2520775552839041 0.0118670889060013 0.02770083025097847
0 0.7412974869948812 0.28324098931625485 0.012658228166401386 0.037396120838820934
0 0.7519778670102824 0.25969528360292315 0.013449367426801473 0.03185595478862524
0 0.757515841833083 0.22922437032684684 0.015031645947601646 0.029085871763527393
0 0.7310126766096801 0.22506924578920007 0.012658228166401386 0.029085871763527393
0 0.7183544484432787 0.2409972231835127 0.012658228166401386 0.030470913276076317
0 0.7234968536358792 0.25761772133409977 0.013449367426801473 0.02770083025097847
0 0.7013449543446768 0.27977838553488255 0.01661392446840182 0.03601107932627201
0 0.6855221691366751 0.2569252005778253 0.015031645947601646 0.03462603781372309
