0 0.19945105107035488 0.48145160550484434 0.05489478469826281 0.101612901664339
0 0.29277218505740166 0.4709677346982062 0.04757548007182777 0.09999999846331775
0 0.31564501201501116 0.22177419014042243 0.025617566192522645 0.049999999231658876
0 0.3408051216683816 0.17258064250927418 0.024702653114218265 0.05161290243268013
0 0.42680695102899335 0.14838709449395537 0.017383348487783223 0.03225806402042508
0 0.4350411687337328 0.17096773930825293 0.021043000801000744 0.03548387042246759
0 0.4807868226489518 0.18709677131846547 0.024702653114218265 0.0387096768245101
0 0.4757548007182777 0.1548387072980404 0.020128087722696364 0.0387096768245101
0 0.4990850842150394 0.14516128809191287 0.021043000801000744 0.045161289628595114
0 0.5251601069467142 0.15564515889855102 0.018298261566087604 0.04032258002553135
0 0.5475754773651715 0.15403225569752976 0.015553522331174463 0.03709677362348884
0 0.5750228697143029 0.14999999769497663 0.021043000801000744 0.0387096768245101
0 0.7433668761223089 0.11693548207404092 0.021043000801000744 0.04032258002553135
