0 0.027647057722788304 0.8399999665562063 0.024705881369300187 0.05176470382139087
0 0.05058823327999562 0.7588234991999343 0.021176469745114446 0.05411764490418136
0 0.10352940764278173 0.9035293757915497 0.03058823407627642 0.056470585986971855
0 0.12117646576371044 0.8164705557283014 0.025882351910695434 0.06117646815255284
0 0.1599999936297536 0.7341176178306341 0.025882351910695434 0.04235293949022889
0 0.20470587420277297 0.7270587945822626 0.021176469745114446 0.04705882165580988
0 0.20470587420277297 0.8023529092315584 0.021176469745114446 0.04705882165580988
0 0.3252941046957858 0.8129411441041157 0.024705881369300187 0.05882352706976235
0 0.34470586862880737 0.7458823232445866 0.02352941082790494 0.04235293949022889
0 0.4688235107460059 0.8776470238808542 0.0199999992037192 0.04235293949022889
0 0.5523529191850685 0.9517646679887548 0.024705881369300187 0.05882352706976235
0 0.5729411536594853 0.3258823399664834 0.01882352866232395 0.05882352706976235
0 0.649999974120874 0.295294105890207 0.0199999992037192 0.04941176273860037
0 0.6323529159999453 0.5729411536594853 0.022352940286509693 0.06352940923534334
0 0.6923529136111028 0.7047058542957529 0.029411763534881175 0.06823529140092432
0 0.7464705585152842 0.6188235047738999 0.024705881369300187 0.06117646815255284
0 0.817058790998999 0.6941176194231957 0.02705882245209068 0.05176470382139087
0 0.8799999649636447 0.9458823152817786 0.0399999984074384 0.09882352547720075
0 0.962352902861312 0.8917646703775972 0.032941175159066916 0.06588235031813383
0 0.7699999693431892 0.36235292674973607 0.0199999992037192 0.06117646815255284
0 0.7517646759515628 0.3376470453804359 0.01882352866232395 0.044705880573019385
