0 0.10765305656241253 0.6033690848853439 0.08061224140692502 0.14701378718018532
0 0.06428571150172502 0.43185299984179437 0.04489795723930001 0.0673813191242516
0 0.12244897428900003 0.39969373389612883 0.028571427334100008 0.05206738295964897
0 0.14744897320633754 0.43185299984179437 0.03571428416762501 0.05819295742549002
0 0.17857142083812505 0.499234318966046 0.06122448714450002 0.11332312761805952
0 0.17295917618321255 0.3935681594302878 0.025510202976875007 0.05206738295964897
0 0.18673468579072505 0.40199082432081923 0.024489794857800007 0.04134762764442712
0 0.21224488876760006 0.40275652112904936 0.028571427334100008 0.04900459572672844
0 0.2602040703641251 0.4226646381430328 0.03877550852485001 0.06125574465841055
0 0.3010203951271251 0.47473202110268176 0.053061222191900015 0.07963246805593371
0 0.3183673331514001 0.5160796487471089 0.057142854668200016 0.09188361698761582
0 0.3352040671161376 0.6339969572145492 0.10306122002657503 0.168453297810629
0 0.47755099972710013 0.5467075210763142 0.06326530338265002 0.1225114893168211
0 0.4352040627854876 0.4808575955685228 0.04387754912022501 0.07963246805593371
0 0.4362244709045626 0.4425727551570162 0.03571428416762501 0.055130170192569494
0 0.4382652871427126 0.3820827073068358 0.025510202976875007 0.04134762764442712
0 0.4030612070346251 0.3935681594302878 0.024489794857800007 0.042879021260887384
0 0.3540816173190251 0.3912710690055974 0.024489794857800007 0.03828484041150659
0 0.3346938630566001 0.3698315583751537 0.022448978619650006 0.035222053178586066
0 0.3188775372109376 0.4012251275125891 0.03163265169132501 0.04900459572672844
0 0.2954081504722126 0.39509955304674804 0.023469386738725007 0.03675344679504633
0 0.2826530489837751 0.36447168071754277 0.018367346143350005 0.0336906595621258
0 0.5020407945849001 0.43644718069117516 0.024489794857800007 0.03675344679504633
0 0.5260203853831626 0.4425727551570162 0.03979591664392501 0.0673813191242516
0 0.48571426467970014 0.3407350796624087 0.026530611095950007 0.047473202110268176
0 0.5005101824062876 0.3866768881562166 0.025510202976875007 0.03828484041150659
0 0.5438775274669752 0.38284840411506593 0.020408162381500006 0.03675344679504633
0 0.5586734451935627 0.39509955304674804 0.027551019215025008 0.03981623402796686
0 0.5903060968848877 0.38514549453975633 0.023469386738725007 0.04134762764442712
0 0.5897958928253502 0.4372128774994053 0.028571427334100008 0.05359877657610923
0 0.5765305872773752 0.49387444130843505 0.04489795723930001 0.09341501060407609
0 0.6454081353149377 0.4226646381430328 0.04183673288207501 0.08269525528885424
0 0.6224489526357502 0.4065850051702 0.022448978619650006 0.03828484041150659
0 0.6841836438397877 0.43874427111586556 0.03163265169132501 0.06278713827487081
0 0.6862244600779377 0.3935681594302878 0.023469386738725007 0.04594180849380791
0 0.7061224183999002 0.418070457293652 0.022448978619650006 0.03981623402796686
0 0.7438775188056752 0.4081163987866603 0.020408162381500006 0.04134762764442712
0 0.7688775177230127 0.4563552977051586 0.02959183545317501 0.0673813191242516
0 0.7811224151519127 0.4065850051702 0.021428570500575006 0.03828484041150659
0 0.8117346587241627 0.43108730303356424 0.03163265169132501 0.05666156380902976
0 0.8790815945831127 0.4234303349512629 0.052040814072825015 0.09341501060407609
