0 0.8298611312056892 0.7657407271908596 0.076388890738599 0.11296296096406877
0 0.9416666894685477 0.7333333203569055 0.06388889043591917 0.08518518367782235
0 0.9798611348378472 0.6824073953321204 0.03750000090803951 0.06111111002974212
0 0.9861111349891871 0.6296296184882522 0.027777778450399637 0.05555555457249284
0 0.8111111307516694 0.5962962857447565 0.027777778450399637 0.04074074001982808
0 0.8319444645894691 0.5805555452825502 0.025000000605359674 0.046296295477077365
0 0.7506944626220502 0.6129629521165043 0.03750000090803951 0.05185185093432665
0 0.7201389063266106 0.5907407302875072 0.026388889527879655 0.04074074001982808
0 0.7458333513932303 0.5749999898253009 0.02222222276031971 0.0351851845625788
0 0.6979166835662909 0.6388888775836676 0.03750000090803951 0.05925925821065903
0 0.6479166823555715 0.6185185075737536 0.03750000090803951 0.04814814729616046
0 0.6506944602006115 0.5592592493630946 0.020833333837799728 0.0333333327434957
0 0.613194459292572 0.6287036925787106 0.034722223062999547 0.05370370275340974
0 0.5937500143772922 0.666666654869914 0.040277778753079474 0.06296296184882522
0 0.5437500131665729 0.7249999871710315 0.056944445823319256 0.07592592458240688
0 0.49305556749459356 0.6601851735031232 0.04722222336567938 0.06481481366790831
0 0.3534722307813354 0.6814814694225788 0.05972222366835922 0.07407407276332378
0 0.34027778601739556 0.6166666557546705 0.03888888983055949 0.05555555457249284
0 0.37847223138669506 0.587037026649341 0.026388889527879655 0.05185185093432665
0 0.42638889921363443 0.6092592484783381 0.03611111198551953 0.04444444365799427
0 0.46944445581175387 0.5759259157348424 0.027777778450399637 0.04074074001982808
0 0.5243055682512932 0.5833333230111748 0.03194444521795958 0.04074074001982808
0 0.5159722347161733 0.558333323453553 0.02361111168283969 0.03888888820074499
0 0.4840277894982137 0.5472222125390545 0.018055555992759764 0.02777777728624642
0 0.459722233354114 0.5509259161772206 0.025000000605359674 0.0351851845625788
0 0.4361111216712743 0.5620370270917192 0.019444444915279746 0.02037037000991404
0 0.3972222318407148 0.5620370270917192 0.019444444915279746 0.02407407364808023
0 0.35625000862637535 0.5592592493630946 0.02361111168283969 0.0333333327434957
0 0.29583334049675614 0.5629629530012608 0.025000000605359674 0.04074074001982808
0 0.2666666731238365 0.6101851743878797 0.03611111198551953 0.049999999115243554
0 0.26458333974005654 0.5722222120966762 0.02361111168283969 0.0333333327434957
0 0.20972222730051726 0.6435185071313754 0.05000000121071935 0.06111111002974212
0 0.20833333837799728 0.576851841644384 0.027777778450399637 0.03888888820074499
0 0.152083337015938 0.5916666561970487 0.03194444521795958 0.03888888820074499
0 0.11250000272411853 0.6398148034932092 0.04722222336567938 0.05370370275340974
0 0.11180555826285854 0.5833333230111748 0.03194444521795958 0.04074074001982808
0 0.04513888998189941 0.6055555448401719 0.040277778753079474 0.04444444365799427
