0 0.24070631706854329 0.25441412517102435 0.020446096430532634 0.0497592295287177
0 0.26301114953821525 0.21027287316974252 0.018587360391393304 0.041733547346666455
0 0.28578066601767205 0.20866773673333228 0.01951672841096297 0.04494382021948695
0 0.3238847548200283 0.21749598713358864 0.01951672841096297 0.04012841091025621
0 0.3517657954071183 0.21027287316974252 0.02323420048924163 0.04494382021948695
0 0.35966542357346043 0.18539325840538368 0.022304832469671965 0.04012841091025621
0 0.405204456532374 0.1661316211684607 0.026022304547950625 0.05296950240153819
0 0.38150557203334756 0.2030497592058964 0.02323420048924163 0.04012841091025621
0 0.3745353118865751 0.26805778488051146 0.03345724870450795 0.06741573032923043
0 0.44377322934451513 0.20706260029692203 0.02695167256752029 0.051364365965127945
0 0.5534386556537356 0.20064205455128103 0.02509293652838096 0.05457463883794844
0 0.6054832647496369 0.252006420516409 0.02695167256752029 0.05457463883794844
0 0.6291821492486633 0.24157303367974237 0.018587360391393304 0.0497592295287177
