0 0.40118578681722283 0.24561404017731547 0.021739131305366755 0.04210526403039694
0 0.39031622116453946 0.24122807517414913 0.015810277312994003 0.03333333402406424
0 0.3764822285156697 0.20263158314628527 0.023715415969491005 0.047368422034196556
0 0.4174901352962479 0.20000000414438546 0.01679841964505613 0.03508772002533078
0 0.43132412794511765 0.20350877614691854 0.01679841964505613 0.04210526403039694
0 0.45009883225429803 0.2500000051804818 0.02470355830155313 0.05438596603926271
0 0.4713438923936337 0.21140351315261796 0.019762846641242504 0.0403508780291304
0 0.43280634144321084 0.1701754421228543 0.013833992648869753 0.028070176020264626
0 0.4125494236359373 0.1640350911184214 0.012845850316807628 0.03684210602659732
0 0.4624506114050746 0.16666667012032121 0.015810277312994003 0.031578948022797704
0 0.4980237353593111 0.20000000414438546 0.021739131305366755 0.03859649202786386
0 0.5163043685024604 0.22280702216085047 0.02075098897330463 0.04210526403039694
0 0.5326087169814855 0.1991228111437522 0.019762846641242504 0.050877194036729634
0 0.5543478482868522 0.16754386312095448 0.017786561977118254 0.03684210602659732
0 0.537055357475765 0.15701754711335525 0.014822134980931878 0.0403508780291304
0 0.529150218819268 0.14561403810512275 0.012845850316807628 0.028070176020264626
0 0.4955533795291558 0.12192982708802447 0.012845850316807628 0.022807018016465008
0 0.4861660273745656 0.1552631611120887 0.015810277312994003 0.03684210602659732
0 0.46541503840126097 0.1438596521038562 0.013833992648869753 0.028070176020264626
0 0.4916008102009073 0.14210526610258967 0.01679841964505613 0.024561404017731547
0 0.5597826311131939 0.1298245640937239 0.008893280988559127 0.024561404017731547
0 0.5755929084261879 0.14210526610258967 0.01679841964505613 0.03508772002533078
0 0.6017786802258343 0.16491228411905468 0.017786561977118254 0.031578948022797704
0 0.6002964667277411 0.13596491509815678 0.012845850316807628 0.026315790018998086
0 0.59980239556171 0.11491228308295831 0.013833992648869753 0.026315790018998086
0 0.6230237403651699 0.10175438807345927 0.012845850316807628 0.02105263201519847
0 0.6225296691991389 0.12719298509182408 0.011857707984745502 0.022807018016465008
0 0.6487154409987852 0.14824561710702255 0.01679841964505613 0.03333333402406424
0 0.6556324373232201 0.1122807040810585 0.01679841964505613 0.031578948022797704
0 0.6907114901114255 0.12280702008865774 0.015810277312994003 0.031578948022797704
0 0.7040514115942642 0.11578947608359158 0.014822134980931878 0.031578948022797704
0 0.6254940961953253 0.21403509215451777 0.017786561977118254 0.03859649202786386
0 0.6067193918861449 0.257017549185548 0.029644269961863756 0.05789473804179579
0 0.5612648446112871 0.2710526371956803 0.025691700633615255 0.047368422034196556
0 0.6329051636857912 0.2964912342140451 0.03656126628629863 0.05263158003799617
0 0.6823122802888975 0.3570175512577407 0.03458498162217438 0.06842105404939502
0 0.7583992398576811 0.3456140422495082 0.050395258935168386 0.10526316007599235
0 0.7425889625446871 0.270175444195047 0.03063241229392588 0.06666666804812849
0 0.7564229551935568 0.24298246117541566 0.02470355830155313 0.050877194036729634
0 0.7564229551935568 0.19649123214185238 0.02075098897330463 0.03859649202786386
0 0.7445652472088113 0.16491228411905468 0.01679841964505613 0.03859649202786386
0 0.725790542899631 0.15350877511082217 0.01679841964505613 0.03333333402406424
0 0.7173913330771029 0.16052631911588833 0.015810277312994003 0.03684210602659732
0 0.7159091195790097 0.1991228111437522 0.01679841964505613 0.03684210602659732
0 0.67885378212668 0.18771930213551968 0.019762846641242504 0.04210526403039694
0 0.7583992398576811 0.13947368710068986 0.012845850316807628 0.029824562021531165
0 0.7821146558271721 0.13333333609625697 0.012845850316807628 0.03508772002533078
0 0.7924901503138244 0.15789474011398852 0.013833992648869753 0.03859649202786386
0 0.8028656448004767 0.17807017912855372 0.01877470430918038 0.0403508780291304
0 0.7949605061439797 0.2105263201519847 0.01679841964505613 0.03859649202786386
0 0.820652206777595 0.27456140919821337 0.02272727363742888 0.050877194036729634
0 0.8428854092489928 0.22280702216085047 0.015810277312994003 0.03859649202786386
0 0.8270751319359988 0.18333333713235334 0.015810277312994003 0.04385965003166348
0 0.8404150534188375 0.1614035121165216 0.01877470430918038 0.03859649202786386
0 0.8572134730638936 0.1842105301329866 0.014822134980931878 0.03508772002533078
0 0.8784585332032293 0.17631579312728718 0.015810277312994003 0.03333333402406424
0 0.8720356080448255 0.2614035141887143 0.02075098897330463 0.05263158003799617
0 0.8591897577280179 0.31842105922987685 0.02470355830155313 0.06140351004432887
0 0.9253952939761803 0.3201754452311434 0.02667984296567738 0.05438596603926271
0 0.8863636718597263 0.24385965417604893 0.017786561977118254 0.045614036032930017
0 0.9051383761689067 0.22017544315895066 0.015810277312994003 0.0403508780291304
0 0.8967391663463786 0.19385965313995257 0.012845850316807628 0.029824562021531165
0 0.9372530019609258 0.16929824912222102 0.01679841964505613 0.03684210602659732
0 0.9407115001231432 0.19824561814311892 0.013833992648869753 0.03508772002533078
0 0.9456522117834538 0.22017544315895066 0.019762846641242504 0.03333333402406424
0 0.9303360056364909 0.24649123317794874 0.014822134980931878 0.0403508780291304
