0 0.06749999849125743 0.41000000992789865 0.0549999987706542 0.08666666876524687
0 0.1699999962002039 0.4916666785720736 0.10499999765306711 0.15666667046025395
0 0.17374999611638486 0.40333334309980273 0.042499999050050974 0.07333333510905504
0 0.2037499954458326 0.3966666762717068 0.03749999916180968 0.07333333510905504
0 0.23874999466352165 0.4300000104121864 0.06249999860301614 0.1066666692495346
0 0.2637499941047281 0.38666667602956295 0.06249999860301614 0.09333333559334278
0 0.4174999906681478 0.4966666786931455 0.1149999974295497 0.18666667118668556
0 0.49749998888000846 0.4133333433419466 0.06999999843537807 0.12666666973382235
0 0.4549999898299575 0.383333342615515 0.0549999987706542 0.1066666692495346
0 0.6462499855551869 0.6000000145286322 0.1374999969266355 0.2066666716709733
0 0.8237499815877527 0.4066666765138507 0.09249999793246388 0.14666667021811008
0 0.8787499803584069 0.458333344431594 0.11249999748542905 0.15666667046025395
