0 0.40182105876738206 0.28541374241467565 0.022961203358136117 0.05189340771175921
0 0.3467933472711593 0.21669004030991346 0.01583531266078353 0.02664796612225473
0 0.302850354637485 0.23001402337104082 0.016627078293822706 0.030855539720505476
0 0.4604117156122811 0.16199158353265375 0.013460015761666 0.02384291705675423
0 0.4853523330530152 0.19565217231865972 0.01583531266078353 0.032258064253255725
0 0.5669041932560503 0.16549789486452937 0.017418843926861882 0.03646563785150647
0 0.5538400603109039 0.12201963434927166 0.011876484495587647 0.02524544158950448
0 0.8685668994439766 0.13814866647589952 0.01108471886254847 0.02664796612225473
0 0.8946951653342694 0.1346423551440239 0.01108471886254847 0.030855539720505476
0 0.8032462347182445 0.39761570503469557 0.030878859688527882 0.0659186530392617
