0 0.33847851178143173 0.18750001082662493 0.017640573903918266 0.03769841487519443
0 0.39746418077265844 0.16269842209294438 0.016538038034923375 0.039682541973888874
0 0.5733186518773437 0.12797619786579162 0.0132304304279387 0.03769841487519443
0 0.3897464296896942 0.2182539808563888 0.025358324986882508 0.04761905036866665
0 0.4128996829385869 0.22619048925116658 0.018743109772913158 0.04365079617127776
0 0.4448732231394388 0.23412699764594436 0.023153253248892725 0.039682541973888874
0 0.5121279111481272 0.1954365192214027 0.016538038034923375 0.04960317746736109
0 0.5507166665629484 0.19246032857336104 0.016538038034923375 0.051587304566055536
0 0.6218302301131189 0.26587303122505546 0.028665932593867183 0.0634920671582222
0 0.7850055387243629 0.22321429860312492 0.01984564564190805 0.05357143166474998
0 0.8076075240387581 0.2718254125211388 0.023153253248892725 0.055555558763444424
0 0.921168718545232 0.26091271347831935 0.02094818151090294 0.045634923269972205
0 0.9404630962526426 0.20039683696813881 0.017640573903918266 0.03571428777649999
