0 0.3870334126986563 0.2681034472770989 0.019646366126835346 0.039655172266066074
0 0.34970531705766916 0.2405172404833138 0.02161100273951888 0.039655172266066074
0 0.44351671531330794 0.2241379301995039 0.01866404782049358 0.04482758603990078
0 0.3993123915279284 0.12931034434586763 0.01473477459512651 0.03448275849223137
0 0.4921414714772254 0.30862068850547075 0.027504912577569485 0.05862068943679333
0 0.5466601374791935 0.32413792982697487 0.028487230883911252 0.05862068943679333
0 0.5874263471923769 0.38448275718837976 0.02946954919025302 0.04827586188912392
0 0.6311395118245855 0.24224137840792537 0.022593321045860648 0.04310344811528921
0 0.658644424402155 0.2189655164256692 0.022593321045860648 0.04827586188912392
0 0.5609037529211491 0.12413793057203293 0.013752456288784742 0.02413793094456196
0 0.5722004134440795 0.12931034434586763 0.012770137982442975 0.027586206793785095
0 0.5987230077153072 0.11034482717514038 0.01080550136975944 0.027586206793785095
0 0.7833988493075594 0.283620688598603 0.028487230883911252 0.06724137905985117
0 0.848723016679287 0.3103448264300823 0.02946954919025302 0.0655172411352396
0 0.9101179108256474 0.1474137925542891 0.01473477459512651 0.025862068869173527
0 0.937131664250046 0.1525862063281238 0.013752456288784742 0.029310344718396664
