0 0.12429831549525261 0.5566572162788361 0.041700080037117004 0.07365438994020224
0 0.22052926942706108 0.35623228980693966 0.017642341554164886 0.03824362554587424
0 0.2614274248480797 0.3505665675038472 0.020850040018558502 0.04390934784896672
0 0.2862870879471302 0.31728044897317886 0.019246190786361694 0.03682719497010112
0 0.325581394135952 0.378186963731423 0.025661587715148926 0.05382436187937856
0 0.2902967110276222 0.3767705331556499 0.020850040018558502 0.0424929172731936
0 0.3500400949269533 0.33711047703400254 0.016840416938066483 0.03682719497010112
0 0.31836407259106636 0.3342776158824563 0.017642341554164886 0.03966005612164736
0 0.35445068031549454 0.29815863620024174 0.017642341554164886 0.03257790324278176
0 0.37730553187429905 0.336402261746116 0.016840416938066483 0.03257790324278176
0 0.4025661572813988 0.3024079279275611 0.01443464308977127 0.03257790324278176
0 0.3913392126560211 0.26983002468477935 0.01603849232196808 0.03257790324278176
0 0.4093825165182352 0.26628894824534655 0.015236567705869675 0.03682719497010112
0 0.4278267826884985 0.28045325400307775 0.015236567705869675 0.03116147266700864
0 0.43544506654143333 0.30878186551854014 0.017642341554164886 0.03966005612164736
0 0.47514033503830433 0.3434844146249816 0.021651964634656906 0.04390934784896672
0 0.4458700865507126 0.26062322594225407 0.012830793857574463 0.02549575036391616
0 0.4855653550475836 0.28541076101828367 0.01844426617026329 0.035410764394328
0 0.4655172396451235 0.2407931978814304 0.013632718473672867 0.02549575036391616
0 0.5180433019995689 0.28045325400307775 0.017642341554164886 0.03116147266700864
0 0.5104250181466341 0.2549575036391616 0.016840416938066483 0.0283286115154624
0 0.5396952666342258 0.2507082119118422 0.017642341554164886 0.03399433381855488
0 0.5497193243354559 0.2861189763061702 0.01844426617026329 0.03966005612164736
0 0.563753005117178 0.27337110112421215 0.01603849232196808 0.03399433381855488
0 0.5024057719856501 0.33852690760977566 0.021651964634656906 0.04815863957628608
0 0.5517241358757019 0.2315863991389051 0.012830793857574463 0.02407931978814304
0 0.5673616658896208 0.24716713547240943 0.016840416938066483 0.0212464586365968
0 0.5693664774298668 0.22379603097215295 0.012830793857574463 0.02266288921236992
0 0.5902165174484253 0.24999999662395567 0.01443464308977127 0.02974504209123552
0 0.6042501982301474 0.212464586365968 0.010425020009279251 0.02549575036391616
0 0.6206896528601646 0.21104815579019487 0.012830793857574463 0.0283286115154624
0 0.6519647128880024 0.21458923222962767 0.012830793857574463 0.02974504209123552
0 0.6639935821294785 0.23300282971467823 0.012830793857574463 0.02691218093968928
0 0.6748195644468069 0.230169968563132 0.012028869241476059 0.02691218093968928
0 0.6319165974855423 0.29957506677601486 0.017642341554164886 0.04390934784896672
0 0.6178829167038202 0.2691218093968928 0.013632718473672867 0.03116147266700864
0 0.5942261405289173 0.336402261746116 0.024057738482952118 0.04674220900051296
0 0.5777866858989 0.38810197776183486 0.03127506002783775 0.05099150072783232
0 0.5838011205196381 0.4348441867623478 0.03047313541173935 0.070821528788656
0 0.5304731335490942 0.41147308226209134 0.029671210795640945 0.0637393759097904
0 0.5264635104686022 0.3732294567162171 0.02646351233124733 0.05240793130360544
0 0.45910184271633625 0.431303110322915 0.028067361563444138 0.0637393759097904
0 0.39494787342846394 0.3626062273979187 0.01844426617026329 0.03966005612164736
0 0.6202886905521154 0.4950424862327054 0.03448275849223137 0.06940509821288288
0 0.6563752982765436 0.37393767200410366 0.028067361563444138 0.04815863957628608
0 0.6395348813384771 0.34419262991286814 0.0200481154024601 0.0424929172731936
0 0.6728147529065609 0.3215297407004982 0.02245388925075531 0.0424929172731936
0 0.6615878082811832 0.28753540688194335 0.019246190786361694 0.03966005612164736
0 0.7004811521619558 0.25212464248761535 0.015236567705869675 0.03682719497010112
0 0.6992782652378082 0.3024079279275611 0.01603849232196808 0.035410764394328
0 0.7221331167966127 0.26628894824534655 0.01844426617026329 0.0424929172731936
0 0.734562948346138 0.24716713547240943 0.01443464308977127 0.02407931978814304
0 0.7397754583507776 0.2988668514881283 0.01844426617026329 0.04532577842473984
0 0.7690457068383694 0.2762039622757584 0.017642341554164886 0.03399433381855488
0 0.7622293476015329 0.2422096284572035 0.015236567705869675 0.03116147266700864
0 0.8055332768708467 0.29815863620024174 0.015236567705869675 0.035410764394328
0 0.8027265407145023 0.2797450387151912 0.011226944625377655 0.02407931978814304
0 0.7967121060937643 0.2599150106543675 0.015236567705869675 0.02691218093968928
0 0.8299919776618481 0.2620396565180272 0.01443464308977127 0.03116147266700864
0 0.8424218092113733 0.2762039622757584 0.015236567705869675 0.03116147266700864
0 0.859663188457489 0.26062322594225407 0.011226944625377655 0.0283286115154624
0 0.8660785853862762 0.28895183745771646 0.01443464308977127 0.03116147266700864
0 0.8688853215426207 0.32790367829147726 0.016840416938066483 0.03824362554587424
0 0.8444266207516193 0.3151558031095192 0.01443464308977127 0.03257790324278176
0 0.8323977515101433 0.3236543865641579 0.01603849232196808 0.035410764394328
0 0.8448275830596685 0.3533994286553934 0.01844426617026329 0.04390934784896672
0 0.8123496361076832 0.35623228980693966 0.019246190786361694 0.04107648669742048
0 0.7914995960891247 0.36898016498889774 0.024057738482952118 0.05240793130360544
0 0.726543702185154 0.40934843639843166 0.024057738482952118 0.05099150072783232
0 0.6832397729158401 0.3640226579736918 0.02245388925075531 0.03966005612164736
0 0.6864474713802338 0.5389518340816721 0.033680833876132965 0.08640226512216032
0 0.7931034453213215 0.5063739308388904 0.03207698464393616 0.06657223706133664
0 0.768243782222271 0.4440509855048731 0.027265436947345734 0.0637393759097904
0 0.8348035253584385 0.4638810135656968 0.033680833876132965 0.06657223706133664
0 0.8400160353630781 0.40793200582265854 0.024859663099050522 0.05382436187937856
0 0.8720930200070143 0.4206798810046166 0.024859663099050522 0.05099150072783232
0 0.9065757784992456 0.47167138173244894 0.03127506002783775 0.06515580648556352
0 0.9113873261958361 0.35481585923116654 0.01844426617026329 0.04390934784896672
0 0.9246190823614597 0.33002832415513694 0.01443464308977127 0.03399433381855488
0 0.9206094592809677 0.3059490043669939 0.01443464308977127 0.03116147266700864
0 0.9202084969729185 0.271954670548439 0.015236567705869675 0.03116147266700864
