0 0.380751183925895 0.21663920435821638 0.015962441742885858 0.03459637484047562
0 0.45915494189830497 0.21993409720016643 0.01877934322692454 0.03459637484047562
0 0.5455399207421578 0.12685337441507727 0.015023474581539631 0.02635914273560047
0 0.5568075266783126 0.1400329457828775 0.015023474581539631 0.02635914273560047
0 0.4849765388353262 0.30971992714330554 0.02723004767904058 0.046128499787300825
0 0.546009404322831 0.32701811456354335 0.029107982001733035 0.05436573189217597
0 0.6079812369716819 0.27018121303990483 0.02723004767904058 0.05271828547120094
0 0.5943662131321616 0.38962107856059447 0.03755868645384908 0.06095551757607609
0 0.8018779557896778 0.27018121303990483 0.026291080517694354 0.056013178313151
0 0.8619718541158363 0.3023064182489179 0.026291080517694354 0.05436573189217597
0 0.9122065972478595 0.14744645467726514 0.01784037606557831 0.03130148199852556
0 0.9394366449269 0.15733113320311531 0.01220657309750095 0.03789126768242568
