0 0.08111111307516694 0.3975000096252188 0.12000000290572643 0.1616666705813259
0 0.09777778014540672 0.31666667433455586 0.06666666828095913 0.08000000193715096
0 0.02000000048428774 0.30250000732485205 0.03777777869254351 0.08833333547227085
0 0.025555556174367666 0.25666667288169265 0.03777777869254351 0.060000001452863216
0 0.04666666779667139 0.2366666723974049 0.028888889588415623 0.05000000121071935
0 0.06666666828095913 0.2458333392860368 0.028888889588415623 0.05833333474583924
0 0.06944444612599909 0.21583333855960518 0.027777778450399637 0.0383333342615515
0 0.10333333583548665 0.2750000066589564 0.035555556416511536 0.060000001452863216
0 0.14222222566604614 0.2741666733054444 0.033333334140479565 0.05500000133179128
0 0.13166666985489428 0.2458333392860368 0.023333333898335695 0.03500000084750354
0 0.15444444818422198 0.23916667245794088 0.031111111864447594 0.04833333450369537
0 0.17777778208255768 0.2441666725790128 0.02222222276031971 0.041666667675599456
0 0.19722222699783742 0.24833333934657276 0.027777778450399637 0.04000000096857548
0 0.230555561138317 0.26416667306330055 0.030000000726431608 0.041666667675599456
0 0.228888894431293 0.37000000895932317 0.0688888905569911 0.11666666949167848
0 0.31944445217959583 0.3508333418285474 0.05888889031484723 0.10500000254251063
0 0.26333333970978856 0.29416667378973216 0.028888889588415623 0.051666667917743325
0 0.28555556247010827 0.2775000067194924 0.02222222276031971 0.03500000084750354
0 0.25722222845070064 0.2450000059325248 0.021111111622303724 0.03666666755452752
0 0.27166667324490845 0.24166667251847684 0.014444444794207811 0.030000000726431608
0 0.28666667360812426 0.2441666725790128 0.013333333656191826 0.025000000605359674
0 0.29388889600522816 0.2608333396492526 0.014444444794207811 0.02833333401940763
0 0.307777785230428 0.27833334007300436 0.02000000048428774 0.033333334140479565
0 0.3361111192498356 0.2600000062957406 0.016666667070239782 0.02666666731238365
0 0.3216666744556278 0.25000000605359674 0.018888889346271753 0.033333334140479565
0 0.34111111937090755 0.31083334085997194 0.031111111864447594 0.04500000108964741
0 0.35722223087213933 0.28833334031514823 0.021111111622303724 0.043333334382623434
0 0.37166667566634715 0.25583333952818066 0.014444444794207811 0.025000000605359674
0 0.384444453753531 0.26333333970978856 0.015555555932223797 0.033333334140479565
0 0.3988888985477388 0.27166667324490845 0.017777778208255768 0.030000000726431608
0 0.38555556489154696 0.2991666739108041 0.02222222276031971 0.0383333342615515
0 0.4133333433419466 0.2966666738502681 0.02666666731238365 0.05666666803881526
0 0.42444445472210646 0.3283333412837237 0.017777778208255768 0.033333334140479565
0 0.4288888992741704 0.2741666733054444 0.013333333656191826 0.02833333401940763
0 0.44111112179234624 0.2741666733054444 0.011111111380159855 0.025000000605359674
0 0.45666667772457004 0.2833333401940763 0.02000000048428774 0.03666666755452752
0 0.4677777891047299 0.2816666734870523 0.015555555932223797 0.033333334140479565
0 0.5011111232452095 0.3208333411021158 0.031111111864447594 0.05500000133179128
0 0.5422222353518009 0.32500000786967576 0.028888889588415623 0.04666666779667139
0 0.5244444571435452 0.29500000714324415 0.02222222276031971 0.043333334382623434
0 0.539444457506761 0.28000000678002834 0.016666667070239782 0.023333333898335695
0 0.5061111233662814 0.2841666735475883 0.014444444794207811 0.031666667433455586
0 0.49333334527909756 0.2825000068405643 0.013333333656191826 0.025000000605359674
0 0.4805555671919137 0.2691666731843725 0.007777777966111898 0.021666667191311717
0 0.6694444606546313 0.2366666723974049 0.021111111622303724 0.04000000096857548
