0 0.11027397552970797 0.5868373112753034 0.11917808535508811 0.15722121112048626
0 0.15068493550643325 0.5365630867891014 0.0684931525029242 0.11517367791384459
0 0.19520548463333398 0.49634370720013976 0.05616438505239785 0.100548448972404
0 0.22671233478467911 0.4716636333614588 0.03698630235157907 0.07312614470720291
0 0.2458904174854979 0.4424131754785776 0.031506850151345134 0.054844608530402184
0 0.3143835699884221 0.4323583305813372 0.028767124051228166 0.042047533206641674
0 0.39041096926666796 0.34003657288849354 0.038356165401637554 0.05850091576576233
0 0.45342466956935823 0.526508241891861 0.05479452200233936 0.09140768088400364
0 0.475342478370294 0.46069471165537834 0.03013698710128665 0.05118830129504204
0 0.452739738044329 0.4469835595227778 0.028767124051228166 0.05301645491272211
0 0.46164384786970913 0.41590494802221656 0.021917808800935745 0.031078611500561237
0 0.5047945339465514 0.4396709450520575 0.02054794575087726 0.03473491873592138
0 0.5109589176718146 0.4917733231559396 0.038356165401637554 0.07312614470720291
0 0.5315068634226918 0.45338209718465805 0.03013698710128665 0.04753199405968189
0 0.5554794667987153 0.4223034856840968 0.02054794575087726 0.0402193795889616
0 0.5595890559488907 0.4616087884642184 0.031506850151345134 0.056672762148082256
0 0.5883561800001189 0.5109689361415803 0.04794520675204694 0.08592322003096342
0 0.5746575494995341 0.4414990986697376 0.026027397951111197 0.042047533206641674
0 0.6041096050757915 0.45063986675813794 0.021917808800935745 0.042047533206641674
0 0.6041096050757915 0.4296161001548171 0.024657534901052713 0.036563072353601456
0 0.6363013867521659 0.426873869728297 0.02054794575087726 0.03473491873592138
0 0.6582191955531016 0.45612432761117816 0.028767124051228166 0.056672762148082256
0 0.6321917976019904 0.4753199405968189 0.0342465762514621 0.062157223001122475
0 0.6513698803028092 0.4241316393017769 0.017808219650760293 0.029250457882881165
0 0.7089041284052655 0.5904936185106635 0.06712328945286572 0.10603290982544422
0 0.7294520741561428 0.4972577840089798 0.05068493285216391 0.09140768088400364
0 0.7458904307568446 0.46617917250841856 0.03698630235157907 0.06581353023648262
0 0.7178082382306457 0.4250457161106169 0.021917808800935745 0.042047533206641674
0 0.775342486333102 0.426873869728297 0.021917808800935745 0.04570384044200182
0 0.8260274191852659 0.43875686824321747 0.02739726100116968 0.04753199405968189
0 0.8369863235857338 0.4323583305813372 0.024657534901052713 0.03839122597128153
0 0.860273995436728 0.4213894088752568 0.021917808800935745 0.03839122597128153
0 0.8472602964611724 0.4826325550675392 0.03698630235157907 0.06581353023648262
0 0.8684931737370789 0.5173674738034606 0.04383561760187149 0.062157223001122475
0 0.8739726259373128 0.5968921561725438 0.07123287860304117 0.12248629238456488
0 0.9561644089408219 0.49634370720013976 0.04657534370198846 0.08226691279560328
0 0.9205479696393013 0.451553943566978 0.02739726100116968 0.04387568682432175
0 0.8972602977883071 0.4469835595227778 0.024657534901052713 0.03839122597128153
0 0.9527397513156757 0.4414990986697376 0.02328767185099423 0.042047533206641674
0 0.9842466014670208 0.451553943566978 0.028767124051228166 0.054844608530402184
