0 0.7821428870083764 0.2817531253094785 0.05238095438107848 0.10196779773104936
0 0.8547619374003261 0.2915921233361587 0.05000000190921128 0.07871198421344161
0 0.9136905110790394 0.29069766897009686 0.041666668257676065 0.08407871040981263
0 0.6505952629377134 0.27549194474704564 0.029761905898340046 0.05366726196371019
0 0.6797619307180867 0.279069762211293 0.028571429662406445 0.057245079427957535
0 0.7315476469811983 0.2674418554524891 0.027380953426472843 0.051878353231586516
0 0.75357145734597 0.2728085816488601 0.02619047719053924 0.051878353231586516
0 0.6089285946800373 0.27817530784523115 0.029761905898340046 0.05903398816008121
0 0.5547619259450585 0.2817531253094785 0.04047619202174246 0.05903398816008121
0 0.5398809729958884 0.24955276813125238 0.017857143539004028 0.03041144844610244
0 0.5166666863951832 0.2629695836221799 0.02619047719053924 0.05008944449946284
0 0.4541666840086691 0.279069762211293 0.05119047814514488 0.10733452392742038
0 0.41845239693066105 0.2549194943276234 0.015476191067136824 0.033989265910349786
0 0.3869047766784206 0.24329158756881952 0.016666667303070426 0.04293380957096815
0 0.3351190604153089 0.2629695836221799 0.0630952405044809 0.13595706364139915
0 0.29642858274746686 0.25670840305974707 0.047619049437344074 0.09481216280255467
0 0.2714285817928612 0.23971377010457218 0.02619047719053924 0.04293380957096815
0 0.24285715213045478 0.24150267883669585 0.03333333460614085 0.06440071435645223
0 0.21845238929381594 0.23434704390820116 0.03690476331394166 0.06797853182069957
0 0.15833333937916905 0.26118067489005625 0.10238095629028976 0.18246869067661464
0 0.10357143252622336 0.22898031771183014 0.054761906852945685 0.08228980167768896
0 0.060714288032613695 0.22271913714939728 0.05000000190921128 0.05903398816008121
