0 0.42648539738729596 0.22743362747132778 0.023162134923040867 0.044247787445783615
0 0.46122859977185726 0.24336283095180988 0.02215508557856083 0.040707964450120926
0 0.5498489420861006 0.1247787605971098 0.020140986889600754 0.040707964450120926
0 0.5755287003703415 0.1274336278438568 0.01711983885616064 0.04601769894361496
0 0.6102719027549028 0.16725663654506207 0.02215508557856083 0.05486725643277168
0 0.613796575460583 0.19999999925494194 0.01711983885616064 0.03893805295228958
0 0.6198388715274632 0.2902654856443405 0.04733131919056177 0.08849557489156723
0 0.668680764734745 0.21061946824193 0.02215508557856083 0.04601769894361496
0 0.7145015099085867 0.2752212379127741 0.02114803623408079 0.047787610441446304
0 0.7960725068114698 0.2867256626486778 0.033232628367841244 0.07433628290891647
0 0.8237663637846708 0.25398229993879795 0.032225579023361206 0.05486725643277168
0 0.8041289015673101 0.2336283177137375 0.023162134923040867 0.05309734493494034
0 0.8529707947745919 0.1761061940342188 0.01812688820064068 0.044247787445783615
0 0.8640483375638723 0.26991150341928005 0.02215508557856083 0.047787610441446304
0 0.9556898279115558 0.2584070786833763 0.02618328295648098 0.07079645991325378
