0 0.09200000436976552 0.5375375505536795 0.08400000398978591 0.1321321353316307
0 0.18600000883452594 0.53603604901582 0.04400000208988786 0.08708708919584751
0 0.27200001291930676 0.5420420551672578 0.11600000550970435 0.17117117531597614
0 0.42200002004392445 0.525525538250804 0.04000000189989805 0.06606606766581535
0 0.39700001885648817 0.5090090213343501 0.026000001234933734 0.051051052287220955
0 0.4500000213738531 0.5300300428643823 0.03200000151991844 0.045045046135783195
0 0.5900000280234963 0.5330330459401011 0.12000000569969416 0.17117117531597614
0 0.678000032203272 0.53603604901582 0.05600000265985727 0.08708708919584751
0 0.749000035575591 0.5195195320993662 0.03800000180490315 0.060060061514377594
0 0.8240000391378999 0.5240240367129445 0.05200000246986747 0.08108108304440975
0 0.9100000432226807 0.5615615751594305 0.10000000474974513 0.18618619069457054
