0 0.1999022481031716 0.3699472794542089 0.04789833817631006 0.09314587083645165
0 0.2873900290578604 0.22319859615527093 0.013685239478945732 0.03514938522130251
0 0.3211143692024052 0.24165202339645475 0.016617790795862675 0.040421793004497886
0 0.33040078170597553 0.18101933388970792 0.013685239478945732 0.03163444669917226
0 0.32991202315315604 0.22319859615527093 0.014662756584584713 0.028119508177042007
0 0.3514173994772136 0.188927945564501 0.016617790795862675 0.033391915960237384
0 0.37096774158999324 0.19947276113089174 0.016617790795862675 0.040421793004497886
0 0.38465298106893897 0.2478031658101827 0.018572825007140636 0.03866432374343276
0 0.37536656856536865 0.23637961561325938 0.015640273690223694 0.029876977438107133
0 0.4022482889704406 0.19420035334769636 0.018572825007140636 0.040421793004497886
0 0.4247311824001372 0.22759226930793375 0.018572825007140636 0.04745167004875839
0 0.4452590416185558 0.21792618837207556 0.018572825007140636 0.03866432374343276
0 0.4457478001713753 0.19244288408663124 0.015640273690223694 0.029876977438107133
0 0.4398826975375414 0.16783831443171948 0.015640273690223694 0.029876977438107133
0 0.41739980410784483 0.17047451832331717 0.015640273690223694 0.03163444669917226
0 0.4242424238473177 0.1441124794073403 0.01173020526766777 0.03163444669917226
0 0.459433039650321 0.14499121403787285 0.013685239478945732 0.033391915960237384
0 0.47165200347080827 0.14235501014627516 0.012707722373306751 0.028119508177042007
0 0.47702834755182266 0.18101933388970792 0.019550342112779617 0.03866432374343276
0 0.5053763436153531 0.21528998448047787 0.019550342112779617 0.040421793004497886
0 0.4995112409815192 0.1906854148255661 0.013685239478945732 0.026362038915976882
0 0.49706744821742177 0.15992970275692642 0.014662756584584713 0.03163444669917226
0 0.48826979426667094 0.14235501014627516 0.012707722373306751 0.024604569654911757
0 0.5029325508512557 0.1203866443829611 0.012707722373306751 0.029876977438107133
0 0.5205278587527573 0.13532513310201466 0.014662756584584713 0.03163444669917226
0 0.5366568909958005 0.16608084517065436 0.013685239478945732 0.033391915960237384
0 0.5547409574501216 0.18717047630343586 0.016617790795862675 0.040421793004497886
0 0.5562072331085801 0.15729349886532873 0.015640273690223694 0.029876977438107133
0 0.5478983377106488 0.14235501014627516 0.01075268816202879 0.021089631132781506
0 0.5430107521824539 0.12126537901349366 0.014662756584584713 0.028119508177042007
0 0.5718475067988038 0.12126537901349366 0.013685239478945732 0.028119508177042007
0 0.586021504830569 0.17486819147597998 0.018572825007140636 0.036906854482367635
0 0.5801564021967351 0.11511423659976572 0.01075268816202879 0.02284710039384663
0 0.5987292272038758 0.13005272531881928 0.014662756584584713 0.03163444669917226
0 0.610948191024363 0.11159929807763547 0.01173020526766777 0.026362038915976882
0 0.6221896377392113 0.15992970275692642 0.016617790795862675 0.03163444669917226
0 0.6329423259012401 0.1274165214272216 0.014662756584584713 0.033391915960237384
0 0.6583577706478536 0.1344463984714821 0.020527859218418598 0.036906854482367635
0 0.6603128048591316 0.10281195177230984 0.014662756584584713 0.026362038915976882
0 0.6935483864508569 0.1203866443829611 0.012707722373306751 0.026362038915976882
0 0.6920821107923985 0.10017574788071215 0.01173020526766777 0.021089631132781506
0 0.712609970010817 0.10808435955550522 0.013685239478945732 0.029876977438107133
0 0.5679374383762479 0.24253075802698731 0.025415444746613503 0.056239016354084015
0 0.538123166654259 0.29613357048947364 0.028347996063530445 0.05448154709301889
0 0.49364613834768534 0.2847100202925503 0.029325513169169426 0.04920913930982351
0 0.6055718469433486 0.3163444669917226 0.030303030274808407 0.06326889339834452
0 0.6153470179997385 0.2548330428544432 0.02248289342969656 0.052724077831953764
0 0.6300097745843232 0.22671353467740119 0.02248289342969656 0.04920913930982351
0 0.6710654930211604 0.18804921093396842 0.020527859218418598 0.04569420078769326
0 0.6749755614437163 0.2521968389628455 0.026392961852252483 0.05799648561514914
0 0.6999022476375103 0.31458699773065746 0.027370478957891464 0.052724077831953764
0 0.7277614851482213 0.3093145899474621 0.02248289342969656 0.056239016354084015
0 0.7214076239615679 0.21880492300260812 0.019550342112779617 0.04393673152662814
0 0.7130987285636365 0.18101933388970792 0.018572825007140636 0.03514938522130251
0 0.6994134890846908 0.16168717201799154 0.012707722373306751 0.03163444669917226
0 0.7209188654087484 0.15026362182106823 0.016617790795862675 0.036906854482367635
0 0.7463343101553619 0.13971880625467747 0.014662756584584713 0.033391915960237384
0 0.741446724627167 0.16344464127905667 0.014662756584584713 0.03514938522130251
0 0.7438905173912644 0.19420035334769636 0.017595307901501656 0.04393673152662814
0 0.7614858252927661 0.16168717201799154 0.013685239478945732 0.03514938522130251
0 0.7776148575358093 0.13268892921041697 0.014662756584584713 0.036906854482367635
0 0.7917888555675745 0.16168717201799154 0.017595307901501656 0.03514938522130251
0 0.789345062803477 0.22583480004686862 0.020527859218418598 0.04393673152662814
0 0.7678396864794195 0.2407732887659222 0.02248289342969656 0.052724077831953764
0 0.789345062803477 0.2829525510314852 0.026392961852252483 0.056239016354084015
0 0.7487781029194593 0.3813708296511322 0.03323558159172535 0.08084358600899577
0 0.8196480930782855 0.3892794413259253 0.03421309869736433 0.07908611674793065
0 0.8343108496628702 0.31458699773065746 0.028347996063530445 0.07029877044260502
0 0.8167155417613685 0.25395430822391063 0.02248289342969656 0.05448154709301889
0 0.8724340167827904 0.259226716007106 0.02248289342969656 0.05096660857088864
0 0.8973607029765844 0.43057996896095574 0.03323558159172535 0.08787346305325627
0 0.9183773207478225 0.3365553634939715 0.03225806448608637 0.0685413011815399
0 0.9213098720647395 0.2803163471398875 0.026392961852252483 0.06151142413727939
0 0.8870967733673751 0.2284710039384663 0.020527859218418598 0.052724077831953764
0 0.9320625602267683 0.2144112498499453 0.020527859218418598 0.03866432374343276
