0 0.2687074820860289 0.2568493131548166 0.014577259426005185 0.027397260069847107
0 0.28134110692190006 0.2482876693829894 0.01652089401613921 0.027397260069847107
0 0.2998056355281733 0.24571917625144124 0.018464528606273234 0.03595890384167433
0 0.3610301251173951 0.24229451874271035 0.022351797786541283 0.042808218859136105
0 0.395529639092274 0.2645547925494611 0.013605442130938172 0.03253424633294344
0 0.39747327368240803 0.2131849299184978 0.013605442130938172 0.02910958882421255
0 0.36540330294519663 0.19434931362047791 0.015549076721072197 0.025684931315481663
0 0.39018464396940544 0.18749999860301614 0.00874635565560311 0.022260273806750774
0 0.4037900861003436 0.19520547799766064 0.01263362483587116 0.02397260256111622
0 0.4407191433128901 0.2208904093131423 0.018464528606273234 0.034246575087308884
0 0.4203109801164828 0.16438356041908264 0.010689990245737135 0.02397260256111622
0 0.4494654989684932 0.18150684796273708 0.01263362483587116 0.030821917578577995
0 0.46841593622229993 0.15753424540162086 0.011661807540804148 0.02054794505238533
0 0.46890184486983344 0.13698630034923553 0.00874635565560311 0.017123287543654442
0 0.4805636524106376 0.1746575329452753 0.014577259426005185 0.027397260069847107
0 0.5208940701559186 0.20291095739230514 0.01749271131120622 0.03253424633294344
0 0.4902818253613077 0.19092465611174703 0.01652089401613921 0.03253424633294344
0 0.5291545171639882 0.16438356041908264 0.014577259426005185 0.02397260256111622
0 0.5034013588447124 0.12671232782304287 0.011661807540804148 0.02054794505238533
0 0.5004859069595113 0.1549657522700727 0.011661807540804148 0.018835616298019886
0 0.5388726901146583 0.1164383552968502 0.01263362483587116 0.02054794505238533
0 0.5602526706061326 0.11130136903375387 0.00874635565560311 0.017123287543654442
0 0.5437317765899934 0.16866438230499625 0.010689990245737135 0.022260273806750774
0 0.5816326510976069 0.16523972479626536 0.01263362483587116 0.025684931315481663
0 0.5699708435568027 0.1438356153666973 0.010689990245737135 0.02397260256111622
0 0.5826044683926739 0.11301369778811932 0.010689990245737135 0.02054794505238533
0 0.5937803672859445 0.09845890337601304 0.009718172950670123 0.018835616298019886
0 0.6175898910150863 0.1241438346914947 0.010689990245737135 0.02910958882421255
0 0.6205053429002874 0.0967465746216476 0.010689990245737135 0.018835616298019886
0 0.588435372163076 0.1395547934807837 0.00874635565560311 0.022260273806750774
0 0.6073858094168827 0.1506849303841591 0.011661807540804148 0.02397260256111622
0 0.6564625828177668 0.1275684922002256 0.010689990245737135 0.018835616298019886
0 0.6472303185146302 0.1164383552968502 0.0077745383605360985 0.02054794505238533
0 0.6452866839244962 0.09589041024446487 0.009718172950670123 0.02054794505238533
0 0.6724975681863725 0.10188356088474393 0.011661807540804148 0.02910958882421255
0 0.7026239043334499 0.10017123213037848 0.013605442130938172 0.02910958882421255
0 0.6788143806043081 0.14212328661233187 0.01263362483587116 0.02054794505238533
0 0.6652089384733699 0.16095890291035175 0.014577259426005185 0.027397260069847107
0 0.6146744391298853 0.20462328614667058 0.01652089401613921 0.03253424633294344
0 0.5621963051962666 0.2517123268917203 0.01652089401613921 0.034246575087308884
0 0.4970845464267768 0.2979452032595873 0.022351797786541283 0.04452054761350155
0 0.5291545171639882 0.3219178058207035 0.032069970737211406 0.04452054761350155
0 0.6073858094168827 0.3133561620488763 0.027210884261876345 0.054794520139694214
0 0.6122448958922178 0.2559931487776339 0.02137998049147427 0.03595890384167433
0 0.6647230298258364 0.2054794505238533 0.019436345901340246 0.03767123259603977
0 0.6856171016697772 0.31249999767169356 0.022351797786541283 0.05650684889405966
0 0.707482990808785 0.25428082002326846 0.023323615081608295 0.042808218859136105
0 0.6914480054401793 0.22260273806750774 0.01652089401613921 0.034246575087308884
0 0.7060252648661844 0.17294520419090986 0.014577259426005185 0.034246575087308884
0 0.7332361491280608 0.1823630123399198 0.014577259426005185 0.03595890384167433
0 0.752672495029401 0.21404109429568052 0.018464528606273234 0.04109589010477066
0 0.7643343025702052 0.283390408847481 0.026239066966809332 0.042808218859136105
0 0.7555879469146021 0.33476027147844434 0.039844509097747505 0.06335616391152143
0 0.7925170041271485 0.3904109559953213 0.03012633614707738 0.0582191776484251
0 0.8974732719943859 0.36301369592547417 0.032069970737211406 0.0582191776484251
0 0.8386783256428316 0.3107876689173281 0.023323615081608295 0.04965753387659788
0 0.8090378981432877 0.2405821899883449 0.02040816319640726 0.039383561350405216
0 0.7827988311764784 0.2011986286379397 0.014577259426005185 0.03253424633294344
0 0.7823129225289449 0.1583904097788036 0.015549076721072197 0.03595890384167433
0 0.827502426749561 0.1506849303841591 0.01263362483587116 0.027397260069847107
0 0.8328474218724295 0.20804794365540147 0.01749271131120622 0.039383561350405216
0 0.868804661789909 0.2636986281722784 0.015549076721072197 0.04452054761350155
0 0.8760932915029116 0.2097602724097669 0.014577259426005185 0.03253424633294344
0 0.8785228347405791 0.17636986169964075 0.013605442130938172 0.030821917578577995
0 0.8590864888392389 0.14212328661233187 0.015549076721072197 0.02397260256111622
0 0.8445092294132337 0.1241438346914947 0.009718172950670123 0.02910958882421255
0 0.87172011367511 0.11986301280558109 0.011661807540804148 0.02054794505238533
0 0.8299319699872285 0.12928082095459104 0.013605442130938172 0.018835616298019886
0 0.8858114644535817 0.14811643725261092 0.01263362483587116 0.022260273806750774
0 0.906219627649989 0.14212328661233187 0.010689990245737135 0.027397260069847107
0 0.9261418821988627 0.14640410849824548 0.009718172950670123 0.025684931315481663
0 0.9591836702311411 0.09845890337601304 0.011661807540804148 0.02910958882421255
0 0.9310009686741978 0.2011986286379397 0.011661807540804148 0.03253424633294344
0 0.9237123389611952 0.23886986123397946 0.014577259426005185 0.03595890384167433
0 0.9139941660105251 0.2859589019790292 0.022351797786541283 0.054794520139694214
