0 0.22627371997805312 0.5017888993606903 0.0429570417618379 0.08407871040981263
0 0.2862137782503851 0.22182468278333545 0.01898101845290512 0.03577817464247346
0 0.307692299131304 0.22450804588152096 0.017982017481699586 0.033989265910349786
0 0.3256743166130036 0.1815742363105528 0.017982017481699586 0.033989265910349786
0 0.3361638268106617 0.2084078672924079 0.016983016510494053 0.03041144844610244
0 0.3571428472059779 0.240608224470634 0.01898101845290512 0.03756708337459713
0 0.3506493408931419 0.20930232165846974 0.01198801165446639 0.02504472224973142
0 0.37412586371647194 0.20035777799785137 0.01898101845290512 0.03577817464247346
0 0.4045953933382407 0.26118067489005625 0.02397602330893278 0.0465116270352155
0 0.3941058831405826 0.191413234337233 0.01898101845290512 0.03577817464247346
0 0.4130869015934877 0.15831842279294506 0.012987012625671923 0.026833630981855094
0 0.43306692101759836 0.16636851208750159 0.014985014568082988 0.02504472224973142
0 0.4365634244168177 0.2110912303905934 0.01598401553928852 0.039355992106720805
0 0.459540446754545 0.21377459348877892 0.017982017481699586 0.033989265910349786
0 0.4890109754051082 0.21645795658696443 0.01898101845290512 0.04293380957096815
0 0.4890109754051082 0.18515205377480015 0.020979020395316184 0.03041144844610244
0 0.47502496180823073 0.1547406053286977 0.016983016510494053 0.033989265910349786
0 0.49100897734751925 0.15652951406082138 0.01898101845290512 0.03041144844610244
0 0.5109889967716299 0.18246869067661464 0.01898101845290512 0.04293380957096815
0 0.5034964894875884 0.12164579378440976 0.013986013596877456 0.03220035717822611
0 0.521478506969288 0.12075133941834792 0.013986013596877456 0.02325581351760775
0 0.5174825030844659 0.14400715293595567 0.013986013596877456 0.03041144844610244
0 0.5439560288214125 0.12611806561471894 0.012987012625671923 0.026833630981855094
0 0.5474525322206318 0.15026833349838853 0.01598401553928852 0.028622539713978767
0 0.5519480365910567 0.18067978194449097 0.01898101845290512 0.039355992106720805
0 0.5729270569863729 0.1788908732123673 0.01898101845290512 0.03220035717822611
0 0.5774225613567978 0.1252236112486571 0.013986013596877456 0.03220035717822611
0 0.6003995836945251 0.11896243068622425 0.01598401553928852 0.03041144844610244
0 0.6188811016618274 0.12432915688259527 0.016983016510494053 0.03756708337459713
0 0.6318681142874993 0.11896243068622425 0.012987012625671923 0.026833630981855094
0 0.619880102633033 0.1618962402571924 0.020979020395316184 0.03756708337459713
0 0.5884115720400587 0.1592128771590069 0.01598401553928852 0.02504472224973142
0 0.6573426390532404 0.12611806561471894 0.013986013596877456 0.026833630981855094
0 0.666833148279693 0.11091234139166772 0.014985014568082988 0.02504472224973142
0 0.67532465653494 0.13148479181108996 0.01598401553928852 0.033989265910349786
0 0.7062936866423115 0.11001788702560589 0.01198801165446639 0.026833630981855094
0 0.5394605244509876 0.3059033931931481 0.03196803107857704 0.06082289689220488
0 0.5509490356198512 0.2549194943276234 0.02697302622254938 0.06261180562432855
0 0.6098900929209776 0.2701252185506746 0.028971028164960444 0.05366726196371019
0 0.6008990841801278 0.3363148416392505 0.028971028164960444 0.07155634928494692
0 0.6693306507077068 0.372093016281724 0.03596403496339917 0.07155634928494692
0 0.7487512279185466 0.39892664726357907 0.040959039819426835 0.07513416674919426
0 0.7337662133504637 0.2969588495325297 0.028971028164960444 0.06082289689220488
0 0.6213786040898412 0.23166368081001565 0.02397602330893278 0.04114490083884448
0 0.6618381434236653 0.20483004982816055 0.024975024280138314 0.051878353231586516
0 0.6933066740166396 0.20393559546209872 0.021978021366521716 0.04293380957096815
0 0.696803177415859 0.1618962402571924 0.020979020395316184 0.044722718303091824
0 0.7492507284041494 0.17262969264993444 0.017982017481699586 0.03756708337459713
0 0.7477522269473411 0.13148479181108996 0.014985014568082988 0.03756708337459713
0 0.7697302483138628 0.1449016073020175 0.016983016510494053 0.03220035717822611
0 0.7902097682235762 0.17799641884630546 0.01598401553928852 0.03756708337459713
0 0.7652347439434379 0.2522361312294379 0.021978021366521716 0.05008944449946284
0 0.7277722075232305 0.23971377010457218 0.02297702233772725 0.0465116270352155
0 0.7937062716227956 0.22629695461364463 0.01898101845290512 0.033989265910349786
0 0.8136862910469063 0.2522361312294379 0.01898101845290512 0.057245079427957535
0 0.7857142638531514 0.32200357178226113 0.03496503399219364 0.0858676191419363
0 0.8621378381503746 0.29248657770222053 0.02797202719375491 0.05903398816008121
0 0.8746253502904437 0.2504472224973142 0.024975024280138314 0.057245079427957535
0 0.9110888857394457 0.3094812106573954 0.02397602330893278 0.057245079427957535
0 0.8986013735993765 0.38103755994234234 0.024975024280138314 0.06082289689220488
