0 0.32675649609882385 0.18150684796273708 0.018286814214661717 0.03767123259603977
0 0.42204042279627174 0.2251712311990559 0.022136669838801026 0.042808218859136105
0 0.5346486998023465 0.13441780721768737 0.0105871029663831 0.02910958882421255
0 0.5476419625338167 0.14212328661233187 0.011549566872417927 0.034246575087308884
0 0.4812319530174136 0.3133561620488763 0.026948989368975163 0.051369862630963326
0 0.5322425400372595 0.32791095646098256 0.025024061556905508 0.04965753387659788
0 0.59913378150668 0.2714041075669229 0.029836381087079644 0.04965753387659788
0 0.6717998064123094 0.3407534221187234 0.040423484053462744 0.07191780768334866
0 0.7560153981903568 0.32363013457506895 0.029836381087079644 0.0582191776484251
0 0.9210779580753297 0.15667808102443814 0.015399422496557236 0.03253424633294344
