0 0.11999999731779099 0.3358348971232772 0.06249999860301614 0.10881801135838032
0 0.18812499579507858 0.3602251410484314 0.05874999868683517 0.10881801135838032
0 0.2281249949010089 0.41463414672762156 0.07374999835155904 0.12382739223539829
0 0.28437499364372343 0.40994371520355344 0.0712499984074384 0.12570356484502554
0 0.3606249919394031 0.44559099478647113 0.08874999801628292 0.12945591006428003
0 0.35687499202322215 0.33489681081846356 0.05374999879859388 0.08067542221397161
0 0.3299999926239252 0.3133208258077502 0.0274999993853271 0.05253283306956291
0 0.5024999887682498 0.35459662321954966 0.06999999843537807 0.11257035657763481
0 0.5062499886844307 0.27861163252964616 0.03999999910593033 0.06566604133695364
0 0.5593749874969944 0.3123827395029366 0.05124999885447323 0.0881801126524806
0 0.5881249868543819 0.43902439065277576 0.08874999801628292 0.16135084442794323
0 0.5999999865889549 0.3677298314869404 0.06249999860301614 0.09005628526210785
0 0.6212499861139804 0.311444653198123 0.047499998938292265 0.06754221394658089
0 0.7006249843398109 0.3480300190858543 0.04874999891035259 0.10318949352949858
0 0.7337499835994095 0.48968105111271143 0.1099999975413084 0.1763602253049612
0 0.7624999829567969 0.3921200754120946 0.06249999860301614 0.09756097570061684
0 0.8099999818950891 0.33771106973290443 0.05749999871477485 0.11257035657763481
0 0.8687499805819243 0.4118198878131807 0.07999999821186066 0.13696060050278902
0 0.9631249784724787 0.40243902476504445 0.07374999835155904 0.17448405269533396
0 0.8587499808054417 0.28986866818740964 0.03249999927356839 0.061913696117699146
0 0.902499979827553 0.2973733586259186 0.04999999888241291 0.06566604133695364
0 0.9143749795621261 0.36303939996287227 0.04624999896623194 0.10318949352949858
0 0.9731249782489613 0.3001876175403595 0.04124999907799065 0.0637898687273264
0 0.9456249788636342 0.2926829271018505 0.033749999245628715 0.06754221394658089
0 0.673749984940514 0.2917448407970369 0.03749999916180968 0.07692307699471712
