0 0.21500001021195203 0.29739776626229286 0.08200000389479101 0.208178436383605
0 0.3450000163866207 0.49814125848934054 0.03800000180490315 0.08178438572213054
0 0.3880000184290111 0.48698884225450456 0.04400000208988786 0.11152416234835982
0 0.421000019996427 0.5278810351155698 0.04600000218488276 0.11152416234835982
0 0.4740000225137919 0.5669144919374958 0.06800000322982669 0.13754646689631045
0 0.5600000265985727 0.6226765731116757 0.10800000512972474 0.20446096430532634
0 0.5110000242711976 0.410780664649792 0.034000001614913344 0.0855018578004092
0 0.5460000259336084 0.44981412147171795 0.04400000208988786 0.11152416234835982
0 0.5580000265035778 0.38104088802356273 0.02400000113993883 0.05576208117417991
0 0.5860000278335065 0.39405204029753804 0.03200000151991844 0.08178438572213054
0 0.6260000297334045 0.3791821519844234 0.03600000170990825 0.08178438572213054
0 0.6610000313958153 0.3661709997104481 0.026000001234933734 0.04832713701762259
0 0.71800003410317 0.3289962789276615 0.02400000113993883 0.06319702533073723
0 0.7470000354805961 0.3550185834756121 0.034000001614913344 0.07806691364385188
0 0.7510000356705859 0.4962825224502012 0.07000000332482159 0.14498141105286777
0 0.7770000369055197 0.4144981367280707 0.050000002374872565 0.09293680195696652
0 0.8430000400403515 0.5092936747241765 0.0780000037048012 0.17843865975737572
0 0.8570000407053158 0.3959107763366774 0.058000002754852176 0.10780669027008116
0 0.831000039470382 0.3364312230842188 0.034000001614913344 0.0855018578004092
0 0.8480000402778387 0.3048327104188502 0.03200000151991844 0.0669144974090159
0 0.9220000437926501 0.3252788068493828 0.03600000170990825 0.07806691364385188
0 0.966000045882538 0.39405204029753804 0.06000000284984708 0.14869888313114643
0 0.966000045882538 0.29739776626229286 0.03200000151991844 0.07434944156557322
0 0.9480000450275838 0.6226765731116757 0.09600000455975533 0.21189590846188366
