0 0.10923076933249831 0.42840646381955594 0.07538461545482278 0.11778290919028223
0 0.1630769232288003 0.3654734388110228 0.04923076927661896 0.05889145459514111
0 0.15076923090964556 0.33140877389814705 0.03846153849735856 0.05080831376835704
0 0.240384615608491 0.4076212445506826 0.07153846160508692 0.08545034588314593
0 0.314615384908393 0.44399537827121094 0.06615384621545672 0.10277136194054037
0 0.3126923079835251 0.34295611793641 0.04230769234709442 0.0646651266142726
0 0.29000000027008355 0.327367203484755 0.035384615417569876 0.05658198578748852
0 0.4430769234895706 0.3845265564741567 0.0615384615957737 0.08775981469079852
0 0.5161538466345519 0.38799075968563557 0.05846153851598501 0.08545034588314593
0 0.5353846158832312 0.20785219268873334 0.035384615417569876 0.07390300184488297
0 0.45076923118904233 0.5554272482404485 0.10000000009313226 0.16859122295863926
0 0.6215384621173143 0.7673210113425739 0.14307692321017385 0.23210161516908556
0 0.7057692314265296 0.4757505743764341 0.08846153854392469 0.13394919084385037
0 0.8096153853693977 0.45958429272286594 0.05769230774603784 0.09699768992140889
0 0.8388461546273902 0.20554272388108075 0.0561538462061435 0.09006928349845111
0 0.9623076932039112 0.4867205512127839 0.07384615391492844 0.13741339405532926
