0 0.16209348989650607 0.3528896605130285 0.043699185363948345 0.09281961293891072
0 0.16310975002124906 0.22679509199224412 0.02134146261960268 0.033274955581873655
0 0.3145325086079538 0.19527144986204803 0.02134146261960268 0.04378283629193902
0 0.3465447025373578 0.2329246890731156 0.022357722744345665 0.04203152284026146
0 0.41768291126936674 0.23817862942814827 0.024390242993831635 0.04553414974361658
0 0.43089429289102554 0.16199649428017437 0.018292682245373726 0.033274955581873655
0 0.4547764058224857 0.15936952410265803 0.01930894237011671 0.035026269033551216
0 0.4811991690658033 0.1611208375543356 0.01727642212063074 0.031523642130196095
0 0.49796746112406254 0.18038528552278876 0.018292682245373726 0.03852889593690634
0 0.5091463224962354 0.15761821065098047 0.018292682245373726 0.031523642130196095
0 0.5294715249910951 0.18914185278117657 0.018292682245373726 0.04203152284026146
0 0.5741869704797864 0.19001750950701535 0.020325202494859695 0.04378283629193902
0 0.9110772018320858 0.223292465088889 0.01727642212063074 0.05078809009864926
0 0.9247967135161161 0.18388791242614388 0.016260161995887756 0.04203152284026146
0 0.9557926473207772 0.23905428615398705 0.01930894237011671 0.04728546319529414
0 0.9639227283187211 0.20227670366875827 0.01727642212063074 0.03677758248522878
