0 0.13700000650715083 0.4460966493934393 0.04600000218488276 0.1040892181918025
0 0.09400000446476042 0.4460966493934393 0.03600000170990825 0.08178438572213054
0 0.06400000303983688 0.4479553854325786 0.03200000151991844 0.07063196948729455
0 0.03100000147242099 0.44237917731516063 0.034000001614913344 0.0669144974090159
0 0.22300001059193164 0.45539032958913594 0.05400000256486237 0.13011152273975313
0 0.1870000088820234 0.4516728575108573 0.026000001234933734 0.07063196948729455
0 0.2810000133467838 0.4144981367280707 0.03800000180490315 0.09293680195696652
0 0.3000000142492354 0.421933080884628 0.020000000949949026 0.04832713701762259
0 0.32100001524668187 0.4405204412760213 0.026000001234933734 0.05576208117417991
0 0.33600001595914364 0.410780664649792 0.020000000949949026 0.04832713701762259
0 0.38300001819152385 0.4293680250411853 0.058000002754852176 0.10780669027008116
0 0.42600002023391426 0.42007434484548867 0.02400000113993883 0.05947955325245857
0 0.4440000210888684 0.42007434484548867 0.020000000949949026 0.04460966493934393
0 0.4810000228462741 0.42007434484548867 0.034000001614913344 0.08178438572213054
0 0.4560000216588378 0.39962824841495603 0.02400000113993883 0.05576208117417991
0 0.5000000237487257 0.41821560880634934 0.01600000075995922 0.04832713701762259
0 0.5210000247461721 0.42565055296290666 0.018000000854954123 0.04832713701762259
0 0.5630000267410651 0.405204456532374 0.03800000180490315 0.08178438572213054
0 0.6400000303983688 0.3921933042583987 0.04800000227987766 0.10037174611352384
0 0.6670000316808 0.405204456532374 0.026000001234933734 0.05947955325245857
0 0.7210000342456624 0.4033457204932347 0.05400000256486237 0.09293680195696652
0 0.7840000372380018 0.4033457204932347 0.03200000151991844 0.05576208117417991
0 0.8510000404203311 0.410780664649792 0.03800000180490315 0.07063196948729455
0 0.9070000430801883 0.40148698445409536 0.03000000142492354 0.0669144974090159
