0 0.09071274055168033 0.267307692556642 0.021598271559923887 0.05000000004656613
0 0.1528077712864615 0.2461538463830948 0.020518357981927693 0.04230769234709442
0 0.17764578358037397 0.23365384637145326 0.02483801229391247 0.05192307697143406
0 0.31317493761889637 0.23557692329632118 0.021598271559923887 0.044230769271962345
0 0.361231091839727 0.19326923094922677 0.016198703669942915 0.03653846157249063
0 0.43142547440947965 0.26826923101907596 0.020518357981927693 0.044230769271962345
0 0.416846641106531 0.2057692309608683 0.0194384444039315 0.03846153849735856
0 0.44816413486842066 0.23461538483388722 0.021598271559923887 0.034615384647622705
0 0.44654426450142637 0.1846153847873211 0.020518357981927693 0.03846153849735856
0 0.48596111009828746 0.17980769247515127 0.021598271559923887 0.03653846157249063
0 0.4605831410153769 0.1442307693650946 0.016198703669942915 0.026923076948150992
0 0.5464362704660743 0.19326923094922677 0.0194384444039315 0.032692307722754776
0 0.5512958815670572 0.17211538477567956 0.018358530825935304 0.032692307722754776
0 0.6274297888157889 0.3240384618402459 0.025917925871908665 0.06730769237037748
0 0.6717062455136329 0.3413461541640572 0.030237580183893442 0.07884615391958505
0 0.6382289245957509 0.26538461563177407 0.021598271559923887 0.04230769234709442
0 0.6727861590916291 0.28750000026775524 0.023758098715916276 0.05192307697143406
0 0.6290496591827832 0.2221153848222457 0.02267818513792008 0.044230769271962345
0 0.6673865912016481 0.1740384617005475 0.0194384444039315 0.044230769271962345
0 0.672246202302631 0.22500000020954758 0.020518357981927693 0.04615384619683027
0 0.7321814058814198 0.2375000002211891 0.021598271559923887 0.044230769271962345
0 0.8137148810201325 0.25769230793230236 0.02483801229391247 0.05000000004656613
0 0.8693304302869365 0.2701923079439439 0.021598271559923887 0.05576923082116991
0 0.6339092702837661 0.12884615396615118 0.015118790091946721 0.034615384647622705
0 0.9330453313887119 0.24711538484552875 0.01727861724793911 0.04038461542222649
