0 0.11124896779074334 0.5196399436681531 0.05376344168325886 0.10638298059348017
0 0.1935483900597319 0.279050741402898 0.019851116929203272 0.05400982091668993
0 0.21505376673303545 0.2659574514837004 0.023159636417403817 0.05073649843689054
0 0.23531844859826379 0.24713584722485393 0.020678246801253408 0.05237315967679024
0 0.2894954552175477 0.23404255730565637 0.019851116929203272 0.04582651471719146
0 0.291149714961648 0.20621931622736156 0.021505376673303545 0.04255319223739207
0 0.31885856567532755 0.2291325735859573 0.019023987057153136 0.04909983719699085
0 0.33209264362812974 0.21112929994706064 0.020678246801253408 0.05237315967679024
0 0.3544251501734834 0.2504091697046533 0.02233250654535368 0.04255319223739207
0 0.3726220073585864 0.23322422668570653 0.019023987057153136 0.03764320851769298
0 0.34904880600515753 0.19558101816801354 0.021505376673303545 0.05073649843689054
0 0.39660877364804037 0.1898527038283646 0.019023987057153136 0.04255319223739207
0 0.4040529424964916 0.17103109956951812 0.01571546756895259 0.04091653099749237
0 0.4193548451294191 0.18821604258846492 0.016542597441002727 0.04255319223739207
0 0.42803970878594555 0.3019639987614937 0.0272952857776545 0.05400982091668993
0 0.4363110075064469 0.16612111584981903 0.020678246801253408 0.04091653099749237
0 0.4648469880921766 0.16693944646976888 0.021505376673303545 0.04582651471719146
0 0.479321760853054 0.14893617283087224 0.017369727313052863 0.03600654727779329
0 0.4842845400853548 0.20212766312761232 0.019023987057153136 0.04418985347729176
0 0.4665012478362769 0.23076923482585698 0.02481389616150409 0.04909983719699085
0 0.5434243259369396 0.2119476305670105 0.019851116929203272 0.03764320851769298
0 0.5136476505431347 0.1571194790303707 0.018196857185103 0.03600654727779329
0 0.5425971960648894 0.15793780965032056 0.014888337696902454 0.03764320851769298
0 0.5450785856810398 0.13584288291167468 0.016542597441002727 0.0327332247979939
0 0.570306046778569 0.13584288291167468 0.017369727313052863 0.03927986975759268
0 0.5727874363947194 0.16448445460991934 0.017369727313052863 0.03436988603789359
0 0.5698924818425439 0.1947626875480637 0.018196857185103 0.03600654727779329
0 0.6029776767245494 0.1963993487879634 0.016542597441002727 0.03927986975759268
0 0.600496287108399 0.17348609142936766 0.016542597441002727 0.03600654727779329
0 0.5971877676201984 0.14975450345082209 0.014888337696902454 0.027823241078294814
0 0.5868486442195717 0.12438625423237681 0.017369727313052863 0.02945990231819451
0 0.6104218455730006 0.1325695604318753 0.014888337696902454 0.03600654727779329
0 0.6472291248792317 0.17839607514906675 0.012406948080752045 0.0327332247979939
0 0.6447477352630813 0.14975450345082209 0.01571546756895259 0.03764320851769298
0 0.6505376443674322 0.13011456857202575 0.012406948080752045 0.027823241078294814
0 0.6790736249531619 0.1620294627500698 0.019851116929203272 0.04255319223739207
0 0.679487189889187 0.22013093676650897 0.019023987057153136 0.04746317595709115
0 0.7022332613705657 0.15302782593062147 0.018196857185103 0.03764320851769298
0 0.6836228392494377 0.13993453601142392 0.01571546756895259 0.03764320851769298
0 0.5959470728121232 0.2945990231819451 0.0272952857776545 0.05891980463638902
0 0.5649297026102431 0.3363338847993873 0.023159636417403817 0.06055646587628871
0 0.5996691572363488 0.3690671095973812 0.029776675393804908 0.0638297883560881
0 0.6472291248792317 0.4001636731554754 0.03556658449815586 0.07037643331568688
0 0.7258064627239946 0.3927986975759268 0.03391232475405559 0.07855973951518536
0 0.6575682482798584 0.22995090420590714 0.021505376673303545 0.05728314339648932
0 0.7162944691954181 0.26268412900390103 0.02481389616150409 0.05728314339648932
0 0.7382134108047467 0.2225859286263585 0.020678246801253408 0.04909983719699085
0 0.7630273069662508 0.27495908830314875 0.02233250654535368 0.05237315967679024
0 0.7940446771681309 0.2430441941251047 0.018196857185103 0.05073649843689054
0 0.8151364889054094 0.3052373212412931 0.02233250654535368 0.06055646587628871
0 0.7990074564004317 0.45417349407216534 0.03804797411430627 0.09001636819448322
0 0.8507030734035652 0.48690671887015924 0.03391232475405559 0.09328969067428261
0 0.8771712293091696 0.4099836405948736 0.0272952857776545 0.07364975579548627
0 0.9557485671539325 0.4500818409724161 0.0272952857776545 0.07201309455558658
0 0.8622828916122671 0.3346972235594876 0.023986766289453954 0.06710311083588749
0 0.8899917423259467 0.2806874026427977 0.016542597441002727 0.04418985347729176
0 0.8986766059824731 0.2569558146642521 0.012406948080752045 0.03927986975759268
0 0.9007444306625985 0.23076923482585698 0.016542597441002727 0.0327332247979939
0 0.8701406253967434 0.23158756544580683 0.013234077952802181 0.03764320851769298
0 0.8308519564743619 0.2086743080872111 0.01571546756895259 0.04091653099749237
0 0.8105872746091336 0.23567921854555607 0.016542597441002727 0.03600654727779329
0 0.7812241641513538 0.21440262242686003 0.020678246801253408 0.04582651471719146
0 0.7514474887575489 0.193126026308164 0.017369727313052863 0.03927986975759268
0 0.7737799953029025 0.1743044220493175 0.019023987057153136 0.03764320851769298
0 0.8089330148650333 0.18576105072861537 0.018196857185103 0.04418985347729176
0 0.9255583268241026 0.31996727240039036 0.021505376673303545 0.06055646587628871
0 0.9487179632415064 0.3723404320771806 0.02481389616150409 0.06710311083588749
0 0.9797353334433865 0.3600654727779329 0.020678246801253408 0.05237315967679024
0 0.9743589892750606 0.32815057859988883 0.018196857185103 0.04418985347729176
0 0.9805624633154366 0.2986906762816943 0.01571546756895259 0.031096563558094203
0 0.9900744568440132 0.25777414528420195 0.013234077952802181 0.04091653099749237
0 0.9379652749048546 0.26268412900390103 0.016542597441002727 0.03764320851769298
0 0.9499586580495816 0.24222586350515485 0.014061207824852318 0.04255319223739207
