0 0.09492187641444616 0.4413833398721181 0.03515625052386895 0.06447830994147807
0 0.16640625247964635 0.4208675139816478 0.034375000512227416 0.06565064284950495
0 0.19335937788127922 0.4531066689523868 0.025781250384170562 0.05509964667726308
0 0.2257812533644028 0.4402110069640912 0.026562500395812094 0.05509964667726308
0 0.24453125364379957 0.4525205024983734 0.02812500041909516 0.056271979585289955
0 0.26328125392319635 0.4894489891012199 0.03593750053551048 0.05509964667726308
0 0.2882812542957254 0.44431417214218527 0.02500000037252903 0.05392731376923621
0 0.3179687547381036 0.4683469967567362 0.03125000046566129 0.05744431249331683
0 0.322265629802132 0.4349355088779703 0.027343750407453626 0.044548650505021214
0 0.35898438034928404 0.4320046766079031 0.025781250384170562 0.04806564922910184
0 0.3593750053551048 0.4736224948428571 0.029687500442378223 0.05392731376923621
0 0.2636718789290171 0.6055099469958805 0.04296875064028427 0.07854630483780056
0 0.3203125047730282 0.5826494552893564 0.037500000558793545 0.0679953086655587
0 0.38281250570435077 0.6025791147258133 0.03593750053551048 0.0633059770334512
0 0.41171875613508746 0.553927299042698 0.03125000046566129 0.05744431249331683
0 0.45234375674044713 0.6125439444440417 0.03125000046566129 0.05978897830937058
0 0.39921875594882295 0.4718639954808168 0.02500000037252903 0.050410315045155585
0 0.41289063115254976 0.4337631759699434 0.02890625043073669 0.05158264795318246
0 0.437500006519258 0.4366940082400106 0.02500000037252903 0.04572098341304809
0 0.4621093818859663 0.42848767788382247 0.027343750407453626 0.05509964667726308
0 0.47617188209551387 0.4308323436998762 0.03203125047730282 0.05509964667726308
0 0.5117187576252036 0.43317700951592997 0.02812500041909516 0.04806564922910184
0 0.5496093831898179 0.4196951810736209 0.030468750454019755 0.06565064284950495
0 0.5718750085216016 0.44724500441225246 0.026562500395812094 0.04572098341304809
0 0.5910156338068191 0.42790151142980903 0.024218750360887498 0.05158264795318246
0 0.6199218842375558 0.484173491015099 0.025781250384170562 0.042203984688967466
0 0.5789062586263753 0.5943727843696252 0.029687500442378223 0.056271979585289955
0 0.6492187596741132 0.5855802875594236 0.03593750053551048 0.06447830994147807
0 0.6339843844471034 0.45838216703850776 0.027343750407453626 0.044548650505021214
0 0.649609384679934 0.41676434880355373 0.02109375031432137 0.04806564922910184
0 0.6671875099418685 0.4589683334925212 0.026562500395812094 0.05509964667726308
0 0.6902343852852937 0.48182882519904524 0.025781250384170562 0.056271979585289955
0 0.6906250102911144 0.42672917852178216 0.026562500395812094 0.05158264795318246
0 0.7125000106170774 0.4320046766079031 0.02812500041909516 0.04572098341304809
0 0.7207031357393134 0.4689331632107496 0.030468750454019755 0.0586166454013437
0 0.7554687612573616 0.48358732456108555 0.03281250048894435 0.05744431249331683
0 0.7542968862398993 0.446658837958239 0.024218750360887498 0.05158264795318246
0 0.7726562615134753 0.4572098341304809 0.0218750003259629 0.04689331632107496
0 0.8039062619791366 0.43434934242395684 0.029687500442378223 0.050410315045155585
0 0.8210937622352503 0.4554513347684406 0.026562500395812094 0.050410315045155585
0 0.86171876284061 0.4449003385961987 0.029687500442378223 0.04806564922910184
0 0.8945312633295543 0.4572098341304809 0.034375000512227416 0.0586166454013437
