0 0.15500000736210495 0.36336337216198444 0.04600000218488276 0.06606606766581535
0 0.21200001006945968 0.361861870624125 0.03200000151991844 0.06906907074153423
0 0.24500001163687557 0.33783784601837397 0.034000001614913344 0.06306306459009647
0 0.26400001253932714 0.3888888983055949 0.03600000170990825 0.06306306459009647
0 0.29300001391675323 0.3738738829270005 0.03000000142492354 0.06306306459009647
0 0.3250000154366717 0.3498498583212495 0.03800000180490315 0.06306306459009647
0 0.3650000173365697 0.3573573660105467 0.034000001614913344 0.07207207381725311
0 0.39100001857150346 0.36786787677556276 0.03000000142492354 0.06906907074153423
0 0.42400002013891935 0.3693693783134222 0.03200000151991844 0.07207207381725311
0 0.4680000222288072 0.36336337216198444 0.02400000113993883 0.060060061514377594
0 0.4950000235112384 0.361861870624125 0.026000001234933734 0.057057058438658714
0 0.5190000246511772 0.3588588675484061 0.034000001614913344 0.07507507689297199
0 0.5510000261710957 0.36036036908626556 0.034000001614913344 0.060060061514377594
0 0.5810000275960192 0.35585586447268724 0.034000001614913344 0.06306306459009647
0 0.5750000273110345 0.40090091060847044 0.034000001614913344 0.057057058438658714
0 0.6290000298758969 0.3588588675484061 0.03800000180490315 0.06906907074153423
0 0.6880000326782465 0.41591592598706484 0.03200000151991844 0.06906907074153423
0 0.7360000349581242 0.4069069167599082 0.03600000170990825 0.06906907074153423
0 0.7960000378079712 0.399399409070611 0.04000000189989805 0.06606606766581535
0 0.842000039992854 0.4069069167599082 0.05200000246986747 0.08708708919584751
0 0.6990000332007185 0.5525525659322739 0.042000001994892955 0.07207207381725311
0 0.6250000296859071 0.5795795936137438 0.03800000180490315 0.06606606766581535
0 0.5900000280234963 0.5660660797730088 0.03200000151991844 0.057057058438658714
0 0.523000024841167 0.5510510643944144 0.03800000180490315 0.06306306459009647
0 0.4800000227987766 0.5615615751594305 0.04000000189989805 0.07207207381725311
0 0.4020000190939754 0.5615615751594305 0.04000000189989805 0.060060061514377594
0 0.34600001643411815 0.5645645782351494 0.04000000189989805 0.060060061514377594
