0 0.2701652080286294 0.2597402594983578 0.019436345901340246 0.03246753243729472
0 0.28134110692190006 0.26298701274208724 0.018464528606273234 0.038961038924753666
0 0.31146744306897745 0.2637987010530196 0.018464528606273234 0.0405844155466184
0 0.32750242843758315 0.2792207789607346 0.01749271131120622 0.038961038924753666
0 0.3493683175765909 0.304383116599638 0.022351797786541283 0.03733766230288893
0 0.35082604351919144 0.23701298679225147 0.019436345901340246 0.035714285681024194
0 0.38386783155146986 0.21428571408614516 0.01749271131120622 0.035714285681024194
0 0.39747327368240803 0.21185064915334806 0.01749271131120622 0.030844155815429986
0 0.40524781204294413 0.29870129842311144 0.02526724967174232 0.04545454541221261
0 0.4193391628214158 0.23701298679225147 0.022351797786541283 0.035714285681024194
0 0.4834791042958386 0.22564935043919832 0.024295432376675308 0.04220779216848314
0 0.4679300275747664 0.18100649333791807 0.02040816319640726 0.03733766230288893
0 0.517492709623184 0.16639610374113545 0.01652089401613921 0.027597402571700513
0 0.5379008728195913 0.18587662320351228 0.02040816319640726 0.03733766230288893
0 0.5252672479837202 0.2134740257752128 0.02040816319640726 0.03409090905915946
0 0.5699708435568027 0.1931818180019036 0.022351797786541283 0.03246753243729472
0 0.5685131176142022 0.1623376621864736 0.019436345901340246 0.02922077919356525
0 0.5937803672859445 0.17207792191766202 0.019436345901340246 0.038961038924753666
0 0.6098153526545502 0.12418831157265231 0.01652089401613921 0.027597402571700513
0 0.5816326510976069 0.22727272706106305 0.02040816319640726 0.038961038924753666
0 0.5077745366725139 0.30600649322150275 0.024295432376675308 0.05032467527780682
0 0.5587949446635321 0.3149350646417588 0.031098153442144394 0.0584415583871305
0 0.5976676364662126 0.2711038958514109 0.027210884261876345 0.0584415583871305
0 0.6248785207280889 0.21996753226267174 0.023323615081608295 0.043831168790347874
0 0.6491739531047642 0.19642857124563307 0.02137998049147427 0.04220779216848314
0 0.6676384817110375 0.34902597370091826 0.03304178803227842 0.07142857136204839
0 0.6579203087603673 0.27272727247327566 0.02915451885201037 0.051948051899671555
0 0.6812439238419756 0.21672077901894227 0.023323615081608295 0.05032467527780682
0 0.6943634573253803 0.1850649348925799 0.02040816319640726 0.038961038924753666
0 0.7312925145379268 0.20373376604402438 0.02040816319640726 0.03733766230288893
0 0.7385811442509294 0.18181818164885044 0.019436345901340246 0.035714285681024194
0 0.7269193367101252 0.2564935062546283 0.02526724967174232 0.04870129865594208
0 0.7589893074473366 0.2362012984813191 0.02137998049147427 0.043831168790347874
0 0.7667638458078727 0.1907467530691065 0.01749271131120622 0.03409090905915946
0 0.788143826299347 0.20129870111122727 0.01749271131120622 0.038961038924753666
0 0.7764820187585428 0.1444805193459615 0.015549076721072197 0.03246753243729472
0 0.8066083549056202 0.14772727258969098 0.01749271131120622 0.03246753243729472
0 0.8241010662168264 0.17613636347232386 0.019436345901340246 0.03409090905915946
0 0.8309037872822955 0.23214285692665726 0.019436345901340246 0.035714285681024194
0 0.8158406192087568 0.25243506469996646 0.028182701556943357 0.05681818176526576
0 0.78717200900428 0.3051948049105704 0.02526724967174232 0.05519480514340103
0 0.7687074803980067 0.36444805160863325 0.03304178803227842 0.060064935008995235
0 0.8595723974867724 0.2970779218012467 0.028182701556943357 0.05519480514340103
0 0.8731778396177106 0.2670454542967491 0.024295432376675308 0.047077922034077346
0 0.911078714125324 0.29301948024658486 0.026239066966809332 0.05357142852153629
0 0.8935860028141178 0.21428571408614516 0.018464528606273234 0.04220779216848314
0 0.8508260418311693 0.20373376604402438 0.01652089401613921 0.0405844155466184
0 0.8624878493719734 0.16314935049740598 0.014577259426005185 0.030844155815429986
