0 0.0696808488573879 0.3613376868888736 0.13297871919348836 0.44208809547126293
0 0.14999999525025487 0.5350734144449234 0.04042553063482046 0.06199021264910698
0 0.20425531268119812 0.534257753752172 0.042553190141916275 0.07014681957662106
0 0.34680849965661764 0.552202288992703 0.04042553063482046 0.07667210511863232
0 0.3462765847798437 0.5008156653493643 0.0308510628528893 0.04893964156508446
0 0.40159573196433485 0.516313218511641 0.026595743838697672 0.05057096295058727
0 0.4271276460494846 0.552202288992703 0.039361700881272554 0.07667210511863232
0 0.4420212625991553 0.5130505757406354 0.028723403345793486 0.057096248492598534
0 0.42553190141916275 0.4926590584218502 0.02340425457805395 0.04567699879407883
0 0.47712764446623623 0.49918434396386147 0.022340424824506044 0.039151713252067566
0 0.48829785687848926 0.5244698254391551 0.03404255211353302 0.0636215340346098
0 0.44148934772238135 0.428221863694489 0.021276595070958138 0.04078303463757038
0 0.47712764446623623 0.4159869533032179 0.026595743838697672 0.042414356023073196
0 0.5090425370726734 0.43230016715824604 0.024468084331601858 0.042414356023073196
0 0.5452127486933023 0.4934747191146016 0.022340424824506044 0.04404567740857601
0 0.5542553015984595 0.428221863694489 0.021276595070958138 0.04078303463757038
0 0.5691489181481302 0.5057096295058727 0.02340425457805395 0.05220228433609009
0 0.5723404074087739 0.5668841814622283 0.03404255211353302 0.06688417680561543
0 0.6473404050339013 0.5799347525462508 0.03297872235998511 0.07014681957662106
0 0.5872340239584446 0.4265905423089862 0.02340425457805395 0.04404567740857601
0 0.6101063636597246 0.4396411133930087 0.02021276531741023 0.04730832017958164
0 0.628723384346813 0.4176182746887207 0.019148935563862324 0.035889070481061935
0 0.6478723199106753 0.4388254527002573 0.02340425457805395 0.04567699879407883
0 0.6531914686784148 0.41109298914670944 0.021276595070958138 0.039151713252067566
0 0.674468063749373 0.49673736188560724 0.019148935563862324 0.03752039186656475
0 0.6808510422706604 0.4306688457727432 0.019148935563862324 0.039151713252067566
0 0.7143616795074195 0.5040783081203699 0.028723403345793486 0.06199021264910698
0 0.7271276365499943 0.6068515554070473 0.05851063644513488 0.10114192590117455
0 0.7531914655119181 0.5277324682101607 0.03404255211353302 0.057096248492598534
0 0.7579786994028836 0.4265905423089862 0.026595743838697672 0.04404567740857601
0 0.7946808259002864 0.5032626474276185 0.029787233099341393 0.04404567740857601
0 0.8505318879615515 0.5391517179086804 0.039361700881272554 0.06688417680561543
0 0.891489333473146 0.6729200715199113 0.0617021257057786 0.11582381837069988
0 0.9755318840034306 0.5791190918534994 0.048936168663203716 0.09461664035916328
0 0.9117020987905562 0.5407830392941833 0.04468084964901209 0.07667210511863232
0 0.9521276294253767 0.5000000046566129 0.04042553063482046 0.07014681957662106
0 0.8882978442125022 0.5146818971261382 0.031914892606437206 0.0636215340346098
