0 0.04811320826411247 0.3601694921962917 0.08490566164255142 0.12146892677992582
0 0.02075471729040146 0.3799435035325587 0.03773584961891174 0.08192090410739183
0 0.18867924809455872 0.48446327773854136 0.12830188870429993 0.16666666697710752
0 0.2490566074848175 0.37429378600791097 0.07547169923782349 0.10451977420598269
0 0.3349056653678417 0.354519774671644 0.06603773683309555 0.10451977420598269
0 0.29716981574893 0.7443502838723361 0.2509433999657631 0.4152542380616069
0 0.5518868006765842 0.3757062153890729 0.08490566164255142 0.16384180821478367
0 0.6009434051811695 0.3714689272455871 0.0584905669093132 0.10451977420598269
0 0.6933962367475033 0.4110169499181211 0.10754717141389847 0.1949152546003461
0 0.8113207668066025 0.39830508548766375 0.08301886916160583 0.1355932205915451
0 0.7830188795924187 0.31497175199911 0.049056604504585266 0.09887005668133497
0 0.8896226547658443 0.33898305147886276 0.05471698194742203 0.10734463296830654
0 0.9386792592704296 0.3319209045730531 0.03962264209985733 0.08757062163203955
0 0.9716981276869774 0.3403954808600247 0.056603774428367615 0.17231638450175524
