0 0.22502425266429782 0.39790576323866844 0.046556741930544376 0.0942408386617899
0 0.2812803158303723 0.22425829200074077 0.015518913976848125 0.0436300178989768
0 0.311833177722292 0.21378708770498633 0.01842871034750715 0.03315881360322237
0 0.31668283834005706 0.23298429558053613 0.01842871034750715 0.04013961646705866
0 0.3326867183786817 0.1815008744597435 0.01357904972974211 0.03490401431918144
0 0.36372454633237794 0.18673647660762072 0.01745877822395414 0.04188481718301773
0 0.37633366393856704 0.1745200715959072 0.01357904972974211 0.027923211455345154
0 0.3967022385331802 0.1623036665841937 0.021338506718166173 0.02443281002342701
0 0.38845781548297964 0.20157068269327283 0.01842871034750715 0.036649215035140514
0 0.3559650893439539 0.2469459013082087 0.019398642471060157 0.0436300178989768
0 0.4064015597687103 0.23123909486457705 0.021338506718166173 0.036649215035140514
0 0.4190106773748994 0.2495637023821473 0.023278370965272188 0.045375218614935875
0 0.41658584706601687 0.18324607517570257 0.01842871034750715 0.0314136128872633
0 0.4228904058691114 0.1570680644363165 0.01357904972974211 0.027923211455345154
0 0.4437439465255011 0.19197207875549793 0.01842871034750715 0.03490401431918144
0 0.4451988447108306 0.1474694604985416 0.011639185482636094 0.029668412171304226
0 0.46459748718189076 0.13438045512884855 0.01357904972974211 0.027923211455345154
0 0.4670223174907733 0.1570680644363165 0.014548981853295118 0.0314136128872633
0 0.47866150297340937 0.1963350805453956 0.01842871034750715 0.0436300178989768
0 0.47817653691163287 0.17801047302782536 0.015518913976848125 0.0314136128872633
0 0.494665383012034 0.14659686014056206 0.01357904972974211 0.0314136128872633
0 0.49903007756802253 0.1186736486852169 0.00872938911197707 0.02443281002342701
0 0.5101842969888821 0.13001745333895087 0.021338506718166173 0.029668412171304226
0 0.5193986521626357 0.17015706980600953 0.016488846100401133 0.029668412171304226
0 0.5305528715834953 0.1474694604985416 0.015518913976848125 0.03315881360322237
0 0.5465567516221199 0.15095986193045974 0.014548981853295118 0.03315881360322237
0 0.5436469552514609 0.1256544515490532 0.014548981853295118 0.0314136128872633
0 0.563045597722521 0.1431064587086439 0.012609117606189102 0.03490401431918144
0 0.5722599528962746 0.11518324725329876 0.01357904972974211 0.027923211455345154
0 0.5999030184175353 0.11343804653733969 0.014548981853295118 0.027923211455345154
0 0.6047526790353004 0.12652705190703273 0.016488846100401133 0.03315881360322237
0 0.6193016608885955 0.13263525441288948 0.014548981853295118 0.03490401431918144
0 0.6270611178770196 0.11518324725329876 0.014548981853295118 0.038394415751099586
0 0.6401552015449852 0.11082024546340108 0.01357904972974211 0.029668412171304226
0 0.6498545227805153 0.11692844796925783 0.01357904972974211 0.03490401431918144
0 0.6750727579928935 0.12216405011713505 0.01357904972974211 0.03490401431918144
0 0.6808923507342115 0.10732984403148293 0.011639185482636094 0.02617801073938608
0 0.7007759592670482 0.1064572436735034 0.014548981853295118 0.027923211455345154
0 0.6711930294986814 0.1745200715959072 0.01745877822395414 0.03490401431918144
0 0.6401552015449852 0.1527050626464188 0.019398642471060157 0.036649215035140514
0 0.5780795456375927 0.1666666683740914 0.019398642471060157 0.036649215035140514
0 0.5548011746723205 0.18499127589166164 0.019398642471060157 0.03490401431918144
0 0.745877803012263 0.1256544515490532 0.01357904972974211 0.03490401431918144
0 0.7308438550971914 0.14572425978258252 0.016488846100401133 0.03315881360322237
0 0.7327837193442974 0.1745200715959072 0.01842871034750715 0.03490401431918144
0 0.748787599382922 0.19284467911347747 0.019398642471060157 0.04013961646705866
0 0.7065955520083662 0.18586387624964118 0.01842871034750715 0.03315881360322237
0 0.7167798393056728 0.2417102991603315 0.023278370965272188 0.04712041933089495
0 0.6614937082631513 0.23996509844437242 0.019398642471060157 0.0436300178989768
0 0.6721629616222344 0.27225131168961525 0.021338506718166173 0.05235602147877216
0 0.6144520002708305 0.24520070059224963 0.024248303088825196 0.05759162362664938
0 0.612997102085501 0.21204188698902726 0.019398642471060157 0.036649215035140514
0 0.558195937104756 0.23385689593851566 0.030067895830143243 0.05584642291069031
0 0.6566440476453863 0.3455497417598963 0.03103782795369625 0.06980802863836288
0 0.7424830405798275 0.3769633546471596 0.033947624324355274 0.06631762720644474
0 0.7546071921242401 0.24607330095022917 0.021338506718166173 0.05235602147877216
0 0.7929195110045839 0.28708551777526736 0.02230843884171918 0.054101222194731236
0 0.8336566601938102 0.25741710560396314 0.020368574594613165 0.04712041933089495
0 0.8428710153675638 0.21815008949488401 0.019398642471060157 0.04188481718301773
0 0.8161978819698561 0.18586387624964118 0.014548981853295118 0.036649215035140514
0 0.7967992394987959 0.2033158834092319 0.020368574594613165 0.036649215035140514
0 0.7841901218926068 0.16317626694217324 0.012609117606189102 0.03315881360322237
0 0.7754607327806298 0.14485165942460299 0.014548981853295118 0.02443281002342701
0 0.7778855630895123 0.13001745333895087 0.011639185482636094 0.029668412171304226
0 0.80455869648722 0.14223385835066438 0.012609117606189102 0.03315881360322237
0 0.8195926444022916 0.13874345691874623 0.011639185482636094 0.03315881360322237
0 0.8385063208115753 0.16579406801611185 0.01842871034750715 0.04188481718301773
0 0.868089250579942 0.16492146765813231 0.01357904972974211 0.0436300178989768
0 0.8850630627421197 0.2347294962964952 0.01842871034750715 0.054101222194731236
0 0.9165858567575924 0.2495637023821473 0.015518913976848125 0.05584642291069031
0 0.9354995331668761 0.2102966862730682 0.014548981853295118 0.0436300178989768
0 0.9519883792672772 0.2277486934326589 0.014548981853295118 0.04013961646705866
0 0.9015519088425208 0.19895288161933422 0.014548981853295118 0.0314136128872633
0 0.9049466712749563 0.15357766300439835 0.011639185482636094 0.027923211455345154
0 0.9156159246340394 0.3342059371061623 0.023278370965272188 0.05759162362664938
