0 0.01969696907326579 0.47045453055761755 0.033333332277834415 0.06818181602284312
0 0.0181818176060915 0.4113636233378202 0.030303029343485832 0.05909090721979737
0 0.10606060270220041 0.48863634816370904 0.042424241080880165 0.06818181602284312
0 0.19393938779830933 0.40909089613705873 0.036363635212183 0.0545454528182745
0 0.22424241714179516 0.42272725934162736 0.036363635212183 0.06363636162132025
0 0.2893939302302897 0.5886363449972123 0.06969696749001741 0.14999999525025487
0 0.36363635212183 0.6249999802093953 0.09696969389915466 0.16818181285634637
0 0.28030302142724395 0.436363622546196 0.03939393814653158 0.072727270424366
0 0.3257575654424727 0.44545453134924173 0.03939393814653158 0.072727270424366
0 0.4196969564072788 0.46363634895533323 0.03939393814653158 0.06363636162132025
0 0.42121210787445307 0.5136363473720849 0.0545454528182745 0.08181817922741175
0 0.39090907853096724 0.4499999857507646 0.030303029343485832 0.0545454528182745
0 0.3969696843996644 0.4136363505385816 0.024242423474788666 0.04545454401522875
0 0.4348484710790217 0.4136363505385816 0.02727272640913725 0.06363636162132025
0 0.4696969548240304 0.44772725855000317 0.036363635212183 0.06818181602284312
0 0.5151514988392591 0.4431818041484803 0.030303029343485832 0.04999999841675162
0 0.5499999825842679 0.436363622546196 0.033333332277834415 0.072727270424366
0 0.5333333164453506 0.399999987334013 0.024242423474788666 0.04545454401522875
0 0.5757575575262308 0.4181818049401045 0.024242423474788666 0.0545454528182745
0 0.6015151324681938 0.44772725855000317 0.033333332277834415 0.05909090721979737
0 0.6196969500742853 0.4136363505385816 0.02727272640913725 0.04545454401522875
0 0.6454545250162482 0.42954544094391167 0.024242423474788666 0.04999999841675162
0 0.6696969484910369 0.41590907773934305 0.030303029343485832 0.040909089613705873
0 0.6560605852864683 0.3886363513302058 0.02727272640913725 0.04999999841675162
0 0.6712120999582112 0.4613636217545718 0.033333332277834415 0.05909090721979737
0 0.6333333132788539 0.561363618588075 0.06666666455566883 0.11363636003807187
0 0.8045454290695488 0.5159090745728463 0.06363636162132025 0.11363636003807187
0 0.8121211864054203 0.4136363505385816 0.036363635212183 0.0545454528182745
0 0.7696969453245401 0.40454544173553586 0.024242423474788666 0.04545454401522875
0 0.7333333101123571 0.4386363497469574 0.036363635212183 0.05909090721979737
0 0.7151514925062656 0.40909089613705873 0.024242423474788666 0.0545454528182745
0 0.701515129301697 0.399999987334013 0.021212120540440083 0.0545454528182745
0 0.7439393703825772 0.40454544173553586 0.021212120540440083 0.04545454401522875
