0 0.3179587838239968 0.23421926354058087 0.015701668336987495 0.03322259057313204
0 0.3513248290400952 0.21926909778267145 0.021589793963357806 0.039867108687758446
0 0.3562316003954038 0.2616279007634148 0.02551521104760468 0.04485049727372825
0 0.41560353379463777 0.2724252426996827 0.02453385677654296 0.04983388585969806
0 0.407752699626144 0.20681062631774694 0.01864573115017265 0.03488372010178864
0 0.4479882247396745 0.2549833826487884 0.02453385677654296 0.038205979159101844
0 0.47939156141364947 0.162790693808347 0.016683022608049214 0.029900331515818834
0 0.4936211983440444 0.21013288537506014 0.01962708542123437 0.038205979159101844
0 0.5348380777286366 0.20681062631774694 0.017664376879110932 0.038205979159101844
0 0.5289499521022663 0.15531561092939228 0.021589793963357806 0.03488372010178864
0 0.5677134458092041 0.14867109281476587 0.01864573115017265 0.03488372010178864
0 0.5731108943000436 0.1835548129165545 0.017664376879110932 0.038205979159101844
0 0.5981354282121174 0.1652823881013319 0.02453385677654296 0.04485049727372825
0 0.5745829257066362 0.29485049133654684 0.030421982402913272 0.05481727444566786
0 0.61678115936229 0.2591362064704299 0.02453385677654296 0.06312292208895087
0 0.6678115814574994 0.31727573997341096 0.03238469094503671 0.06976744020357728
0 0.6633954872377217 0.2632890302920714 0.02551521104760468 0.048172756331041455
0 0.66241413296666 0.22591361589729786 0.021589793963357806 0.039867108687758446
0 0.6736997070838697 0.1769102948019281 0.01864573115017265 0.03488372010178864
0 0.7154072636039928 0.23172756924759597 0.023552502505481243 0.048172756331041455
0 0.7365063804318197 0.2591362064704299 0.0264965653186664 0.05315614491701126
0 0.7718351341900416 0.23588039306923747 0.0264965653186664 0.05315614491701126
0 0.7409224746515974 0.1719269062159583 0.01962708542123437 0.038205979159101844
0 0.7684003942413256 0.1760797300375998 0.021589793963357806 0.039867108687758446
0 0.7757605512742884 0.13372092705685645 0.020608439692296088 0.028239201987162232
0 0.7899901882046834 0.20265780249610543 0.021589793963357806 0.04318936774507165
0 0.8159960763878189 0.2848837141646072 0.030421982402913272 0.05481727444566786
0 0.8287536819116212 0.24501660547684878 0.02453385677654296 0.048172756331041455
0 0.840039256028831 0.22757474542595446 0.02551521104760468 0.039867108687758446
0 0.8228655562852509 0.1835548129165545 0.01864573115017265 0.03488372010178864
0 0.8189401392010041 0.15033222234342247 0.01275760552380234 0.02491694292984903
0 0.8660451442119665 0.19102989579550922 0.020608439692296088 0.039867108687758446
0 0.8876349381753244 0.24916942929849029 0.022571148234419525 0.04983388585969806
0 0.895976449479349 0.22840531019028276 0.021589793963357806 0.038205979159101844
0 0.8915603552595712 0.20016610820312053 0.014720314065925777 0.031561461044475436
0 0.8954857723438181 0.13372092705685645 0.016683022608049214 0.038205979159101844
0 0.9568204142851755 0.11129567841999233 0.015701668336987495 0.03322259057313204
