0 0.07892157329479232 0.4481865272973664 0.04607843409758061 0.1018998270155862
0 0.28480393841164187 0.25043177825864404 0.022549020941369236 0.027633851394057274
0 0.33431374526116997 0.21502590616000816 0.021568628726527095 0.03972366137895733
0 0.3887255131849088 0.20207253831904382 0.018627452082000673 0.03454231424257159
0 0.3681372766732238 0.2202072532963939 0.022549020941369236 0.04317789280321449
0 0.4034313964075409 0.23316062113735825 0.020588236511684954 0.03799654566682875
0 0.4127451224485412 0.19948186475085095 0.017647059867158532 0.03281519853044301
0 0.42058826016727835 0.15630397194763646 0.01568627543747425 0.03281519853044301
0 0.45392159547191113 0.1450777198188007 0.01568627543747425 0.027633851394057274
0 0.4676470864797011 0.15544041409157217 0.01372549100778997 0.03454231424257159
0 0.48529414634685963 0.15630397194763646 0.01372549100778997 0.029360967106185853
0 0.49509806849528104 0.16321243479615077 0.01372549100778997 0.03281519853044301
0 0.5348039531963877 0.1606217612279579 0.018627452082000673 0.03799654566682875
0 0.5583333663525991 0.1865284969098866 0.020588236511684954 0.03799654566682875
0 0.5843137600459158 0.10794473200803623 0.01372549100778997 0.029360967106185853
0 0.6196078797802329 0.12003454199293628 0.01372549100778997 0.029360967106185853
0 0.6568627839442343 0.11139896343229339 0.01372549100778997 0.025906735681928694
0 0.47156865533906966 0.19170984404627234 0.019607844296842813 0.03799654566682875
0 0.44362747721606866 0.21502590616000816 0.018627452082000673 0.03626942995470017
0 0.5985294471611269 0.2279792740009725 0.024509805371053517 0.03799654566682875
0 0.6367647435399704 0.22452504257671535 0.02843137423042208 0.05181347136385739
0 0.6661765099852346 0.24093264184193686 0.026470589800737798 0.05008635565172881
0 0.7009804336121306 0.1951640754705295 0.021568628726527095 0.04145077709108591
0 0.7338235728093423 0.15112262481125072 0.01666666765231639 0.03626942995470017
0 0.8053922044928186 0.2892918817815371 0.024509805371053517 0.0673575127730146
0 0.8995098571176641 0.3324697745847516 0.02843137423042208 0.06390328134875745
0 0.9151961325551383 0.2806563032208942 0.026470589800737798 0.05008635565172881
0 0.8936275038286112 0.24093264184193686 0.018627452082000673 0.04317789280321449
0 0.9215686819516122 0.2366148525616154 0.019607844296842813 0.03454231424257159
0 0.9014706415473484 0.20207253831904382 0.01470588322263211 0.03799654566682875
0 0.9470588795375079 0.20034542260691524 0.01372549100778997 0.031088082818314433
0 0.9450980951078236 0.16407599265221506 0.011764706578105688 0.031088082818314433
