0 0.06250000093132257 0.3145833497401327 0.037500000558793545 0.058333336375653744
0 0.13437500200234354 0.3093750161351636 0.037500000558793545 0.05208333604969084
0 0.15859375236323103 0.31770834990311414 0.029687500442378223 0.05208333604969084
0 0.19375000288709998 0.284375014831312 0.03125000046566129 0.04375000228174031
0 0.22968750342261046 0.27604168106336147 0.02812500041909516 0.04375000228174031
0 0.05703125084983185 0.665625034715049 0.10468750155996531 0.12708333996124566
0 0.3226562548079528 0.6468750337371603 0.09531250142026693 0.11875000619329512
0 0.39218750584404916 0.5218750272179022 0.07500000111758709 0.09791667177341878
0 0.3960937559022568 0.44687502330634743 0.06093750090803951 0.08541667112149298
0 0.3375000050291419 0.4062500211875886 0.06250000093132257 0.07500000391155481
0 0.3937500058673322 0.2854166815523058 0.040625000605359674 0.06250000325962901
0 0.49687500740401447 0.23125001206062734 0.034375000512227416 0.04583333572372794
0 0.4460937566473149 0.37291668611578643 0.03593750053551048 0.054166669491678476
0 0.5453125081257895 0.5218750272179022 0.0875000013038516 0.10208333865739405
0 0.5398437580442987 0.37395835283678025 0.03281250048894435 0.047916669165715575
0 0.6257812593248673 0.3197916833451018 0.03281250048894435 0.047916669165715575
0 0.5656250084284693 0.3385416843229905 0.02812500041909516 0.04375000228174031
0 0.6703125099884346 0.38750002020969987 0.0437500006519258 0.058333336375653744
0 0.7015625104540959 0.4385416895383969 0.05000000074505806 0.07291667046956718
0 0.7742187615367584 0.5041666929610074 0.06406250095460564 0.07500000391155481
0 0.8351562624447979 0.5958333644084632 0.08281250123400241 0.1291666734032333
0 0.57109375850996 0.8739583789138123 0.1359375020256266 0.13125000684522092
0 0.8335937624215148 0.3041666825301945 0.03593750053551048 0.04583333572372794
0 0.960156264307443 0.3531250184169039 0.051562500768341124 0.06875000358559191
