0 0.08349609375 0.5533854331588373 0.1123046875 0.153645837912336
0 0.0625 0.3789062612922862 0.046875 0.06510416860692203
0 0.14892578125 0.4264323043753393 0.0595703125 0.07421875221189111
0 0.22021484375 0.45117188844596967 0.0771484375 0.10546875314321369
0 0.13623046875 0.38020834466442466 0.0537109375 0.06510416860692203
0 0.15283203125 0.3372395933838561 0.0419921875 0.05989583511836827
0 0.1884765625 0.3593750107102096 0.041015625 0.054687501629814506
0 0.05419921875 0.35156251047737896 0.0380859375 0.052083334885537624
0 0.2783203125 0.23177084024064243 0.02734375 0.0416666679084301
0 0.27978515625 0.3593750107102096 0.0537109375 0.07552083558402956
0 0.35107421875 0.3880208448972553 0.0498046875 0.07291666883975267
0 0.32763671875 0.3522135521634482 0.0361328125 0.0481770847691223
0 0.3740234375 0.3359375100117177 0.02734375 0.04687500139698386
0 0.43310546875 0.38411459478084 0.0439453125 0.05729166837409139
0 0.4287109375 0.3268229264067486 0.033203125 0.0416666679084301
0 0.49609375 0.35156251047737896 0.02734375 0.0416666679084301
0 0.48681640625 0.33463542663957924 0.0263671875 0.026041667442768812
0 0.48046875 0.31250000931322575 0.01953125 0.02343750069849193
0 0.51806640625 0.3684895943151787 0.0400390625 0.054687501629814506
0 0.56640625 0.4238281376310624 0.07421875 0.10026041965465993
0 0.5498046875 0.35481771890772507 0.037109375 0.050781251513399184
0 0.5634765625 0.3300781348370947 0.0234375 0.029947917559184134
0 0.57421875 0.32291667629033327 0.01953125 0.028645834187045693
0 0.60009765625 0.3391927184420638 0.0302734375 0.0481770847691223
0 0.642578125 0.3593750107102096 0.0390625 0.04947916814126074
0 0.701171875 0.4401041797827929 0.091796875 0.1380208374466747
0 0.759765625 0.3886718865833245 0.046875 0.076822918956168
0 0.7392578125 0.35156251047737896 0.029296875 0.04427083465270698
0 0.69921875 0.339843760128133 0.0234375 0.033854167675599456
0 0.7490234375 0.32812500977888703 0.021484375 0.03645833441987634
0 0.77880859375 0.34179688518634066 0.0283203125 0.04036458453629166
0 0.84033203125 0.36393230251269415 0.0419921875 0.053385418257676065
0 0.8642578125 0.4557291802484542 0.076171875 0.1250000037252903
0 0.92333984375 0.4589843886788003 0.0595703125 0.09765625291038305
0 0.9130859375 0.3906250116415322 0.05078125 0.05729166837409139
0 0.87841796875 0.3756510528619401 0.0400390625 0.0481770847691223
0 0.970703125 0.35807292733807117 0.037109375 0.05729166837409139
