0 0.06082589557627216 0.38649706169962883 0.021205358090810478 0.04892367869615555
0 0.25279018987203017 0.26223091781139374 0.014508929220028222 0.027397260069847107
0 0.2723214407451451 0.2661448121070862 0.02008928661234677 0.035225048661231995
0 0.3091517995344475 0.24559686705470085 0.01562500069849193 0.025440312922000885
0 0.3013392991852015 0.22602739557623863 0.013392857741564512 0.03326810151338577
0 0.3348214435391128 0.24755381420254707 0.01562500069849193 0.03718199580907822
0 0.3510044799768366 0.25538160279393196 0.01674107217695564 0.03718199580907822
0 0.3549107301514596 0.29745596647262573 0.022321429569274187 0.046966731548309326
0 0.3459821583237499 0.2221135012805462 0.01562500069849193 0.02935420721769333
0 0.37611608824227005 0.2152641862630844 0.02008928661234677 0.03913894295692444
0 0.39732144633308053 0.2681017592549324 0.024553572526201606 0.05088062584400177
0 0.38225448137382045 0.18884539976716042 0.01897321513388306 0.03326810151338577
0 0.4012276965077035 0.20352250337600708 0.021205358090810478 0.03131115436553955
0 0.44029019825393334 0.2240704484283924 0.021205358090810478 0.03326810151338577
0 0.4447544841677882 0.18884539976716042 0.01897321513388306 0.02935420721769333
0 0.46595984225859866 0.22896281629800797 0.021205358090810478 0.03913894295692444
0 0.4564732346916571 0.14970645681023598 0.01562500069849193 0.025440312922000885
0 0.47712055704323575 0.19471624121069908 0.01674107217695564 0.03326810151338577
0 0.47098216391168535 0.17123287543654442 0.01562500069849193 0.02935420721769333
0 0.4787946642609313 0.13894324749708176 0.01562500069849193 0.023483365774154663
0 0.5000000223517418 0.19373776763677597 0.01785714365541935 0.03131115436553955
0 0.5267857378348708 0.2133072391152382 0.022321429569274187 0.03913894295692444
0 0.5256696663564071 0.16438356041908264 0.013392857741564512 0.023483365774154663
0 0.5435268100118265 0.1604696661233902 0.01562500069849193 0.035225048661231995
0 0.5625000251457095 0.14872798323631287 0.013392857741564512 0.027397260069847107
0 0.560825917928014 0.12035224959254265 0.014508929220028222 0.02935420721769333
0 0.575892882887274 0.16536203399300575 0.01562500069849193 0.02935420721769333
0 0.5948660980211571 0.14481408894062042 0.01562500069849193 0.03131115436553955
0 0.6127232416765764 0.14872798323631287 0.013392857741564512 0.03131115436553955
0 0.6333705640281551 0.13992172107100487 0.01674107217695564 0.03326810151338577
0 0.6434152073343284 0.12133072316646576 0.014508929220028222 0.027397260069847107
0 0.6646205654251389 0.11937377601861954 0.012276786263100803 0.03131115436553955
0 0.4988839508732781 0.30039138719439507 0.029017858440056443 0.06457925587892532
0 0.5429687742725946 0.24657534062862396 0.025669644004665315 0.046966731548309326
0 0.5691964540164918 0.2925635986030102 0.024553572526201606 0.04892367869615555
0 0.614397348894272 0.30039138719439507 0.027901786961592734 0.056751467287540436
0 0.6149553846335039 0.24461839348077774 0.022321429569274187 0.05088062584400177
0 0.6138393131550401 0.2045009769499302 0.024553572526201606 0.045009784400463104
0 0.6467634217697196 0.20352250337600708 0.023437501047737896 0.04305283725261688
0 0.6523437791620381 0.2857142835855484 0.027901786961592734 0.054794520139694214
0 0.7003348527359776 0.2671232856810093 0.027901786961592734 0.06066536158323288
0 0.7109375317813829 0.22602739557623863 0.02008928661234677 0.04892367869615555
0 0.6919643166474998 0.18199608474969864 0.02008928661234677 0.04305283725261688
0 0.691406280908268 0.14579256251454353 0.01897321513388306 0.03326810151338577
0 0.7165178891737014 0.16634050756692886 0.01562500069849193 0.03913894295692444
0 0.7248884252621792 0.19863013550639153 0.021205358090810478 0.04109589010477066
0 0.7494419977883808 0.23874755203723907 0.021205358090810478 0.05870841443538666
0 0.7606027125730179 0.21232876554131508 0.021205358090810478 0.04109589010477066
0 0.7600446768337861 0.17123287543654442 0.01785714365541935 0.03718199580907822
0 0.7455357476137578 0.13796477392315865 0.01562500069849193 0.03326810151338577
0 0.7243303895229474 0.11741682887077332 0.01562500069849193 0.035225048661231995
0 0.7566964623983949 0.13209393247961998 0.01785714365541935 0.03718199580907822
0 0.7734375345753506 0.1692759282886982 0.01785714365541935 0.03718199580907822
0 0.7829241421422921 0.14970645681023598 0.014508929220028222 0.02935420721769333
0 0.7700893201399595 0.2866927571594715 0.029017858440056443 0.06066536158323288
0 0.8376116445870139 0.31800391152501106 0.027901786961592734 0.056751467287540436
0 0.852678609546274 0.23679060488939285 0.024553572526201606 0.046966731548309326
0 0.8208705724100582 0.20743639767169952 0.01674107217695564 0.03913894295692444
0 0.8297991442377679 0.15753424540162086 0.014508929220028222 0.03326810151338577
0 0.8459821806754917 0.1604696661233902 0.01562500069849193 0.03131115436553955
0 0.8593750384170562 0.19373776763677597 0.01562500069849193 0.03913894295692444
0 0.8850446824217215 0.2152641862630844 0.01562500069849193 0.04305283725261688
0 0.8978795044240542 0.2318982370197773 0.014508929220028222 0.03718199580907822
0 0.9135045051225461 0.25342465564608574 0.023437501047737896 0.04892367869615555
0 0.8805803965078667 0.16634050756692886 0.01562500069849193 0.03131115436553955
0 0.8962053972063586 0.1878669261932373 0.01562500069849193 0.035225048661231995
