0 0.7234375107800588 0.401408456498757 0.034375000512227416 0.0704225362278521
0 0.606250009033829 0.4131455458700657 0.02812500041909516 0.05164319323375821
0 0.57109375850996 0.39201878500171006 0.03281250048894435 0.04694835748523474
0 0.522656257788185 0.4154929637443274 0.03281250048894435 0.04694835748523474
0 0.4875000072643161 0.4166666726814583 0.02812500041909516 0.049295775359496474
0 0.45234375674044713 0.4530516497325152 0.04531250067520887 0.0704225362278521
0 0.437500006519258 0.3908450760645792 0.02500000037252903 0.049295775359496474
0 0.3304687549243681 0.4507042318582535 0.05781250086147338 0.08450704347342253
0 0.3476562551804818 0.39671362075023353 0.03906250058207661 0.0704225362278521
0 0.29453125438885763 0.3615023526363075 0.026562500395812094 0.05164319323375821
0 0.26562500395812094 0.36619718838483095 0.02812500041909516 0.04694835748523474
0 0.2210937532945536 0.44835681398399174 0.051562500768341124 0.07981220772489905
0 0.17656250263098627 0.4119718369329348 0.04687500069849193 0.06807511835359037
0 0.0703125010477379 0.40023474756162614 0.04687500069849193 0.07276995410211384
0 0.016406250244472176 0.39671362075023353 0.029687500442378223 0.06103286473080516
0 0.2328125034691766 0.37441315094474703 0.0218750003259629 0.03051643236540258
0 0.21953125327127054 0.35915493476204574 0.017187500256113708 0.032863850239664316
