0 0.058766860398463905 0.315517240203917 0.025048170005902648 0.05862068943679333
0 0.2716763054486364 0.22672413708642125 0.017341040773317218 0.0327586205676198
0 0.3309248614241369 0.251724136993289 0.018304431927390397 0.04137931019067764
0 0.3819845925900154 0.2577586197294295 0.026011561159975827 0.049999999813735485
0 0.4185934564447962 0.2784482748247683 0.02408477885182947 0.04655172396451235
0 0.40703276259591803 0.22155172331258655 0.018304431927390397 0.03620689641684294
0 0.3940269820159301 0.1965517234057188 0.01541425846517086 0.031034482643008232
0 0.3728323766263202 0.19310344755649567 0.01541425846517086 0.03448275849223137
0 0.3911368085537106 0.17327586142346263 0.013487476157024503 0.025862068869173527
0 0.409441240481101 0.17155172349885106 0.017341040773317218 0.03620689641684294
0 0.4441233220277354 0.21465517161414027 0.017341040773317218 0.03620689641684294
0 0.4412331485655159 0.17586206831037998 0.013487476157024503 0.027586206793785095
0 0.4393063662573695 0.15431034425273538 0.013487476157024503 0.02241379301995039
0 0.4682081008795649 0.14310344774276018 0.013487476157024503 0.027586206793785095
0 0.4812138814595528 0.15517241321504116 0.012524085002951324 0.027586206793785095
0 0.4807321858825162 0.18448275793343782 0.01541425846517086 0.031034482643008232
0 0.463391145109199 0.2189655164256692 0.019267823081463575 0.04137931019067764
0 0.5120423983898945 0.2189655164256692 0.018304431927390397 0.037931034341454506
0 0.5231213966617361 0.1853448268957436 0.017341040773317218 0.039655172266066074
0 0.49759153107879683 0.1413793098181486 0.012524085002951324 0.031034482643008232
0 0.5269749612780288 0.1413793098181486 0.011560693848878145 0.027586206793785095
0 0.5399807418580167 0.14310344774276018 0.010597302694804966 0.02413793094456196
0 0.5447976976283826 0.19224137859418988 0.018304431927390397 0.039655172266066074
0 0.5390173507039435 0.12499999953433871 0.008670520386658609 0.02241379301995039
0 0.5510597401298583 0.14310344774276018 0.009633911540731788 0.017241379246115685
0 0.5674373897491023 0.14482758566737175 0.011560693848878145 0.02413793094456196
0 0.5804431703290902 0.12844827538356185 0.008670520386658609 0.02241379301995039
0 0.5895953862927854 0.17068965453654528 0.017341040773317218 0.027586206793785095
0 0.5953757332172245 0.1370689650066197 0.011560693848878145 0.0327586205676198
0 0.6050096447579563 0.12327586160972714 0.009633911540731788 0.02241379301995039
0 0.6127167739905417 0.11206896509975195 0.011560693848878145 0.027586206793785095
0 0.6271676413016394 0.12931034434586763 0.013487476157024503 0.031034482643008232
0 0.6184971209149808 0.1689655166119337 0.01541425846517086 0.03448275849223137
0 0.6411368130357005 0.12327586160972714 0.014450867311097682 0.0327586205676198
0 0.6579961582319811 0.14913793047890067 0.01541425846517086 0.03620689641684294
0 0.6565510715008713 0.11637930991128087 0.012524085002951324 0.029310344718396664
0 0.6608863316942006 0.12155172368511558 0.011560693848878145 0.025862068869173527
0 0.6859345017001033 0.12327586160972714 0.013487476157024503 0.029310344718396664
0 0.6946050220867619 0.11206896509975195 0.011560693848878145 0.031034482643008232
0 0.7109826717060059 0.11810344783589244 0.011560693848878145 0.0327586205676198
0 0.5708092587883584 0.2775862058624625 0.026011561159975827 0.05862068943679333
0 0.5833333437913097 0.251724136993289 0.026011561159975827 0.04827586188912392
0 0.6343930749571882 0.2456896542571485 0.02215799654368311 0.049999999813735485
0 0.6180154253379442 0.2344827577471733 0.01637764961924404 0.031034482643008232
0 0.6618497228482738 0.20086206821724772 0.017341040773317218 0.03620689641684294
0 0.6806358503527008 0.21206896472722292 0.02215799654368311 0.051724137738347054
0 0.6753371990052983 0.2784482748247683 0.026974952314049006 0.04655172396451235
0 0.7071291070897132 0.19224137859418988 0.017341040773317218 0.04310344811528921
0 0.7345857549807988 0.1422413787804544 0.012524085002951324 0.03620689641684294
0 0.7495183178689331 0.1474137925542891 0.009633911540731788 0.029310344718396664
0 0.7577071426785551 0.16034482698887587 0.01637764961924404 0.031034482643008232
0 0.7427745797904208 0.18965517170727253 0.01541425846517086 0.03448275849223137
0 0.7596339249867015 0.20603448199108243 0.018304431927390397 0.039655172266066074
0 0.7658959674881771 0.251724136993289 0.017341040773317218 0.04137931019067764
0 0.7745664878748357 0.3017241368070245 0.03082851693034172 0.05862068943679333
0 0.735549146134872 0.2681034472770989 0.02215799654368311 0.05344827566295862
0 0.7316955815185793 0.24741379218176007 0.02215799654368311 0.04310344811528921
0 0.827071305771824 0.30948275746777654 0.026011561159975827 0.049999999813735485
0 0.7923892242251895 0.21982758538797498 0.018304431927390397 0.03620689641684294
0 0.8424855642369948 0.24137930944561958 0.01637764961924404 0.04482758603990078
0 0.8680154298199341 0.2732758610509336 0.026974952314049006 0.05344827566295862
0 0.9094412494450808 0.35862068831920624 0.026974952314049006 0.0655172411352396
0 0.9224470300250687 0.30775861954316497 0.01637764961924404 0.049999999813735485
0 0.8954720777110197 0.2465517232194543 0.018304431927390397 0.031034482643008232
0 0.9219653344480321 0.2853448265232146 0.019267823081463575 0.03620689641684294
0 0.9335260282969102 0.23620689567178488 0.017341040773317218 0.04137931019067764
0 0.9499036779161543 0.22499999916180968 0.009633911540731788 0.029310344718396664
0 0.9489402867620811 0.19482758548110723 0.011560693848878145 0.027586206793785095
0 0.9503853734931909 0.1741379303857684 0.01637764961924404 0.027586206793785095
0 0.9147399007924832 0.16810344764962792 0.014450867311097682 0.029310344718396664
0 0.9070327715598978 0.1905172406695783 0.014450867311097682 0.0327586205676198
0 0.8468208244303241 0.2025862061418593 0.021194605389609933 0.0327586205676198
0 0.8111753517296165 0.163793102838099 0.017341040773317218 0.03448275849223137
0 0.8025048313429579 0.13879310293123126 0.01541425846517086 0.029310344718396664
0 0.778901748068165 0.14482758566737175 0.01637764961924404 0.031034482643008232
0 0.8236994367325678 0.1482758615165949 0.011560693848878145 0.02413793094456196
0 0.8400770863518119 0.16120689595118165 0.013487476157024503 0.03620689641684294
0 0.8564547359710559 0.1525862063281238 0.011560693848878145 0.018965517170727253
0 0.8790944280917756 0.17327586142346263 0.014450867311097682 0.029310344718396664
0 0.8930635998258367 0.15603448217734694 0.011560693848878145 0.02241379301995039
0 0.8607899961643852 0.1862068958580494 0.014450867311097682 0.031034482643008232
