0 0.141357421875 0.3372395933838561 0.04345703125 0.06901041872333735
0 0.193359375 0.3522135521634482 0.0458984375 0.08723958593327552
0 0.265869140625 0.3792317821353208 0.04345703125 0.0735677105258219
0 0.2998046875 0.39615886597312056 0.044921875 0.07096354378154501
0 0.277587890625 0.4547526177193504 0.06494140625 0.08789062761934474
0 0.345947265625 0.44075522146886215 0.05224609375 0.07812500232830644
0 0.359130859375 0.35709636480896734 0.04931640625 0.07877604401437566
0 0.3916015625 0.4163411582412664 0.048828125 0.07486979389796034
0 0.4423828125 0.4101562622236088 0.0478515625 0.0833333358168602
0 0.3779296875 0.5537109540018719 0.064453125 0.09700521122431383
0 0.45947265625 0.34798178120399825 0.048828125 0.0930989611078985
0 0.510986328125 0.41536459571216255 0.04736328125 0.08723958593327552
0 0.550537109375 0.3525390730064828 0.05419921875 0.09830729459645227
0 0.608642578125 0.4104817830666434 0.04345703125 0.08919271099148318
0 0.6572265625 0.38606771983904764 0.046875 0.09505208616610616
0 0.68408203125 0.44661459664348513 0.0517578125 0.08203125244472176
0 0.735107421875 0.3535156355355866 0.05615234375 0.08593750256113708
0 0.767578125 0.4296875128056854 0.052734375 0.0963541695382446
