0 0.05345211736857891 0.6269841355970129 0.09799554850906134 0.16825397056527436
0 0.11804009252227843 0.5825396905420348 0.08017817605286837 0.13015873194672167
0 0.13140312186442316 0.4777777843410149 0.07126948982477188 0.10476190620101988
0 0.39977729448582977 0.4984127052593976 0.05122494581155479 0.08253968367353082
0 0.4420935540692881 0.49682540365029126 0.06904231826774776 0.13015873194672167
0 0.4922049141023308 0.5285714358324185 0.06681514671072364 0.10476190620101988
0 0.5846325337188318 0.5492063567508012 0.08685969072394073 0.1460317480377853
0 0.6514476804295555 0.45238095859531313 0.060133632039651275 0.11111111263744533
0 0.6325167221948504 0.29682540090288967 0.04899777425453067 0.09206349332816899
0 0.7204899986973032 0.5079365149140358 0.06458797515369952 0.1206349222920835
0 0.6948775257915258 0.7333333434071392 0.12472160719335079 0.2539682574570179
0 0.8407572627766058 0.7984127093805 0.21603564103133976 0.3587301636580378
0 0.8195991329848766 0.557142864796333 0.09799554850906134 0.13650793838314712
0 0.9120267526013777 0.48412699077744037 0.06458797515369952 0.11111111263744533
0 0.954343012184836 0.5761904841056094 0.09131403383798897 0.1746031770016998
0 0.9643652841914445 0.5079365149140358 0.05790646048262715 0.1079365094192326
