0 0.09108989563537762 0.5723905586637557 0.043754971702583134 0.10101009858772159
0 0.22474144556326792 0.2929292859043926 0.019888623501174152 0.04713804600760341
0 0.20962609170237556 0.2786195219377987 0.015115353860892355 0.0488215476507321
0 0.2772474116063677 0.2659932596143335 0.016706443740986288 0.03367003286257386
0 0.27128082455601543 0.2407407349674031 0.01591089880093932 0.03703703614883125
0 0.3027048496878706 0.2205387152498588 0.015115353860892355 0.04377104272134602
0 0.32696897035930306 0.2348484792164527 0.01591089880093932 0.0488215476507321
0 0.3452665039803833 0.22306396771455184 0.01431980892084539 0.052188550936989486
0 0.36435958254151046 0.2659932596143335 0.01591089880093932 0.03703703614883125
0 0.38782815827289596 0.2567340005771257 0.015115353860892355 0.03872053779195994
0 0.43516308220569044 0.30808080069255084 0.020684168441221118 0.05050504929386079
0 0.46340492757735774 0.255050498933997 0.01829753362108022 0.04208754107821733
0 0.3587907679611817 0.20707070210482925 0.01431980892084539 0.040404039435088634
0 0.3822593436925672 0.20117844635387883 0.016706443740986288 0.03872053779195994
0 0.42362768057500944 0.19949494471075013 0.015115353860892355 0.03872053779195994
0 0.42800317774526775 0.1683501643128693 0.01431980892084539 0.03367003286257386
0 0.4474940287764184 0.16750841349130496 0.011933174100704491 0.028619527933187783
0 0.4713603769778274 0.17845117417164147 0.015115353860892355 0.03703703614883125
0 0.48846459318883717 0.21043770539108664 0.017501988681033254 0.040404039435088634
0 0.4852824134286493 0.1557239019894041 0.01431980892084539 0.035353534505702555
0 0.5119331689202227 0.18013467581477016 0.015115353860892355 0.03703703614883125
0 0.5175019835005514 0.15993265609722584 0.016706443740986288 0.03703703614883125
0 0.54017501429189 0.23821548250271007 0.01591089880093932 0.03872053779195994
0 0.5600636377930641 0.21548821032047272 0.01591089880093932 0.03703703614883125
0 0.550914870982524 0.16666666266974062 0.015115353860892355 0.03367003286257386
0 0.5481304636923596 0.13888888555811718 0.012728719040751457 0.03198653121944517
0 0.5700079495436512 0.14141413802281022 0.013524263980798423 0.040404039435088634
0 0.5898965730448253 0.12878787569934502 0.011933174100704491 0.035353534505702555
0 0.598647567385342 0.1590909052756615 0.015115353860892355 0.03198653121944517
0 0.6046141544356942 0.18181817745789886 0.012728719040751457 0.03703703614883125
0 0.61097851395607 0.20707070210482925 0.01431980892084539 0.03367003286257386
0 0.4590294304070994 0.18013467581477016 0.011137629160657525 0.03703703614883125
0 0.620922825706657 0.13131312816403806 0.013524263980798423 0.040404039435088634
0 0.6384248143876903 0.1498316462384537 0.015115353860892355 0.03367003286257386
0 0.6567223480087705 0.1338383806287311 0.013524263980798423 0.03872053779195994
0 0.6833731035003439 0.1430976396659389 0.012728719040751457 0.03367003286257386
0 0.704057271941565 0.15993265609722584 0.012728719040751457 0.03703703614883125
0 0.6471758087282069 0.18855218403041363 0.013524263980798423 0.03703703614883125
0 0.6785998338600621 0.1717171675991267 0.012728719040751457 0.03703703614883125
0 0.5731901293038391 0.17929292499320582 0.016706443740986288 0.03198653121944517
0 0.5648369074333459 0.3468013384845108 0.019093078561127186 0.05050504929386079
0 0.6002386572654359 0.383838374633342 0.02466189314145595 0.057239055866375566
0 0.6070007892558351 0.30639729904942214 0.025457438081502914 0.057239055866375566
0 0.6519490783684887 0.2567340005771257 0.01829753362108022 0.0488215476507321
0 0.6885441456106491 0.22474746935768053 0.016706443740986288 0.03872053779195994
0 0.6503579884883948 0.40993265010183677 0.02466189314145595 0.05892255750950426
0 0.7096260865218937 0.42003365996060893 0.025457438081502914 0.062289560795761645
0 0.7859984007664025 0.4520201911800541 0.027048527961596847 0.0723905706545338
0 0.8603818526607938 0.4898989781504497 0.027844072901643813 0.0740740722976625
0 0.8727127992315218 0.41329965338809416 0.020684168441221118 0.06565656408201903
0 0.9451073887757957 0.45117844035848975 0.025457438081502914 0.06397306243889034
0 0.7132060387521051 0.26851851207902655 0.021479713381268084 0.0488215476507321
0 0.7330946622532792 0.23569023003801703 0.016706443740986288 0.04377104272134602
0 0.7362768420134671 0.19276093813823536 0.015115353860892355 0.035353534505702555
0 0.7605409626848996 0.18771043320884928 0.012728719040751457 0.035353534505702555
0 0.7680986396153457 0.21548821032047272 0.011933174100704491 0.030303029576316476
0 0.786396173236426 0.25420874811243266 0.015115353860892355 0.04377104272134602
0 0.7422434290638193 0.2979797908337787 0.020684168441221118 0.04713804600760341
0 0.8054892517975532 0.3089225515141152 0.01829753362108022 0.052188550936989486
0 0.8090692040277645 0.23232322675175965 0.01591089880093932 0.03703703614883125
0 0.7983293473371305 0.1952861906029284 0.013524263980798423 0.03703703614883125
0 0.8309466898790561 0.2188552136067301 0.011933174100704491 0.03703703614883125
0 0.8619729425408877 0.23905723332427442 0.013524263980798423 0.03703703614883125
0 0.8703261644113809 0.22643097100080922 0.012728719040751457 0.03872053779195994
0 0.8878281530924141 0.2584175022202544 0.012728719040751457 0.04208754107821733
0 0.8969769199029543 0.24326598743209615 0.011933174100704491 0.035353534505702555
0 0.8790771587518975 0.3005050432984717 0.01591089880093932 0.045454544364474714
0 0.8560063554905355 0.31734005972975865 0.019093078561127186 0.03872053779195994
0 0.8528241757303476 0.36952861066674814 0.01591089880093932 0.05555555422324687
0 0.9152744535240345 0.3383838302688673 0.015115353860892355 0.05050504929386079
0 0.9172633158741519 0.27609426947310567 0.01431980892084539 0.040404039435088634
0 0.9423229814856313 0.25925925304181874 0.013524263980798423 0.03703703614883125
0 0.9705648268572986 0.255050498933997 0.012728719040751457 0.03198653121944517
0 0.961018287576735 0.3779461188823916 0.017501988681033254 0.0488215476507321
0 0.9622116049868055 0.34259258437668905 0.015115353860892355 0.035353534505702555
0 0.9614160600467585 0.3089225515141152 0.011933174100704491 0.03872053779195994
