0 0.25869963472359814 0.4037520429119468 0.050366300565656275 0.10929853282868862
0 0.29075091690174304 0.21207178011536598 0.024725274823140353 0.042414356023073196
0 0.3379120892495848 0.21778140496462584 0.023809523903764784 0.04730832017958164
0 0.38049450700054877 0.19575856626033783 0.017399267468135804 0.032626427710056305
0 0.40979853642056696 0.2145187621936202 0.022893772984389216 0.04730832017958164
0 0.46565934250247665 0.15415987093001604 0.024725274823140353 0.04404567740857601
0 0.5572344344400335 0.16639478132128716 0.024725274823140353 0.05872756987810135
0 0.5787545810453594 0.07748776581138372 0.014652014710009098 0.03099510632455349
0 0.6442307717807125 0.1174551397562027 0.01373626379063353 0.029363784939050674
0 0.6465201490791515 0.150081567466259 0.018315018387511373 0.022838499397039413
0 0.753663006646093 0.14274062123149633 0.014652014710009098 0.02773246355354786
0 0.7715201495739166 0.14518760330975056 0.017399267468135804 0.032626427710056305
0 0.8685897470277268 0.1924959234893322 0.01373626379063353 0.035889070481061935
0 0.9368131905212067 0.18841762002557516 0.014652014710009098 0.03425774909555912
0 0.8914835200121161 0.2593801002949476 0.017399267468135804 0.042414356023073196
0 0.9180402966740075 0.25203915406018496 0.01923076930688694 0.04730832017958164
0 0.8241758274380118 0.25367047544568777 0.023809523903764784 0.0538336057215929
