0 0.10594594851136208 0.4147509479080327 0.04972973093390465 0.10536398214753717
0 0.27621622290462255 0.22701148880878463 0.018378378823399544 0.036398466560058296
0 0.31243243999779224 0.21839079936034977 0.01297297328710556 0.03448275779373944
0 0.3254054132848978 0.21455938182771206 0.01297297328710556 0.03448275779373944
0 0.3254054132848978 0.1992337116971612 0.015135135501623154 0.03448275779373944
0 0.34810811653733253 0.21743294497719035 0.015135135501623154 0.044061301625333726
0 0.36972973868250847 0.24042145017301664 0.01945945993065834 0.036398466560058296
0 0.3545946031808853 0.18486589594976977 0.015135135501623154 0.036398466560058296
0 0.37621622532606125 0.20689654676243663 0.017297297716140747 0.03831417532637715
0 0.38162163086235523 0.16091953637078404 0.01297297328710556 0.026819922728464007
0 0.3924324419349432 0.2059386923792772 0.015135135501623154 0.04022988409269601
0 0.40378379356116056 0.2289271975751035 0.01621621660888195 0.04022988409269601
0 0.4183783885091543 0.2423371589393355 0.01945945993065834 0.04789271915797144
0 0.4200000101700425 0.19157087663188577 0.01621621660888195 0.026819922728464007
0 0.4210810912773013 0.15421455568866804 0.014054054394364357 0.03256704902742058
0 0.44054055120795965 0.15804597322130576 0.01621621660888195 0.028735631494782865
0 0.44216217286884785 0.1896551678655669 0.017297297716140747 0.04214559285901487
0 0.44648649729788303 0.20977010991191491 0.01945945993065834 0.04022988409269601
0 0.47405406553298235 0.1293103417265229 0.011891892179846764 0.02490421396214515
0 0.4854054171591997 0.14176244870759547 0.01297297328710556 0.026819922728464007
0 0.5000000121071935 0.1791187696508132 0.014054054394364357 0.03256704902742058
0 0.529189202003181 0.16762451705290005 0.01621621660888195 0.04022988409269601
0 0.5172973098233342 0.15996168198762462 0.014054054394364357 0.02490421396214515
0 0.5140540665015578 0.14559386624023318 0.011891892179846764 0.022988505195826292
0 0.5145946070551872 0.12835248734336346 0.010810811072587967 0.019157087663188577
0 0.4978378498926759 0.11877394351176918 0.011891892179846764 0.022988505195826292
0 0.5481081213802099 0.11877394351176918 0.01297297328710556 0.026819922728464007
0 0.5648648785427213 0.14080459432443604 0.011891892179846764 0.02490421396214515
0 0.5681081218644977 0.15996168198762462 0.014054054394364357 0.03256704902742058
0 0.5556756891310215 0.17816091526765376 0.017297297716140747 0.03831417532637715
0 0.5945946089923382 0.1590038276044652 0.01297297328710556 0.030651340261101723
0 0.6081081228330731 0.1590038276044652 0.01621621660888195 0.04214559285901487
0 0.6021621767431498 0.11111110844649374 0.01297297328710556 0.022988505195826292
0 0.6243243394419551 0.13409961364232004 0.014054054394364357 0.030651340261101723
0 0.6394594749435782 0.14559386624023318 0.014054054394364357 0.030651340261101723
0 0.6518919076770544 0.1427203030907549 0.015135135501623154 0.028735631494782865
0 0.6697297459468246 0.1130268172128126 0.011891892179846764 0.030651340261101723
0 0.6810810975730419 0.10344827338121831 0.010810811072587967 0.026819922728464007
0 0.6772973136976361 0.13026819610968232 0.014054054394364357 0.026819922728464007
0 0.7086486658081412 0.11015325406333432 0.011891892179846764 0.03256704902742058
0 0.5897297440096736 0.21839079936034977 0.020540541037917137 0.045977010391652584
0 0.6329729883000255 0.22988505195826292 0.02270270325243473 0.05747126298956573
0 0.6454054210335016 0.2030651292297989 0.017297297716140747 0.045977010391652584
0 0.6697297459468246 0.16858237143605947 0.01621621660888195 0.030651340261101723
0 0.670270286500454 0.22126436250982806 0.017297297716140747 0.04789271915797144
0 0.6848648814484477 0.25095784838777035 0.02270270325243473 0.0498084279242903
0 0.712432449683547 0.3180076552089304 0.028108108788728714 0.0766283506527543
0 0.776216235011816 0.34770114108687267 0.028108108788728714 0.05938697175588459
0 0.7956756949424744 0.2749042079667561 0.021621622145175934 0.05555555422324687
0 0.7648648833855987 0.24137930455617607 0.018378378823399544 0.045977010391652584
0 0.73675677459687 0.23850574140669778 0.020540541037917137 0.04022988409269601
0 0.7210810985416174 0.17720306088449433 0.015135135501623154 0.03256704902742058
0 0.7324324501678348 0.17337164335185662 0.014054054394364357 0.04022988409269601
0 0.7345946123823524 0.14367815747391433 0.014054054394364357 0.03448275779373944
0 0.7470270451158285 0.13505746802547947 0.01297297328710556 0.03256704902742058
0 0.7654054239392281 0.12164750666124746 0.01297297328710556 0.028735631494782865
0 0.7772973161190748 0.13888888555811718 0.01297297328710556 0.03256704902742058
0 0.8000000193715096 0.1331417592591606 0.010810811072587967 0.02490421396214515
0 0.8178378576412797 0.13218390487600118 0.011891892179846764 0.030651340261101723
0 0.7935135327279568 0.1657088082865812 0.01297297328710556 0.028735631494782865
0 0.797837857156992 0.1963601485476829 0.017297297716140747 0.044061301625333726
0 0.7535135317593813 0.18869731348240748 0.015135135501623154 0.04022988409269601
0 0.8486486691981554 0.14750957500655204 0.01297297328710556 0.030651340261101723
0 0.8264865064993501 0.16475095390342176 0.014054054394364357 0.030651340261101723
0 0.8194594793021679 0.1992337116971612 0.015135135501623154 0.03831417532637715
0 0.8232432631775737 0.24808428523829207 0.02270270325243473 0.05172413669060916
0 0.845405425876379 0.21168581867823377 0.01945945993065834 0.044061301625333726
0 0.8724324535578489 0.17049808020237833 0.015135135501623154 0.03448275779373944
0 0.9075675895437598 0.15134099253918976 0.011891892179846764 0.030651340261101723
0 0.9470270499587059 0.18007662403397262 0.010810811072587967 0.030651340261101723
0 0.903783805668354 0.18103447841713205 0.01297297328710556 0.036398466560058296
0 0.9075675895437598 0.2155172362108715 0.01621621660888195 0.04789271915797144
0 0.8951351568102837 0.22701148880878463 0.017297297716140747 0.044061301625333726
0 0.9394594822078943 0.20114942046348006 0.015135135501623154 0.03448275779373944
0 0.9448648877441883 0.21647509059403092 0.015135135501623154 0.03831417532637715
0 0.9313513739034534 0.25478926592040807 0.018378378823399544 0.05747126298956573
0 0.9151351572945714 0.3180076552089304 0.02270270325243473 0.06896551558747888
