0 0.5179687577183358 0.5568581313127652 0.0437500006519258 0.07737397192977369
0 0.29882812945288606 0.5128956472617574 0.04296875064028427 0.07620163902174681
0 0.26914062901050784 0.5199296447099186 0.03515625052386895 0.06447830994147807
0 0.18007812768337317 0.5011723181814887 0.03203125047730282 0.04806564922910184
0 0.12460937685682438 0.484173491015099 0.033593750500585884 0.044548650505021214
0 0.09687500144354999 0.4736224948428571 0.02500000037252903 0.03985931887291372
0 0.1589843773690518 0.44548650505021214 0.01796875026775524 0.032825321424752474
0 0.21015625313157216 0.4542790018604137 0.023437500349245965 0.03399765433277935
0 0.22500000335276127 0.4419695063261315 0.015625000232830644 0.030480655608698726
0 0.24335937862633727 0.456037501222454 0.025781250384170562 0.044548650505021214
0 0.25156250374857336 0.44372800568817183 0.017187500256113708 0.02930832270067185
0 0.2742187540861778 0.465416164486669 0.02500000037252903 0.042203984688967466
0 0.31992187976720743 0.47538099420489743 0.03203125047730282 0.04572098341304809
0 0.3257812548545189 0.44548650505021214 0.0218750003259629 0.032825321424752474
0 0.32773437988362275 0.423798346251715 0.01796875026775524 0.024618991068564355
0 0.3050781295460183 0.4261430120677687 0.01796875026775524 0.036342320148833096
0 0.3695312555064447 0.44724500441225246 0.023437500349245965 0.038686985964886844
0 0.3835937557159923 0.4783118264749646 0.029687500442378223 0.04923798213712871
0 0.4144531311758328 0.46307149867061526 0.022656250337604433 0.042203984688967466
0 0.4363281315017957 0.4888628226472065 0.03203125047730282 0.05392731376923621
0 0.42773438137373887 0.43141851015388966 0.019531250291038305 0.032825321424752474
0 0.4367187565076165 0.4114888507174328 0.018750000279396772 0.032825321424752474
0 0.3960937559022568 0.42790151142980903 0.023437500349245965 0.03751465305685997
0 0.3792968806519639 0.41735051525756717 0.014843750221189111 0.02579132397659123
0 0.45000000670552254 0.40914418490137905 0.018750000279396772 0.028135989792644978
0 0.48085938216536306 0.437280174694024 0.022656250337604433 0.042203984688967466
0 0.4906250073108822 0.4824149916530587 0.03906250058207661 0.05509964667726308
0 0.5222656327823643 0.4812426587450318 0.027343750407453626 0.04806564922910184
0 0.5214843827707227 0.4337631759699434 0.019531250291038305 0.03985931887291372
0 0.5023437574855052 0.4196951810736209 0.017187500256113708 0.030480655608698726
0 0.4953125073807314 0.39624852291308343 0.012500000186264515 0.02344665816053748
0 0.5117187576252036 0.40914418490137905 0.015625000232830644 0.02579132397659123
0 0.5492187581839971 0.42203984688967466 0.015625000232830644 0.030480655608698726
0 0.5769531335972715 0.44079717341810465 0.024218750360887498 0.042203984688967466
0 0.5839843837020453 0.5128956472617574 0.03984375059371814 0.062133644125424325
0 0.6097656340862159 0.49003515555523336 0.027343750407453626 0.04923798213712871
0 0.6718750100117177 0.5281359750661068 0.0437500006519258 0.06682297575753182
0 0.559375008335337 0.40621335263131186 0.020312500302679837 0.02930832270067185
0 0.5453125081257895 0.3898006919189356 0.01406250020954758 0.022274325252510607
0 0.5714843835157808 0.39038685837294906 0.014843750221189111 0.02579132397659123
0 0.5800781336438376 0.40621335263131186 0.013281250197906047 0.024618991068564355
0 0.5949218838650268 0.4179366817115806 0.019531250291038305 0.03399765433277935
0 0.6027343839814421 0.39038685837294906 0.013281250197906047 0.02579132397659123
0 0.5917968838184606 0.37749119638465345 0.014843750221189111 0.028135989792644978
0 0.6214843842608389 0.37573269702261314 0.011718750174622983 0.01992965943645686
0 0.6250000093132257 0.4161781823495403 0.017187500256113708 0.032825321424752474
0 0.6386718845169526 0.3909730248269625 0.014843750221189111 0.026963656884618104
0 0.6500000096857548 0.3815943615627475 0.015625000232830644 0.022274325252510607
0 0.6593750098254532 0.40621335263131186 0.017187500256113708 0.026963656884618104
0 0.6535156347381417 0.4261430120677687 0.022656250337604433 0.036342320148833096
0 0.6910156352969352 0.4431418392341584 0.022656250337604433 0.044548650505021214
0 0.7023437604657374 0.4308323436998762 0.018750000279396772 0.038686985964886844
0 0.7019531354599167 0.4038686868152581 0.014843750221189111 0.026963656884618104
0 0.6832031351805199 0.38569752674084157 0.014843750221189111 0.02344665816053748
0 0.6691406349709723 0.3874560261028819 0.013281250197906047 0.022274325252510607
0 0.66796875995351 0.37749119638465345 0.015625000232830644 0.02344665816053748
0 0.7210937607451342 0.3798358622007072 0.01406250020954758 0.021101992344483733
0 0.7296875108731911 0.38218052801676095 0.01093750016298145 0.02344665816053748
0 0.7371093859837856 0.386283693194855 0.016406250244472176 0.024618991068564355
0 0.746484386123484 0.37924969574669376 0.016406250244472176 0.026963656884618104
0 0.7539062612340786 0.3341148787876591 0.01093750016298145 0.018757326528429985
0 0.76992188647273 0.3370457110577263 0.014843750221189111 0.024618991068564355
0 0.7449218861002009 0.41676434880355373 0.019531250291038305 0.0316529885167256
0 0.7609375113388523 0.38569752674084157 0.01406250020954758 0.028135989792644978
0 0.7757812615600415 0.4460726715042256 0.026562500395812094 0.04572098341304809
0 0.7687500114552677 0.5005861517274752 0.03906250058207661 0.06096131121739745
0 0.7953125118510798 0.41735051525756717 0.017187500256113708 0.03516998724080622
0 0.7933593868219759 0.3880421925568953 0.011718750174622983 0.02344665816053748
0 0.8468750126194209 0.33352871233364567 0.01093750016298145 0.01758499362040311
0 0.8312500123865902 0.3892145254649222 0.017187500256113708 0.032825321424752474
0 0.8476562626310624 0.4261430120677687 0.029687500442378223 0.050410315045155585
0 0.8292968873574864 0.4302461772458628 0.022656250337604433 0.03985931887291372
