0 0.0655204453796614 0.4173553720465861 0.03438661672407761 0.06776859506499022
0 0.25743494142079726 0.2834710744791664 0.014869888313114643 0.02809917356353253
0 0.2792750898806844 0.28512396704172716 0.01579925633268431 0.02809917356353253
0 0.3066914464579895 0.26115702488459647 0.018587360391393304 0.03305785125121474
0 0.3447955352603458 0.27190082654124126 0.016728624352253973 0.038016528938896954
0 0.3150557586341165 0.21983471082057804 0.011152416234835982 0.02314049587585032
0 0.3336431190255098 0.22809917363338172 0.016728624352253973 0.026446281000971794
0 0.3610594756028149 0.2181818182580173 0.012081784254405648 0.026446281000971794
0 0.3745353118865751 0.21983471082057804 0.014869888313114643 0.026446281000971794
0 0.38289962406270206 0.2049586777575314 0.016728624352253973 0.03305785125121474
0 0.4065985085617285 0.23471074388362467 0.01951672841096297 0.03966942150145769
0 0.427509289002046 0.2677685951348394 0.018587360391393304 0.03636363637633622
0 0.44237917731516063 0.2363636364461854 0.018587360391393304 0.03636363637633622
0 0.4632899577554781 0.22809917363338172 0.01765799237182364 0.03636363637633622
0 0.4103159806400072 0.17190082650631666 0.01579925633268431 0.026446281000971794
0 0.43959107325645164 0.19834710750728846 0.014869888313114643 0.026446281000971794
0 0.46979553389246576 0.18595041328808293 0.012081784254405648 0.02809917356353253
0 0.45260222553042695 0.18264462816296145 0.011152416234835982 0.01818181818816811
0 0.42983270905097015 0.1867768595693633 0.012081784254405648 0.02314049587585032
0 0.44842006944236346 0.14628099178662524 0.013940520293544978 0.024793388438411057
0 0.4688661658728961 0.15206611575558782 0.012081784254405648 0.026446281000971794
0 0.48280668616644107 0.16446280997479334 0.012081784254405648 0.02809917356353253
0 0.48559479022515006 0.13057851244229823 0.012081784254405648 0.026446281000971794
0 0.5083643067046069 0.18595041328808293 0.016728624352253973 0.031404958688654006
0 0.535780663281912 0.18842975213192403 0.01765799237182364 0.02975206612609327
0 0.538568767340621 0.15702479344327003 0.013940520293544978 0.026446281000971794
0 0.524628247047076 0.13884297525510192 0.012081784254405648 0.02975206612609327
0 0.5492564995656721 0.1421487603802234 0.013011152273975313 0.03636363637633622
0 0.5724907000549138 0.1603305785683915 0.014869888313114643 0.02975206612609327
0 0.5785315921821166 0.14049586781766266 0.013940520293544978 0.02975206612609327
0 0.5673791759472806 0.11074380169156939 0.010223048215266317 0.019834710750728846
0 0.5822490642603952 0.10330578516004607 0.012081784254405648 0.021487603313289583
0 0.5915427444560919 0.11983471078565344 0.012081784254405648 0.02809917356353253
0 0.6101301048474852 0.1363636364112608 0.013940520293544978 0.024793388438411057
0 0.6259293611801695 0.11900826450437307 0.010223048215266317 0.02314049587585032
0 0.624535309150815 0.1000000000349246 0.009293680195696652 0.021487603313289583
0 0.6473048256302718 0.09586776862852275 0.012081784254405648 0.026446281000971794
0 0.6668215540412348 0.11652892566053197 0.012081784254405648 0.024793388438411057
0 0.6844795464130584 0.10165289259748533 0.012081784254405648 0.02809917356353253
0 0.5381040833308361 0.3132231406052597 0.024163568508811295 0.04793388431426138
0 0.48094795012730174 0.28842975216684863 0.0213754644501023 0.0446280991891399
0 0.5683085439668503 0.24297520669642836 0.01951672841096297 0.042975206626579165
0 0.6036245287104975 0.2545454546343535 0.0213754644501023 0.04628099175170064
0 0.6143122609355487 0.20661157032009214 0.018587360391393304 0.03305785125121474
0 0.6561338218161836 0.2132231405703351 0.018587360391393304 0.042975206626579165
0 0.6473048256302718 0.1735537190688774 0.01579925633268431 0.03305785125121474
0 0.6793680223054253 0.15867768600583076 0.016728624352253973 0.03636363637633622
0 0.7007434867555276 0.19917355378856882 0.020446096430532634 0.0446280991891399
0 0.7081784309120849 0.1735537190688774 0.014869888313114643 0.02975206612609327
0 0.721654267195845 0.15950413228711113 0.01579925633268431 0.031404958688654006
0 0.6640334499825258 0.2570247934781946 0.01765799237182364 0.04132231406401843
0 0.6658921860216651 0.3446280992939137 0.02323420048924163 0.05123966943938285
0 0.5938661645050161 0.34545454557519406 0.026022304547950625 0.049586776876822114
0 0.7077137469023 0.28016528935404494 0.0213754644501023 0.0446280991891399
0 0.7774163483700249 0.29008264472940937 0.02323420048924163 0.0446280991891399
0 0.7709107722330373 0.226446281070821 0.01951672841096297 0.042975206626579165
0 0.7369888395187445 0.19256198353832588 0.016728624352253973 0.031404958688654006
0 0.7704460882232524 0.16115702484967187 0.011152416234835982 0.021487603313289583
0 0.73559478748939 0.14545454550534487 0.010223048215266317 0.019834710750728846
0 0.7318773154111113 0.12809917359845713 0.010223048215266317 0.024793388438411057
0 0.7537174638709985 0.10578512400388718 0.011152416234835982 0.026446281000971794
0 0.7760222963406704 0.12561983475461602 0.011152416234835982 0.02314049587585032
0 0.766263932135189 0.12975206616101786 0.010223048215266317 0.024793388438411057
0 0.7908921846537851 0.13305785128613934 0.011152416234835982 0.024793388438411057
0 0.8043680209375452 0.12314049591077492 0.012081784254405648 0.02809917356353253
0 0.8252788013778627 0.14132231409894302 0.013011152273975313 0.02809917356353253
0 0.7941449727222789 0.16198347113095224 0.01579925633268431 0.02975206612609327
0 0.8336431135539897 0.1685950413811952 0.013011152273975313 0.02975206612609327
0 0.8415427417203318 0.18595041328808293 0.012081784254405648 0.031404958688654006
0 0.8169144892017357 0.2528925620717928 0.014869888313114643 0.03636363637633622
0 0.8652416262193583 0.2314049587585032 0.013011152273975313 0.03966942150145769
0 0.8861524066596758 0.1942148761008866 0.012081784254405648 0.031404958688654006
0 0.8736059383954853 0.1710743802250363 0.014869888313114643 0.031404958688654006
0 0.86059478612151 0.13057851244229823 0.011152416234835982 0.02314049587585032
0 0.8615241541410796 0.1603305785683915 0.011152416234835982 0.026446281000971794
0 0.8884758267085999 0.12975206616101786 0.009293680195696652 0.02809917356353253
0 0.8945167188358027 0.16115702484967187 0.012081784254405648 0.024793388438411057
0 0.9233271274424624 0.2074380166013725 0.013940520293544978 0.031404958688654006
0 0.9182156033348292 0.17768595047527924 0.011152416234835982 0.024793388438411057
0 0.9210037073935382 0.1553719008807093 0.011152416234835982 0.02314049587585032
0 0.9256505474913865 0.2702479339786805 0.018587360391393304 0.04793388431426138
