0 0.07874999823980033 0.4437148221768439 0.012499999720603228 0.02439024392515421
0 0.5799999870359898 0.9427767363376915 0.09249999793246388 0.10694183874875307
0 0.6624999851919711 0.8114446536637843 0.07249999837949872 0.11069418396800756
0 0.6943749844795093 0.6904315203428268 0.05874999868683517 0.08255159482359886
0 0.7131249840604141 0.622889306396246 0.0437499990221113 0.06754221394658089
0 0.7274999837391078 0.5684803007170558 0.03499999921768904 0.045028142631053925
0 0.7206249838927761 0.5337711074389517 0.03624999918974936 0.04690431524068117
0 0.7356249835575 0.5112570361234248 0.028749999357387424 0.04315197002142668
0 0.7162499839905649 0.4840525332838297 0.024999999441206455 0.03377110697329044
0 0.16249999636784196 0.8883677306585014 0.07249999837949872 0.09943714831024408
0 0.3399999924004078 0.839587242808193 0.06249999860301614 0.0881801126524806
0 0.4287499904166907 0.6960600381717086 0.04999999888241291 0.07879924960434437
0 0.4968749888939783 0.6547842407599092 0.038749999133870006 0.06754221394658089
0 0.5518749876646325 0.6013133213855326 0.04124999907799065 0.06566604133695364
0 0.5874999868683517 0.5544090061448514 0.03999999910593033 0.06566604133695364
0 0.6143749862676486 0.5309568485245109 0.03624999918974936 0.056285178288817406
0 0.6299999859184027 0.5121951224282384 0.0274999993853271 0.04878048785030842
0 0.6387499857228249 0.48217636067420244 0.024999999441206455 0.03377110697329044
0 0.023749999469146132 0.7795497193001211 0.042499999050050974 0.08442776743322611
0 0.11437499744351953 0.7195121957920492 0.04874999891035259 0.07692307699471712
0 0.03312499925959855 0.6688555353321135 0.033749999245628715 0.04690431524068117
0 0.10499999765306711 0.6360225146636367 0.03249999927356839 0.05253283306956291
0 0.04937499889638275 0.5956848035566509 0.028749999357387424 0.04315197002142668
0 0.04499999899417162 0.5497185746207833 0.0274999993853271 0.03752345219254494
0 0.05312499881256372 0.5290806759148836 0.021249999525025487 0.03001876175403595
0 0.05812499870080501 0.49812382785603404 0.01874999958090484 0.02439024392515421
0 0.09999999776482582 0.5628517828881741 0.03249999927356839 0.04878048785030842
0 0.10874999756924808 0.5375234526582062 0.019999999552965164 0.02439024392515421
0 0.09999999776482582 0.5112570361234248 0.01749999960884452 0.02439024392515421
0 0.12999999709427357 0.48311444697901607 0.01749999960884452 0.020637898705899715
0 0.13874999689869583 0.5009380867704749 0.01749999960884452 0.026266416534781456
0 0.15124999661929905 0.5140712950378656 0.019999999552965164 0.03377110697329044
0 0.16374999633990228 0.5422138841822743 0.024999999441206455 0.04127579741179943
0 0.1731249961303547 0.6022514076903462 0.03124999930150807 0.056285178288817406
0 0.2331249947892502 0.6763602257706225 0.04624999896623194 0.07692307699471712
0 0.3106249930569902 0.6388367735780776 0.0437499990221113 0.061913696117699146
0 0.2587499942164868 0.577861163765192 0.03249999927356839 0.045028142631053925
0 0.2137499952223152 0.535647280048579 0.0274999993853271 0.039399624802172184
0 0.20124999550171196 0.505628518294543 0.019999999552965164 0.03564727958291769
0 0.1862499958369881 0.48592870589345694 0.01749999960884452 0.026266416534781456
0 0.16874999622814357 0.4690431524068117 0.014999999664723873 0.022514071315526962
0 0.20312499545980245 0.4652908071875572 0.016249999636784196 0.022514071315526962
0 0.21937499509658664 0.4718574113212526 0.016249999636784196 0.028142589144408703
0 0.23999999463558197 0.49061913741752505 0.019999999552965164 0.028142589144408703
0 0.26812499400693923 0.5084427772089839 0.026249999413266778 0.03752345219254494
0 0.3106249930569902 0.5318949348293245 0.026249999413266778 0.03564727958291769
0 0.3831249914364889 0.5656660418026149 0.033749999245628715 0.05816135089844465
0 0.44124999013729393 0.5375234526582062 0.03749999916180968 0.061913696117699146
0 0.47999998927116394 0.5225140717811882 0.03249999927356839 0.04690431524068117
0 0.3962499911431223 0.48592870589345694 0.0274999993853271 0.03752345219254494
0 0.36999999172985554 0.5112570361234248 0.02249999949708581 0.04315197002142668
0 0.35687499202322215 0.47467167023569345 0.021249999525025487 0.04127579741179943
0 0.313749992987141 0.4878048785030842 0.02249999949708581 0.04127579741179943
0 0.28249999368563294 0.46622889349237084 0.019999999552965164 0.02439024392515421
0 0.2649999940767884 0.4446529084816575 0.014999999664723873 0.022514071315526962
0 0.23187499481718987 0.45028142631053925 0.016249999636784196 0.01876172609627247
0 0.3143749929731712 0.4493433400057256 0.021249999525025487 0.028142589144408703
0 0.31312499300111085 0.42213883716613054 0.016249999636784196 0.022514071315526962
0 0.33062499260995537 0.4090056288987398 0.01374999969266355 0.022514071315526962
0 0.3462499922607094 0.40619136998429894 0.014999999664723873 0.020637898705899715
0 0.3593749919673428 0.42307692347094417 0.01374999969266355 0.02439024392515421
0 0.336874992470257 0.43058161390945315 0.016249999636784196 0.02439024392515421
0 0.33937499241437763 0.4530956852249801 0.01374999969266355 0.020637898705899715
0 0.37499999161809683 0.43902439065277576 0.014999999664723873 0.026266416534781456
0 0.410624990821816 0.45028142631053925 0.016249999636784196 0.026266416534781456
0 0.39437499118503183 0.42964352760463953 0.01374999969266355 0.026266416534781456
0 0.3768749915761873 0.41369606042280793 0.01374999969266355 0.02439024392515421
0 0.3931249912129715 0.40712945628911257 0.016249999636784196 0.022514071315526962
0 0.4062499909196049 0.40712945628911257 0.014999999664723873 0.026266416534781456
0 0.3899999912828207 0.383677298668772 0.009999999776482582 0.020637898705899715
0 0.39874999108724296 0.37804878083989024 0.014999999664723873 0.020637898705899715
0 0.4418749901233241 0.3799249534495175 0.016249999636784196 0.020637898705899715
0 0.43124999036081135 0.41838649194687605 0.014999999664723873 0.026266416534781456
0 0.4431249900953844 0.40712945628911257 0.01374999969266355 0.026266416534781456
0 0.4562499898020178 0.4033771110698581 0.014999999664723873 0.01876172609627247
0 0.4387499901931733 0.43808630434796214 0.01749999960884452 0.02439024392515421
0 0.4512499899137765 0.43433395912870765 0.019999999552965164 0.02439024392515421
0 0.4712499894667417 0.4212007508613169 0.014999999664723873 0.02439024392515421
0 0.4806249892571941 0.4174484056420624 0.011249999748542905 0.02439024392515421
0 0.49937498883809894 0.4090056288987398 0.01874999958090484 0.022514071315526962
0 0.4518749898998067 0.4840525332838297 0.023749999469146132 0.04127579741179943
0 0.4662499895785004 0.46998123871162534 0.02249999949708581 0.0318949343636632
0 0.4949999889358878 0.45497185783460736 0.024999999441206455 0.0318949343636632
0 0.5087499886285514 0.4474671673960984 0.019999999552965164 0.0318949343636632
0 0.5224999883212149 0.433395872823894 0.012499999720603228 0.026266416534781456
0 0.534374988055788 0.4202626645565033 0.016249999636784196 0.022514071315526962
0 0.5443749878322706 0.4165103193372488 0.011249999748542905 0.022514071315526962
0 0.553749987622723 0.40243902476504445 0.014999999664723873 0.020637898705899715
0 0.5706249872455373 0.3874296438880265 0.01374999969266355 0.020637898705899715
0 0.5137499885167927 0.4934333963319659 0.029999999329447746 0.04127579741179943
0 0.5387499879579991 0.46998123871162534 0.02249999949708581 0.04315197002142668
0 0.557499987538904 0.4615384619683027 0.019999999552965164 0.03752345219254494
0 0.5687499872874469 0.45121951261535287 0.014999999664723873 0.028142589144408703
0 0.5799999870359898 0.4399624769575894 0.01749999960884452 0.02439024392515421
0 0.5899999868124723 0.4193245782516897 0.01749999960884452 0.02439024392515421
0 0.5993749866029248 0.4080675425939262 0.01374999969266355 0.028142589144408703
0 0.604374986491166 0.3958724206313491 0.016249999636784196 0.01876172609627247
0 0.6112499863374978 0.3846153849735856 0.009999999776482582 0.01876172609627247
0 0.8962499799672514 0.881801126524806 0.08499999810010195 0.14634146355092525
0 0.8724999804981053 0.7429643534123898 0.06749999849125743 0.10131332091987133
0 0.8656249806517735 0.6613508448936045 0.05124999885447323 0.07692307699471712
0 0.8512499809730798 0.5909943720325828 0.04499999899417162 0.0637898687273264
0 0.8356249813223258 0.5497185746207833 0.033749999245628715 0.045028142631053925
0 0.8231249816017225 0.520637899171561 0.028749999357387424 0.03564727958291769
0 0.8174999817274511 0.49530956894159317 0.029999999329447746 0.03752345219254494
0 0.7993749821325764 0.4774859291501343 0.023749999469146132 0.039399624802172184
0 0.7962499822024256 0.4568480304442346 0.019999999552965164 0.03564727958291769
0 0.7837499824818224 0.44559099478647113 0.019999999552965164 0.02439024392515421
0 0.7799999825656414 0.4315197002142668 0.014999999664723873 0.026266416534781456
0 0.7693749828031287 0.42682926869019866 0.00874999980442226 0.02439024392515421
0 0.7662499828729779 0.4174484056420624 0.012499999720603228 0.020637898705899715
0 0.7562499830964953 0.41369606042280793 0.014999999664723873 0.020637898705899715
0 0.7518749831942841 0.40243902476504445 0.011249999748542905 0.020637898705899715
0 0.7481249832781032 0.3921200754120946 0.011249999748542905 0.022514071315526962
0 0.7287499837111682 0.39024390280246735 0.012499999720603228 0.01876172609627247
0 0.7349999835714698 0.4015009384602308 0.012499999720603228 0.01876172609627247
0 0.7031249842839316 0.3968105069361627 0.01374999969266355 0.020637898705899715
0 0.7068749842001125 0.4212007508613169 0.01874999958090484 0.028142589144408703
0 0.7224999838508666 0.4521575989201665 0.01749999960884452 0.026266416534781456
0 0.654374985373579 0.4652908071875572 0.01374999969266355 0.022514071315526962
0 0.6456249855691567 0.43527204543352127 0.016249999636784196 0.022514071315526962
0 0.6512499854434282 0.4193245782516897 0.014999999664723873 0.02439024392515421
0 0.6562499853316694 0.4015009384602308 0.014999999664723873 0.03001876175403595
