0 0.12441534060053527 0.4843234474537894 0.05238540656864643 0.11056105955503881
0 0.2563143107108772 0.28300330915953964 0.016838166397064924 0.031353136291727424
0 0.26847520866431296 0.27145215368364006 0.016838166397064924 0.031353136291727424
0 0.2895229166606441 0.2854785567615181 0.01964452746324241 0.03300330135971308
0 0.3026192683028057 0.2566006680717692 0.015902712708339095 0.03465346642769873
0 0.31290925887878984 0.2854785567615181 0.017773620085790753 0.036303631495684385
0 0.31384471256751567 0.2326732745859772 0.015902712708339095 0.03300330135971308
0 0.3367633279412985 0.23762376978993416 0.016838166397064924 0.03960396163165569
0 0.34190832322929054 0.28300330915953964 0.023386342218145728 0.04125412669964135
0 0.3634237580699846 0.22772277938202024 0.017773620085790753 0.04620462190359831
0 0.37231056811288 0.22442244924604893 0.014967259019613266 0.036303631495684385
0 0.4017773593077436 0.29537954716943204 0.027128156973049045 0.052805282175540924
0 0.4013096324633807 0.23432343965396285 0.016838166397064924 0.03300330135971308
0 0.3910196418873966 0.20379538589622825 0.016838166397064924 0.03465346642769873
0 0.4115996230393648 0.17656766227446496 0.016838166397064924 0.03300330135971308
0 0.43498596525751054 0.21947195404209197 0.018709073774516582 0.036303631495684385
0 0.4625818490749225 0.2359736047219485 0.02151543484069407 0.049504952039569616
0 0.45463049272075295 0.20132013829424977 0.0224508885294199 0.03960396163165569
0 0.43171187734697014 0.19389439548831433 0.015902712708339095 0.028052806155756116
0 0.4494854974327609 0.15264026878867298 0.015902712708339095 0.028052806155756116
0 0.4756782007170841 0.1650165067985654 0.017773620085790753 0.02970297122374177
0 0.476145927561447 0.1468646910507232 0.013096351642161608 0.023102310951799154
0 0.4855004644487053 0.13696370064280927 0.01122544426470995 0.023102310951799154
0 0.5079513529781252 0.18894390028435737 0.013096351642161608 0.028052806155756116
0 0.5154349824879318 0.16419142426457256 0.016838166397064924 0.03795379656367004
0 0.5318054220406339 0.14026403077878058 0.015902712708339095 0.036303631495684385
0 0.5402245052391663 0.1930693129543215 0.01964452746324241 0.03960396163165569
0 0.5537885837256908 0.1534653513226658 0.018709073774516582 0.03300330135971308
0 0.5720299306558445 0.17326733213849366 0.023386342218145728 0.03300330135971308
0 0.5612722132354975 0.11881188489496708 0.016838166397064924 0.03300330135971308
0 0.5874649165198207 0.1468646910507232 0.016838166397064924 0.026402641087770462
0 0.618802615092136 0.1410891133127734 0.015902712708339095 0.031353136291727424
0 0.5949485460296273 0.09900990407913923 0.014967259019613266 0.026402641087770462
0 0.6262862446019426 0.10478548181708902 0.012160897953435779 0.024752476019784808
0 0.6510757673531771 0.09900990407913923 0.01122544426470995 0.026402641087770462
0 0.6496725868200883 0.1196369674289599 0.012160897953435779 0.0214521458838135
0 0.6669784800615162 0.1196369674289599 0.014967259019613266 0.03465346642769873
0 0.6978484517894685 0.1039603992830962 0.016838166397064924 0.02970297122374177
0 0.5608044863911346 0.25247525540180504 0.023386342218145728 0.04620462190359831
0 0.4850327376043424 0.3118811978492886 0.025257249595597386 0.052805282175540924
0 0.5434985931497067 0.31765677558723837 0.029934518039226532 0.057755777379497886
0 0.5851262822980061 0.3729373053647578 0.036482693860307336 0.06270627258345485
0 0.6725912021938711 0.3465346642769873 0.029934518039226532 0.06930693285539746
0 0.6113189855823293 0.2632013283437118 0.025257249595597386 0.05115511710755527
0 0.6113189855823293 0.21039604616817087 0.023386342218145728 0.044554456835612655
0 0.6468662257539108 0.17409241467248648 0.01964452746324241 0.03465346642769873
0 0.6637043921509758 0.20874588110018522 0.02151543484069407 0.044554456835612655
0 0.6627689384622499 0.2566006680717692 0.023386342218145728 0.05445544724352658
0 0.684284373302944 0.18316832254640758 0.01964452746324241 0.042904291767627
0 0.7011225397000089 0.2235973667120561 0.02151543484069407 0.04785478697158396
0 0.7259120624512434 0.2871287218295038 0.028063610661774874 0.05940594244748354
0 0.7511693120468408 0.25577558553777635 0.02057998115196824 0.05610561231151223
0 0.7820392837747931 0.2846534742275253 0.024321795906871557 0.06105610751546919
0 0.728250696673058 0.20049505576025695 0.02151543484069407 0.044554456835612655
0 0.6838166464585811 0.1592409290606156 0.024321795906871557 0.04125412669964135
0 0.7184284329414368 0.13531353557482362 0.016838166397064924 0.03300330135971308
0 0.7296538772061467 0.11303630715701729 0.014967259019613266 0.031353136291727424
0 0.74462113622576 0.13531353557482362 0.013096351642161608 0.026402641087770462
0 0.7413470483152196 0.16914191946852952 0.015902712708339095 0.03465346642769873
0 0.766136571066454 0.15841584652662277 0.016838166397064924 0.03300330135971308
0 0.7675397515995428 0.13696370064280927 0.015902712708339095 0.03300330135971308
0 0.750233858358115 0.11798680236097425 0.013096351642161608 0.028052806155756116
0 0.7768942884868011 0.1254125451669097 0.012160897953435779 0.02970297122374177
0 0.7974742696387693 0.13696370064280927 0.015902712708339095 0.02970297122374177
0 0.8026192649267614 0.1254125451669097 0.013096351642161608 0.023102310951799154
0 0.8325537829659879 0.1344884530408308 0.014967259019613266 0.031353136291727424
0 0.8166510702576488 0.16914191946852952 0.016838166397064924 0.03465346642769873
0 0.7984097233274952 0.18316832254640758 0.015902712708339095 0.03960396163165569
0 0.8180542507907376 0.26155116327572614 0.023386342218145728 0.044554456835612655
0 0.8465855882968754 0.19141914788633585 0.016838166397064924 0.042904291767627
0 0.8657623889157549 0.214521458838135 0.01964452746324241 0.036303631495684385
0 0.8849391895346344 0.19801980815827847 0.0224508885294199 0.03960396163165569
0 0.8643592083826661 0.16089109412860125 0.016838166397064924 0.03465346642769873
0 0.8643592083826661 0.1377887831768021 0.01122544426470995 0.028052806155756116
0 0.8900841848226264 0.16171617666259408 0.01964452746324241 0.036303631495684385
0 0.898035541176796 0.14273927838075906 0.014967259019613266 0.031353136291727424
0 0.9237605176167563 0.20462046843022108 0.01964452746324241 0.042904291767627
0 0.9270346055272967 0.17079208453651518 0.016838166397064924 0.04125412669964135
0 0.9237605176167563 0.29537954716943204 0.028999064350500703 0.05940594244748354
