0 0.2042594421072863 0.4536082539707422 0.04453049448784441 0.0824742279946804
0 0.49322362916427664 0.19072165223769844 0.018393030331935734 0.03436426166445017
0 0.5217812288901769 0.18298969336319715 0.017424976103939116 0.04295532708056271
0 0.5701839402900077 0.13917525974102318 0.015488867647945881 0.037800687830895185
0 0.7182962371734902 0.18127148027997464 0.017424976103939116 0.04295532708056271
0 0.7652468672313262 0.1709622017806396 0.0164569218759425 0.04295532708056271
0 0.8059051448071841 0.18470790644641966 0.0164569218759425 0.03608247474767268
0 0.815101659973152 0.1726804148638621 0.015488867647945881 0.03264604858122766
0 0.8514036935230251 0.18642611952964216 0.014520813419949263 0.03264604858122766
0 0.8906098897568882 0.29381443723104894 0.021297193015925586 0.04467354016378522
0 0.9569216043746565 0.24656357744242996 0.02032913878792897 0.04295532708056271
0 0.98451114987256 0.13917525974102318 0.015488867647945881 0.03436426166445017
