0 0.12059858930297196 0.7083333435584791 0.117957744281739 0.1373239456443116
0 0.03741197113413364 0.6220657366793603 0.07306337892077863 0.11032864009030163
0 0.128961265203543 0.5950704311253503 0.07130281557328999 0.10328638646751642
0 0.24075703776907176 0.633802826050669 0.08890844904817641 0.10093896859325469
0 0.20818661584053189 0.5328638574574143 0.055457745445892215 0.07276995410211384
0 0.29225351568311453 0.5616197264171205 0.05985915381461382 0.07159624516498297
0 0.3516725286608562 0.5534037638572045 0.046654928708449006 0.07159624516498297
0 0.47579224465880543 0.383802822441794 0.057218308793380857 0.09859155071899295
0 0.55413731362205 0.5856807596283033 0.05017605540342629 0.07276995410211384
0 0.5796654821606353 0.6173709009308368 0.0589788721408695 0.09154929709620774
0 0.6126760449260473 0.6836854558787309 0.07042253389954567 0.1115023490274325
0 0.6817781563149765 0.9166666798992082 0.14172534947283566 0.16431925119832158
0 0.8948063213611022 0.7171361605869606 0.10475351917557418 0.133802818832919
0 0.7940140697173774 0.6455399154219776 0.07042253389954567 0.09154929709620774
0 0.7222711133072153 0.593309867719654 0.05369718209840357 0.08333333453629166
0 0.6888204097049311 0.5715962523827329 0.03961267531849444 0.07276995410211384
0 0.55413731362205 0.5569248906685971 0.036091548623517156 0.04577464854810387
0 0.8987675888929516 0.5651408532285132 0.045774647034704685 0.06924882729072124
