0 0.03999999910593033 0.34644195111468434 0.06999999843537807 0.12359550688415766
0 0.07749999826774001 0.36516854306682944 0.024999999441206455 0.04868913907557726
0 0.11249999748542905 0.3726591798476875 0.03999999910593033 0.07116104941815138
0 0.14499999675899744 0.34456929191946983 0.019999999552965164 0.0374531839042902
0 0.18374999589286745 0.34644195111468434 0.042499999050050974 0.07865168619900942
0 0.23374999477528036 0.374531839042902 0.09249999793246388 0.15730337239801884
0 0.3024999932385981 0.3595505654811859 0.029999999329447746 0.05243445746600628
0 0.33249999256804585 0.34456929191946983 0.024999999441206455 0.05243445746600628
0 0.34874999220483005 0.34456929191946983 0.01749999960884452 0.0374531839042902
0 0.3724999916739762 0.3558052470907569 0.029999999329447746 0.05243445746600628
0 0.4162499906960875 0.4344569332897663 0.11249999748542905 0.17228464595973492
0 0.46999998949468136 0.3520599287003279 0.05999999865889549 0.08239700458943844
0 0.5212499883491546 0.3408239735290408 0.02249999949708581 0.04494382068514824
0 0.5124999885447323 0.35018726950511336 0.014999999664723873 0.02621722873300314
0 0.5512499876786023 0.3352059959433973 0.0274999993853271 0.04868913907557726
0 0.5874999868683517 0.36704120226204395 0.03499999921768904 0.05992509424686432
0 0.5737499871756881 0.33146067755296826 0.02249999949708581 0.04119850229471922
0 0.627499985974282 0.33146067755296826 0.06999999843537807 0.1310861436650157
0 0.6599999852478504 0.34456929191946983 0.03499999921768904 0.06741573102772236
0 0.6962499844375998 0.3408239735290408 0.03249999927356839 0.05243445746600628
0 0.7524999831803143 0.38576779421418905 0.13999999687075615 0.23970037698745728
0 0.8312499814201146 0.33146067755296826 0.0274999993853271 0.04119850229471922
0 0.8987499799113721 0.34644195111468434 0.09249999793246388 0.14606741722673178
