0 0.6382978521287441 0.4822097427677363 0.031914892606437206 0.07303370861336589
0 0.5425531743094325 0.38764045340940356 0.014893616549670696 0.02996254712343216
0 0.5505318974610418 0.3698501910548657 0.01382978679612279 0.02808988792821765
0 0.4409574328456074 0.378277157433331 0.02021276531741023 0.03370786551386118
0 0.42765956092625856 0.36329588387161493 0.019148935563862324 0.02996254712343216
0 0.4212765824049711 0.40636704536154866 0.019148935563862324 0.04494382068514824
0 0.39946807245723903 0.4241573077160865 0.026595743838697672 0.05056179827079177
0 0.3861702005378902 0.3970037493854761 0.01702127605676651 0.03370786551386118
0 0.411170199746266 0.3764044982381165 0.018085105810314417 0.0374531839042902
0 0.39787232782691717 0.3558052470907569 0.012765957042574883 0.02996254712343216
0 0.4058510509785265 0.3164794039912522 0.011702127289026976 0.02247191034257412
0 0.36489360546693206 0.2958801528438926 0.008510638028383255 0.0187265919521451
0 0.3622340310830623 0.37359550944529474 0.015957446303218603 0.03558052470907569
0 0.33989360625855625 0.4475655476562679 0.0308510628528893 0.06367041263729334
0 0.3255319045856595 0.37734082783572376 0.021276595070958138 0.03558052470907569
0 0.3372340318746865 0.3988764085806906 0.02340425457805395 0.04119850229471922
0 0.2936170119792223 0.426029966911301 0.019148935563862324 0.04681647988036275
0 0.28723403345793486 0.40262172697111964 0.01702127605676651 0.0374531839042902
0 0.296808501239866 0.3801498166285455 0.01702127605676651 0.03370786551386118
0 0.23936169454827905 0.41292135254479945 0.02765957359224558 0.05805243505164981
0 0.2638297788798809 0.45411985483951867 0.03404255211353302 0.06928839022293687
0 0.19946807879023254 0.45411985483951867 0.03510638186708093 0.06179775344207883
0 0.17978722834959626 0.3988764085806906 0.02765957359224558 0.04868913907557726
0 0.13297871919348836 0.4616104916203767 0.042553190141916275 0.06554307183250785
0 0.0537234025541693 0.45880150282755494 0.039361700881272554 0.06367041263729334
0 0.8202127399854362 0.4372659220825881 0.031914892606437206 0.06179775344207883
0 0.8388297606725246 0.4925093683414161 0.03510638186708093 0.07865168619900942
