0 0.9077670096303336 0.4416243564337492 0.03106796182692051 0.07445008307695389
0 0.9233009905437939 0.3519458472728729 0.01941747614182532 0.05752960965037346
0 0.9325242917111609 0.28510997723788023 0.018446602334734052 0.049069372937083244
0 0.9334951655182522 0.22927241493016481 0.014563107106368989 0.03891708888113499
0 0.8936893394275103 0.2326565096154809 0.01650485472055152 0.04230118356645107
0 0.8796116692246869 0.25888324342668056 0.01941747614182532 0.04060913622379303
0 0.8456310859764926 0.31387478206306696 0.023300971370190382 0.0592216569930315
0 0.8276699205453042 0.4052453385666013 0.02815534040564671 0.06598984636366367
0 0.7825242885155603 0.31302875839173794 0.01941747614182532 0.05076142027974129
0 0.7635922492772806 0.3874788414686918 0.02815534040564671 0.05752960965037346
0 0.7597087540489156 0.2884940719231963 0.020388349948916584 0.049069372937083244
0 0.7791262301907409 0.23857867531478405 0.018446602334734052 0.043993230909109116
0 0.8101941920176614 0.22927241493016481 0.01650485472055152 0.03891708888113499
0 0.8247572991240304 0.25465312507003546 0.020388349948916584 0.04568527825176716
0 0.7927184634900186 0.14890016615390778 0.008737864263821393 0.020304568111896515
0 0.8000000170432031 0.16328256856650114 0.013592233299277723 0.032148899510502815
0 0.8262136098346673 0.16497461590915918 0.011650485685095191 0.032148899510502815
0 0.768446618312737 0.1928933970630169 0.01650485472055152 0.03384094685316086
0 0.7504854528815486 0.17851099465042353 0.015533980913460255 0.032148899510502815
0 0.7543689481099136 0.13959390576928854 0.011650485685095191 0.025380710139870644
0 0.7621359385666437 0.1615905212238431 0.013592233299277723 0.025380710139870644
0 0.7237864231865387 0.118443313986063 0.008737864263821393 0.0236886627972126
0 0.7271844815113582 0.15905245020985603 0.011650485685095191 0.030456852167844772
0 0.7077670053695329 0.16497461590915918 0.013592233299277723 0.032148899510502815
0 0.72475729699363 0.1895093023777008 0.01650485472055152 0.037225041538476944
0 0.7354369088716339 0.23011843860149384 0.020388349948916584 0.043993230909109116
0 0.6757281697355211 0.2724196221679449 0.01941747614182532 0.043993230909109116
0 0.6699029268929735 0.11252114828675985 0.007766990456730127 0.025380710139870644
0 0.6635922471468803 0.1336717400699854 0.012621359492186457 0.030456852167844772
0 0.6733009852177929 0.18781725503504276 0.01650485472055152 0.037225041538476944
0 0.6902912768418901 0.118443313986063 0.00970873807091266 0.0236886627972126
0 0.6868932185170706 0.13113366905599833 0.010679611878003925 0.025380710139870644
0 0.642718460294418 0.12182740867137909 0.00970873807091266 0.0236886627972126
0 0.5990291389753111 0.12098138500005007 0.007766990456730127 0.021996615454554558
0 0.5810679735441227 0.13197969272732735 0.010679611878003925 0.030456852167844772
0 0.6048543818178587 0.13536378741264343 0.00970873807091266 0.027072757482528687
0 0.6184466151171364 0.12267343234270811 0.00970873807091266 0.025380710139870644
0 0.6325242853199597 0.1379018584266305 0.010679611878003925 0.02876480482518673
0 0.6262136055738665 0.16328256856650114 0.013592233299277723 0.0355329941958189
0 0.6320388484164141 0.22250422555953264 0.015533980913460255 0.04230118356645107
0 0.6237864210561384 0.25042300671339035 0.022330097563099116 0.0473773255944252
0 0.5524271962349303 0.13705583475530148 0.011650485685095191 0.027072757482528687
0 0.5728155461838469 0.16243654489517212 0.011650485685095191 0.030456852167844772
0 0.5582524390774779 0.15313028451055288 0.00970873807091266 0.02876480482518673
0 0.5558252545597497 0.1700507579371333 0.014563107106368989 0.032148899510502815
0 0.5572815652703866 0.19120134972035885 0.013592233299277723 0.03384094685316086
0 0.5912621485185809 0.18358713667839766 0.013592233299277723 0.03891708888113499
0 0.5684466140519362 0.2571911960840225 0.018446602334734052 0.05076142027974129
0 0.5043689427839126 0.13282571639865637 0.008737864263821393 0.021996615454554558
0 0.5174757391796447 0.15228426083922386 0.013592233299277723 0.030456852167844772
0 0.5281553510576487 0.13874788209795952 0.011650485685095191 0.027072757482528687
0 0.5334951569966506 0.16751268692314625 0.012621359492186457 0.03384094685316086
0 0.5082524380122777 0.16328256856650114 0.012621359492186457 0.02876480482518673
0 0.4932038940023631 0.15143823716789484 0.013592233299277723 0.02876480482518673
0 0.4635922428860795 0.16497461590915918 0.010679611878003925 0.025380710139870644
0 0.46747573811444454 0.15482233185321093 0.010679611878003925 0.021996615454554558
0 0.47330098095699213 0.1463620951399207 0.010679611878003925 0.025380710139870644
0 0.47087379643926397 0.19627749174833298 0.015533980913460255 0.03384094685316086
0 0.4495145726832561 0.17851099465042353 0.013592233299277723 0.0355329941958189
0 0.4684466119215358 0.23350253328680992 0.014563107106368989 0.037225041538476944
0 0.48398059283499606 0.23096446227282286 0.014563107106368989 0.04230118356645107
0 0.5140776808548253 0.20050761010497808 0.01650485472055152 0.03891708888113499
0 0.500000010652002 0.2834179298952222 0.023300971370190382 0.055837562307715416
0 0.5456310795852914 0.315566829405725 0.025242718984372914 0.0592216569930315
0 0.4286407858307939 0.24365481734275818 0.020388349948916584 0.04060913622379303
0 0.41747573704924434 0.21912013087421656 0.017475728527642787 0.03891708888113499
0 0.4242718536988832 0.1776649709790945 0.011650485685095191 0.030456852167844772
0 0.4286407858307939 0.15482233185321093 0.010679611878003925 0.02876480482518673
0 0.39514563948614523 0.18866327870637178 0.013592233299277723 0.025380710139870644
0 0.39223301806487143 0.20981387048959732 0.015533980913460255 0.04060913622379303
0 0.3844660276081413 0.2563451724126935 0.02135922375600785 0.04568527825176716
0 0.3533980657812208 0.19035532604902983 0.013592233299277723 0.025380710139870644
0 0.35097088126349263 0.21150591783225536 0.01650485472055152 0.04060913622379303
0 0.3519417550705839 0.2529610777273774 0.014563107106368989 0.03891708888113499
0 0.3296116575074848 0.25465312507003546 0.014563107106368989 0.03891708888113499
0 0.3155339873046614 0.21996615454554558 0.013592233299277723 0.037225041538476944
0 0.3048543754266575 0.24619288835674524 0.015533980913460255 0.0355329941958189
0 0.6111650615639519 0.32910320814698935 0.022330097563099116 0.0592216569930315
0 0.6786407911567949 0.3620981313288212 0.027184466598555446 0.06429779902100563
0 0.21019417923525907 0.3671742733567953 0.0398058260907419 0.08460236713290215
