0 0.8931947284145281 0.21345514443237334 0.015122873708605766 0.04485049727372825
0 0.8227788477088325 0.12292358512058854 0.010396975674666464 0.029900331515818834
0 0.7344045544741675 0.2774086312856525 0.02646502899006009 0.056478403974324465
0 0.7906427410780452 0.28903653798624873 0.02362949016969651 0.05315614491701126
0 0.8090737434104085 0.1802325538592413 0.015122873708605766 0.038205979159101844
0 0.7778828163864091 0.16196012904401869 0.015122873708605766 0.03488372010178864
0 0.7547259160201065 0.14451826899312437 0.014177694101817906 0.03322259057313204
0 0.7249527584062889 0.14202657470013946 0.015122873708605766 0.028239201987162232
0 0.7362949136877432 0.16196012904401869 0.017013232922181487 0.03488372010178864
0 0.6951796007924713 0.15116278710775077 0.016068053315393627 0.03654484963044524
0 0.5831758173881099 0.15282391663640738 0.013232514495030046 0.029900331515818834
0 0.5637996354489587 0.14700996328610927 0.012287334888242185 0.031561461044475436
0 0.5373346064588986 0.14119600993581116 0.012287334888242185 0.02657807245850563
0 0.5396975554758683 0.19933554343879223 0.015122873708605766 0.03654484963044524
0 0.46266541752265766 0.15780730522237718 0.010396975674666464 0.023255813401192427
0 0.4758979320176877 0.14950165757909417 0.010396975674666464 0.023255813401192427
0 0.45652175007853657 0.18687707197386771 0.015122873708605766 0.03488372010178864
0 0.4801512402482331 0.19767441391013563 0.013232514495030046 0.03322259057313204
0 0.4243856434477493 0.22923587495461106 0.017013232922181487 0.03654484963044524
0 0.46077505830908194 0.22508305113296956 0.016068053315393627 0.038205979159101844
0 0.4834593688719906 0.3280730819096789 0.02173913095612079 0.05149501538835466
0 0.44517959479708225 0.2666112893493846 0.018903592135757208 0.04485049727372825
0 0.31379962945356965 0.28986710275057703 0.015122873708605766 0.03488372010178864
0 0.36862004664726555 0.2624584655277431 0.015122873708605766 0.03654484963044524
0 0.6611531349481083 0.256644512177445 0.019848771742545068 0.048172756331041455
0 0.20841210329672322 0.46262457373086363 0.04442344151902944 0.10465116030536592
0 0.2547259040293284 0.4294019831577316 0.04253308230545372 0.10132890124805272
