0 0.1217948728299234 0.5355029655620456 0.04529914568411186 0.08579881768673658
0 0.21923077109386213 0.33949704584665596 0.01623931637732312 0.034023669082671404
0 0.24914530126261525 0.36020710528828204 0.02136752154910937 0.04585798876360059
0 0.2747863271215465 0.37943787476979196 0.02307692327303812 0.048816568683832884
0 0.2747863271215465 0.31656805146485567 0.01794871810125187 0.032544379122555256
0 0.3316239344421774 0.35650888038799167 0.023931624135002494 0.04437869880348444
0 0.3500000029744115 0.33431953098624945 0.01623931637732312 0.03550295904278755
0 0.34786325081950054 0.2980769269634038 0.017094017239287496 0.034023669082671404
0 0.40555555900209583 0.33431953098624945 0.02136752154910937 0.04437869880348444
0 0.3867521400388796 0.26035503298044205 0.01794871810125187 0.03550295904278755
0 0.40854701201897115 0.2707100627012551 0.015384615515358746 0.02958579920232296
0 0.42564102925825864 0.259615388000384 0.013675213791429996 0.025147929321974516
0 0.44188034563558176 0.2670118378009647 0.015384615515358746 0.0369822490029037
0 0.44529914908343926 0.3409763358067721 0.022222222411073744 0.05177514860406518
0 0.4034188068471849 0.3017751518636942 0.020512820687144995 0.02958579920232296
0 0.4670940210635308 0.31730769644491374 0.01965811982518062 0.0369822490029037
0 0.46538461933960207 0.2670118378009647 0.01623931637732312 0.028106509242206812
0 0.4683760723564774 0.2389053285587579 0.017094017239287496 0.034023669082671404
0 0.5089743632997852 0.26257396792061627 0.014529914653394371 0.025147929321974516
0 0.5029914572660346 0.33431953098624945 0.02307692327303812 0.04437869880348444
0 0.526923081401037 0.2758875775616616 0.01623931637732312 0.0369822490029037
0 0.5491453038121108 0.25517751812003553 0.014529914653394371 0.0369822490029037
0 0.5341880387277342 0.2536982281599194 0.015384615515358746 0.0369822490029037
0 0.5555555602768436 0.28032544744201005 0.020512820687144995 0.0369822490029037
0 0.5217948762292508 0.2477810683194548 0.014529914653394371 0.031065089162439108
0 0.5615384663105942 0.22041420405730605 0.013675213791429996 0.02958579920232296
0 0.5739316288090777 0.21819526911713183 0.01623931637732312 0.031065089162439108
0 0.6076923128566705 0.20857988437637687 0.013675213791429996 0.02958579920232296
0 0.6106837658735458 0.22337278397753835 0.011111111205536872 0.02958579920232296
0 0.6324786378536373 0.21745562413707376 0.013675213791429996 0.026627219282090664
0 0.645299150783103 0.22337278397753835 0.013675213791429996 0.02958579920232296
0 0.6401709456113167 0.250000003259629 0.015384615515358746 0.026627219282090664
0 0.6068376119947061 0.25147929321974516 0.015384615515358746 0.026627219282090664
0 0.5829059878597036 0.26035503298044205 0.015384615515358746 0.032544379122555256
0 0.5756410305330064 0.24334319843910635 0.012820512929465622 0.031065089162439108
0 0.6085470137186348 0.3276627261657268 0.022222222411073744 0.054733728524297476
0 0.6816239374165889 0.20857988437637687 0.014529914653394371 0.02958579920232296
0 0.6935897494840901 0.21967455907724798 0.014529914653394371 0.034023669082671404
0 0.684188040002482 0.23446745867840946 0.014529914653394371 0.031065089162439108
0 0.6786324843997136 0.27440828760154545 0.017094017239287496 0.0369822490029037
0 0.6401709456113167 0.3010355068836361 0.020512820687144995 0.039940828923135996
0 0.6867521425883751 0.3128698265645653 0.01965811982518062 0.04585798876360059
0 0.7123931684473064 0.30251479684375226 0.01965811982518062 0.04289940884336829
0 0.7162393223261461 0.24926035827957094 0.015384615515358746 0.034023669082671404
0 0.7482906046498101 0.25221893819980323 0.014529914653394371 0.039940828923135996
0 0.7547008611145429 0.23742603859864175 0.017094017239287496 0.034023669082671404
0 0.7940171007649042 0.23446745867840946 0.015384615515358746 0.031065089162439108
0 0.7876068443001714 0.26035503298044205 0.014529914653394371 0.026627219282090664
0 0.7965812033507973 0.26331361290067434 0.015384615515358746 0.041420118883252144
0 0.7854700921452604 0.28624260728247464 0.018803418963216245 0.0369822490029037
0 0.8260683830885682 0.2980769269634038 0.01794871810125187 0.039940828923135996
0 0.8235042805026751 0.24704142333939672 0.01623931637732312 0.032544379122555256
0 0.834615391708212 0.2751479325816035 0.01623931637732312 0.03846153896301985
0 0.8602564175671432 0.2581360980402678 0.011111111205536872 0.031065089162439108
0 0.8700854774797335 0.2647929028607905 0.011965812067501247 0.032544379122555256
0 0.875641033082502 0.2758875775616616 0.01623931637732312 0.0369822490029037
0 0.896153853769647 0.2566568080801517 0.012820512929465622 0.039940828923135996
0 0.9141025718708988 0.30029586190357804 0.012820512929465622 0.02958579920232296
0 0.9576923158310819 0.2840236723423004 0.01623931637732312 0.02958579920232296
0 0.9512820593663491 0.30843195668421686 0.011965812067501247 0.031065089162439108
0 0.9478632559184916 0.3439349157270044 0.020512820687144995 0.039940828923135996
0 0.9055555632512551 0.32322485628537834 0.01623931637732312 0.034023669082671404
0 0.8585470158432145 0.32914201612584293 0.014529914653394371 0.039940828923135996
0 0.8858974434260745 0.3387574008665979 0.01794871810125187 0.04437869880348444
0 0.9504273585043848 0.40828402899205685 0.020512820687144995 0.047337278723716736
0 0.9252136830764357 0.45414201775565743 0.02478632499696687 0.05917159840464592
0 0.8670940244628582 0.4119822538923472 0.02136752154910937 0.054733728524297476
0 0.825641032657586 0.36242604022845626 0.020512820687144995 0.05325443856418133
0 0.8329059899842832 0.3335798860061914 0.01623931637732312 0.04289940884336829
0 0.8538461611024104 0.4755917221773416 0.023931624135002494 0.06065088836476207
0 0.7790598356805276 0.43713018321432173 0.029914530168753117 0.06360946828499436
0 0.7307692369795404 0.40310651413165033 0.025641025858931243 0.05177514860406518
0 0.7017094076727517 0.3646449751686305 0.022222222411073744 0.05177514860406518
0 0.6551282106956933 0.34615385066717863 0.02136752154910937 0.047337278723716736
0 0.665811971470248 0.3639053301885724 0.025641025858931243 0.05029585864394903
0 0.6175213727692608 0.37647929484955966 0.028205128444824368 0.054733728524297476
0 0.5414529960544314 0.36020710528828204 0.02307692327303812 0.054733728524297476
0 0.47948718356201425 0.41050296393223107 0.025641025858931243 0.06360946828499436
0 0.5213675257982686 0.44822485791519284 0.03418803447857499 0.062130178324878216
0 0.5918803469103295 0.4578402426559478 0.029914530168753117 0.06656804820522666
0 0.6410256464732811 0.4726331422571093 0.03760683792643249 0.06656804820522666
0 0.7106837667233776 0.550295865163207 0.036752137064468116 0.08579881768673658
0 0.8205128274857998 0.5946745639666915 0.03589743620250374 0.0769230779260397
