0 0.8723662756965496 0.25274725910276175 0.010534845874644816 0.027472528163343668
0 0.8338735696161166 0.25343407230684534 0.011345218634232879 0.02884615457151085
0 0.8460291610099375 0.26717033638851717 0.011345218634232879 0.03159340738784522
0 0.8881685445085168 0.27609890804160386 0.012965964153409004 0.030219780979678035
0 0.8792544441530481 0.30906594183761626 0.011345218634232879 0.0329670337960124
0 0.865478107240051 0.3317307775723748 0.016207455191761255 0.03159340738784522
0 0.839951365313027 0.3042582494090311 0.013776336912997067 0.034340660204179585
0 0.8496758384280838 0.37706044904189184 0.02025931898970157 0.05631868273485452
0 0.9027552541811019 0.2980769305722788 0.012965964153409004 0.0247252753470093
0 0.903970813320484 0.32623627193970606 0.018638573470525444 0.03159340738784522
0 0.9254456914495677 0.348214294470381 0.016207455191761255 0.042582418653182685
0 0.9242301323101856 0.3042582494090311 0.013776336912997067 0.03159340738784522
0 0.9307131143868901 0.2719780288171023 0.012155591393820941 0.027472528163343668
0 0.8030794047517702 0.24313187424559146 0.01458670967258513 0.030219780979678035
0 0.8071312685497105 0.27747253444977105 0.012965964153409004 0.027472528163343668
0 0.8038897775113583 0.29464286455186084 0.012965964153409004 0.03708791302051395
0 0.9055915588396601 0.4031593507970683 0.018638573470525444 0.050824177102185786
0 0.9128849136759527 0.45123627508291975 0.028363046585582197 0.06181318836752325
0 0.8026742183719762 0.333104403980542 0.013776336912997067 0.03159340738784522
0 0.8063208957901224 0.35027473408263177 0.019448946230113506 0.046703297877684236
0 0.839140992553439 0.44299451663391665 0.025121555547229946 0.059065935551188886
0 0.813209064246621 0.49931319936877117 0.03160453762393445 0.07005494681652635
0 0.7799837811035104 0.415521988470573 0.028363046585582197 0.05357142991852015
0 0.7759319173055701 0.2390109950210899 0.012155591393820941 0.030219780979678035
0 0.7816045266226865 0.2637362703680992 0.013776336912997067 0.03571428661234677
0 0.7694489352288656 0.2719780288171023 0.013776336912997067 0.030219780979678035
0 0.7406807022634894 0.23626374220475554 0.011345218634232879 0.027472528163343668
0 0.7269043653504923 0.2493131930823438 0.012965964153409004 0.034340660204179585
0 0.7005672506638803 0.247252753470093 0.013776336912997067 0.030219780979678035
0 0.6900324047892354 0.2980769305722788 0.015397082432173193 0.03571428661234677
0 0.6831442363327369 0.35302198689896613 0.019448946230113506 0.04395604506134987
0 0.7183954513748176 0.39217033953173086 0.02674230106640607 0.05631868273485452
0 0.6564019352663308 0.3557692397153005 0.024311182787641883 0.054945056326687336
0 0.6304700069595128 0.3001373701845296 0.01782820071093738 0.03708791302051395
0 0.6381685481755994 0.24381868744967505 0.012155591393820941 0.026098901755176485
0 0.6673419675207697 0.2726648420211859 0.015397082432173193 0.034340660204179585
0 0.6689627130399458 0.20810440083732828 0.00891410035546869 0.023351648938842118
0 0.6693678994197398 0.22733517055166885 0.011345218634232879 0.026098901755176485
0 0.6799027452943847 0.22458791773533449 0.011345218634232879 0.02060439612250775
0 0.6341166843776591 0.22115385171491653 0.010534845874644816 0.021978022530674934
0 0.5984602829557844 0.21016484044957906 0.00891410035546869 0.0247252753470093
0 0.6004862148547545 0.22184066491900012 0.011345218634232879 0.026098901755176485
0 0.6017017739941366 0.247252753470093 0.010534845874644816 0.0247252753470093
0 0.6000810284749605 0.3214285795111209 0.02025931898970157 0.046703297877684236
0 0.6300648205797188 0.4546703411033377 0.02674230106640607 0.07142857322469354
0 0.6912479639286175 0.5295329803484492 0.027552673825994134 0.06456044118385762
0 0.5903565553599037 0.43612638459308073 0.02674230106640607 0.06456044118385762
0 0.5786061503458768 0.4052197904093191 0.024311182787641883 0.0412087922450155
0 0.5437601216835901 0.3983516583684832 0.022690437268465757 0.0576923091430217
0 0.5542949675582349 0.27609890804160386 0.01458670967258513 0.0329670337960124
0 0.5790113367256708 0.2630494571640156 0.012155591393820941 0.02884615457151085
0 0.5818476413842291 0.23557692900067195 0.011345218634232879 0.026098901755176485
0 0.568476490851026 0.21153846685774624 0.010534845874644816 0.019230769714340568
0 0.5526742220390588 0.22527473093941808 0.011345218634232879 0.027472528163343668
0 0.5393030715058558 0.25137363269459456 0.012155591393820941 0.0329670337960124
0 0.5364667668472975 0.3495879208785482 0.019448946230113506 0.04807692428585142
0 0.5016207381850109 0.31936813989887014 0.01458670967258513 0.034340660204179585
0 0.5198541252757423 0.2733516552252695 0.013776336912997067 0.030219780979678035
0 0.5064829747425392 0.2582417647354305 0.01458670967258513 0.0329670337960124
0 0.5182333797565661 0.24519231385784224 0.010534845874644816 0.023351648938842118
0 0.477714741777163 0.39148352632764727 0.025121555547229946 0.054945056326687336
0 0.47325769159942865 0.30151099659269676 0.01458670967258513 0.03159340738784522
0 0.4724473188398406 0.26098901755176485 0.012965964153409004 0.0247252753470093
0 0.46434359124395996 0.2390109950210899 0.011345218634232879 0.027472528163343668
0 0.425850885163527 0.2561813251231797 0.012155591393820941 0.023351648938842118
0 0.40883305721217766 0.296016490960028 0.013776336912997067 0.03159340738784522
0 0.42179902136558667 0.28640110610285774 0.012155591393820941 0.026098901755176485
0 0.41126417549094185 0.32623627193970606 0.02350081002805382 0.03708791302051395
0 0.4335494263796136 0.3049450626131147 0.01458670967258513 0.0329670337960124
0 0.44327389949467033 0.32554945873562247 0.019448946230113506 0.0412087922450155
0 0.39059967012144625 0.25961539114359766 0.011345218634232879 0.027472528163343668
0 0.35332252318039536 0.2918956117355265 0.01458670967258513 0.02884615457151085
0 0.3342787633300759 0.3537088001030497 0.02025931898970157 0.04532967146951705
0 0.3525121504208073 0.32554945873562247 0.01458670967258513 0.0329670337960124
0 0.3820907561457716 0.33379121718462557 0.017017827951349318 0.038461539428681135
0 0.28727714327396825 0.30219780979678035 0.013776336912997067 0.030219780979678035
0 0.26539707876509055 0.3372252832050435 0.015397082432173193 0.03983516583684832
0 0.2791734156780876 0.3701923170010559 0.013776336912997067 0.03708791302051395
0 0.2309562364825979 0.33447803038870916 0.01458670967258513 0.034340660204179585
0 0.09521879925159737 0.5494505632668734 0.03808751970063895 0.0741758260410279
0 0.7013776234234683 0.2905219853273593 0.013776336912997067 0.034340660204179585
0 0.6466774621512741 0.3385989096132107 0.021069691749289632 0.050824177102185786
