0 0.051899907644838095 0.3634105956880376 0.014828545041382313 0.03476821188814938
0 0.06070435626315884 0.3311258275061846 0.015755329106468707 0.03311258275061846
0 0.09360519057372585 0.4420529797207564 0.03707136260345578 0.0794701986014843
0 0.14596849025110714 0.39817880757618695 0.03614457853836939 0.07119205291382968
0 0.17747914846404456 0.4850993372965604 0.039851714798714966 0.08609271515160799
0 0.3526413367653731 0.19205297995358706 0.019462465366814286 0.043046357575803995
0 0.4221501416468527 0.22433774813544005 0.0342910104081966 0.06788079463876784
0 0.43280815839534625 0.17549668857827783 0.024096385692246258 0.04966887412592769
0 0.5491195585636888 0.20778145676013082 0.0342910104081966 0.07119205291382968
0 0.6645041746669449 0.10761589393950999 0.02038924943190068 0.04635761585086584
0 0.7534754449152388 0.1225165561772883 0.01853568130172789 0.04966887412592769
