0 0.8039851764624473 0.24667773500550538 0.03058387414785102 0.0813953469041735
0 0.8586654363025445 0.2724252426996827 0.03614457853836939 0.0863787354901433
0 0.6811862878385 0.048172756331041455 0.011121408781036735 0.02657807245850563
0 0.6635773906018585 0.11046511365566403 0.014828545041382313 0.03488372010178864
0 0.7168674743443262 0.12209302035626024 0.013901760976295918 0.038205979159101844
0 0.36700648977421224 0.1719269062159583 0.012974976911209524 0.031561461044475436
0 0.4267840619722847 0.1677740823943168 0.015755329106468707 0.03654484963044524
0 0.13948100179550238 0.3646179315401241 0.026876737887505442 0.07475082878954709
0 0.10333642325713299 0.38372092111967504 0.023169601627159864 0.05315614491701126
0 0.0857275260204915 0.4476744079729542 0.023169601627159864 0.05149501538835466
0 0.1700648759433534 0.49086377571802586 0.0342910104081966 0.07807308784686029
0 0.20111214212374762 0.3438538124319166 0.02038924943190068 0.05315614491701126
0 0.22381835171836428 0.3363787295529619 0.023169601627159864 0.06478405161760747
