0 0.25416205066721886 0.22986248368397355 0.01997780310921371 0.04322200547903776
0 0.32241954462369904 0.2043222077190876 0.01664816925767809 0.031434185802936554
0 0.3718091134214774 0.20235757110640407 0.015538291307166219 0.031434185802936554
0 0.3740288693225011 0.18172888667322695 0.017758047208189964 0.02946954919025302
0 0.4162042314419523 0.16895874869078398 0.013318535406142473 0.027504912577569485
0 0.44006660737795755 0.17681729514151812 0.018867925158701837 0.03536345902830362
0 0.44173142430372536 0.15127701917663217 0.011098779505118728 0.023575639352202415
0 0.46170922741293907 0.17288802191615105 0.015538291307166219 0.031434185802936554
0 0.4728080069180578 0.17288802191615105 0.013318535406142473 0.031434185802936554
0 0.4633740443387069 0.2131630724761635 0.018867925158701837 0.04125736886635423
0 0.48279690847266465 0.15717092901468277 0.015538291307166219 0.027504912577569485
0 0.47946727462112904 0.13064833474345505 0.015538291307166219 0.02161100273951888
0 0.5033296505571343 0.17976425006054342 0.018867925158701837 0.03732809564098716
0 0.49667038285406306 0.12868369813077152 0.0122086574556306 0.02554027596488595
0 0.5371809280477464 0.2220039372332394 0.017758047208189964 0.027504912577569485
0 0.5394006839487702 0.14931238256394863 0.017758047208189964 0.031434185802936554
0 0.576026656315662 0.18860511481761932 0.017758047208189964 0.03536345902830362
0 0.5688124496373348 0.13752456288784742 0.014428413356654346 0.031434185802936554
0 0.5832408629939891 0.12573674321174622 0.0122086574556306 0.019646366126835346
0 0.5921198865980841 0.14341847272589803 0.014428413356654346 0.027504912577569485
0 0.6176470794598572 0.17288802191615105 0.0122086574556306 0.023575639352202415
0 0.6165372015093453 0.1080550136975944 0.0122086574556306 0.019646366126835346
0 0.6254162251134403 0.1326129713561386 0.0122086574556306 0.02161100273951888
0 0.6637070144060999 0.13654224458150566 0.013318535406142473 0.02946954919025302
0 0.6620421974803321 0.11689587845467031 0.009988901554606855 0.01768172951415181
0 0.6753607328864746 0.11394892353564501 0.009988901554606855 0.023575639352202415
0 0.7125416442286223 0.12082515168003738 0.011098779505118728 0.02161100273951888
0 0.6875693903421052 0.1709233853034675 0.01664816925767809 0.03536345902830362
0 0.6331853707670234 0.21119843586347997 0.021087681059725583 0.049115915317088366
0 0.6614872585050762 0.22888016537763178 0.022197559010237455 0.045186642091721296
0 0.6603773805545643 0.19155206973664463 0.017758047208189964 0.03339882241562009
0 0.7103218883275986 0.22003930062055588 0.01997780310921371 0.0510805519297719
0 0.7081021324265748 0.19155206973664463 0.01997780310921371 0.03339882241562009
0 0.723640423733741 0.1502947008702904 0.015538291307166219 0.02946954919025302
0 0.7336293252883479 0.17485265852883458 0.015538291307166219 0.03929273225367069
0 0.7391787150409073 0.15127701917663217 0.013318535406142473 0.023575639352202415
0 0.758601579174865 0.13752456288784742 0.014428413356654346 0.027504912577569485
0 0.7630410909769125 0.1836935232859105 0.014428413356654346 0.03339882241562009
0 0.8052164530963637 0.2102161175571382 0.018867925158701837 0.03536345902830362
0 0.7752497484325431 0.15127701917663217 0.014428413356654346 0.03536345902830362
0 0.794117673591245 0.16011788393370807 0.0122086574556306 0.02946954919025302
0 0.7946726125665009 0.14047151780687273 0.013318535406142473 0.02554027596488595
0 0.8096559648984112 0.15815324732102454 0.014428413356654346 0.02946954919025302
0 0.8268590731313452 0.13457760796882212 0.013318535406142473 0.02946954919025302
0 0.8251942562055774 0.18565815989859402 0.014428413356654346 0.03732809564098716
0 0.8529412049683742 0.21218075416982174 0.018867925158701837 0.03536345902830362
0 0.8657048013992608 0.2730844891630113 0.022197559010237455 0.04322200547903776
0 0.8817980316816829 0.23280943860299885 0.018867925158701837 0.04125736886635423
0 0.9173141260980628 0.2671905793249607 0.021087681059725583 0.04715127870440483
0 0.9345172343309969 0.22986248368397355 0.017758047208189964 0.03929273225367069
0 0.9056604076176882 0.18467584159225225 0.013318535406142473 0.03536345902830362
0 0.890122116310522 0.2102161175571382 0.017758047208189964 0.031434185802936554
0 0.8712541911518201 0.16110020224004984 0.013318535406142473 0.031434185802936554
0 0.8501665100920945 0.15127701917663217 0.013318535406142473 0.027504912577569485
0 0.9395116851083003 0.17583497683517635 0.014428413356654346 0.02946954919025302
0 0.9367369902320206 0.20235757110640407 0.013318535406142473 0.023575639352202415
