0 0.08839049909147434 0.6414062595576979 0.029023745970334858 0.048437500721774995
0 0.11829375251545571 0.6085937590687536 0.036059805599506944 0.06093750090803951
0 0.10290237207664177 0.5718750085216016 0.03342128323856741 0.059375000884756446
0 0.28364115380099975 0.5351562579744495 0.09234828263288364 0.22031250328291208
0 0.34476692182943225 0.4851562572293915 0.02990325342398137 0.04531250067520887
0 0.37818820506799966 0.5140625076601282 0.03166226833127439 0.05312500079162419
0 0.3997361376823392 0.510937507613562 0.018469656526576728 0.0437500006519258
0 0.4142480106675066 0.6882812602561899 0.056288477033376694 0.10468750155996531
0 0.3944590929604601 0.6625000098720193 0.036059805599506944 0.0656250009778887
0 0.45734387589618564 0.49609375739237294 0.024626208702102304 0.04531250067520887
0 0.5101143231149763 0.5023437574855052 0.022867193794809282 0.04218750062864274
0 0.5549692032509483 0.5429687580908649 0.024626208702102304 0.048437500721774995
0 0.5782761507725809 0.4906250073108822 0.023746701248455793 0.05312500079162419
0 0.5967458072991576 0.522656257788185 0.025505716155748814 0.03906250058207661
0 0.6116974340111483 0.49453125736908987 0.023746701248455793 0.06093750090803951
0 0.6323658591718413 0.49921875743893906 0.022867193794809282 0.048437500721774995
0 0.6706244334054645 0.47734375711297616 0.03430079069221392 0.07343750109430403
0 0.6992084256489761 0.4875000072643161 0.026385223609395325 0.059375000884756446
0 0.7141600523609668 0.5007812574622221 0.028144238516688347 0.06718750100117177
0 0.7480210893263575 0.497656257415656 0.036059805599506944 0.06718750100117177
0 0.7871591710136272 0.4875000072643161 0.03342128323856741 0.06875000102445483
0 0.8113456259889062 0.485937507241033 0.025505716155748814 0.0656250009778887
