0 0.04750000115018338 0.3412499923724681 0.07166666840203106 0.10749999759718776
0 0.15000000363215804 0.35999999195337296 0.07333333510905504 0.1149999974295497
0 0.22750000550877303 0.4112499908078462 0.08500000205822289 0.1374999969266355
0 0.24750000599306077 0.33124999259598553 0.06500000157393515 0.09749999782070518
0 0.306666674092412 0.5312499881256372 0.08666666876524687 0.15749999647960067
0 0.38500000932253897 0.5474999877624214 0.09333333559334278 0.13999999687075615
0 0.4133333433419466 0.6424999856390059 0.11666666949167848 0.20499999541789293
0 0.5775000139838085 0.6849999846890569 0.12166666961275041 0.25999999418854713
0 0.7558333516353741 0.6949999844655395 0.15833333716727793 0.30999999307096004
0 0.7833333523012698 0.38749999133870006 0.076666668523103 0.14999999664723873
0 0.9500000230036676 0.4512499899137765 0.09000000217929482 0.16249999636784196
