0 0.11986301688011736 0.11561561841517687 0.0342465762514621 0.07507507689297199
0 0.05136986437719315 0.3348348429426551 0.03698630235157907 0.07507507689297199
0 0.04452054912690073 0.40540541522204876 0.042465754551813006 0.09009009227156639
0 0.06369863182771951 0.5450450582429767 0.05068493285216391 0.12312312610447407
0 0.10890411247964948 0.7072072243317962 0.061643837252631783 0.1471471507102251
0 0.1712328812573105 0.4294294398277998 0.04383561760187149 0.10810811072587967
0 0.11849315383005887 0.3273273352533579 0.0342465762514621 0.06606606766581535
0 0.17671233345754445 0.2642642706632614 0.03287671320140362 0.07207207381725311
0 0.26643836323637515 0.36036036908626556 0.031506850151345134 0.07807807996869087
0 0.30684932321310043 0.28078078757971525 0.03013698710128665 0.08108108304440975
0 0.342465762514621 0.4414414521306753 0.04383561760187149 0.10210210457444191
0 0.37739727029111236 0.37087087985128164 0.03698630235157907 0.08708708919584751
0 0.3910959007916972 0.2372372429817915 0.0342465762514621 0.07807807996869087
0 0.43561644991859794 0.3198198275640607 0.035616439301520586 0.08108108304440975
0 0.48287672514561564 0.2447447506710887 0.03972602845169604 0.06906907074153423
0 0.4890411088708788 0.37087087985128164 0.04657534370198846 0.09309309534728527
0 0.5082191915716976 0.474474485963583 0.04383561760187149 0.09609609842300415
0 0.43424658686853945 0.5885886028409004 0.04657534370198846 0.12612612918019295
0 0.3116438438883051 0.7867868058383465 0.08082191995345056 0.15015015378594398
0 0.23082192393485457 0.5555555690079927 0.05342465895228088 0.11411411687731743
0 0.5691780972993001 0.798798818141222 0.06712328945286572 0.1621621660888195
0 0.5910959061002359 0.6396396551281214 0.058904111152514815 0.12612612918019295
0 0.6335616606520489 0.46846847981214523 0.05342465895228088 0.1321321353316307
0 0.6842465935042128 0.41591592598706484 0.042465754551813006 0.09909910149872303
0 0.6753424836788327 0.34084084909409285 0.03287671320140362 0.07507507689297199
0 0.6993150870548561 0.286786793731153 0.031506850151345134 0.08108108304440975
0 0.5671233027242124 0.24924925528466702 0.03013698710128665 0.07207207381725311
0 0.5280822057975456 0.2897897968068719 0.0342465762514621 0.06906907074153423
0 0.7863013907335699 0.35285286139696836 0.038356165401637554 0.09309309534728527
0 0.8034246788593009 0.42342343367636204 0.04794520675204694 0.08408408612012863
0 0.8191781039349735 0.5045045167207718 0.04931506980210543 0.11411411687731743
0 0.8719178313622251 0.6591591751202941 0.061643837252631783 0.1351351384073496
0 0.9143835859140381 0.8663663873448968 0.08082191995345056 0.16516516916453838
0 0.9445205730153248 0.36036036908626556 0.03698630235157907 0.07807807996869087
0 0.9767123546916991 0.45795796904712915 0.04109589150175452 0.10510510765016079
