0 0.1296829932834953 0.22402043669717386 0.017291065771132708 0.03236797184217721
0 0.12199807516299188 0.2529812536085956 0.019212295301258564 0.039182281703688204
0 0.17098942818120122 0.23168653529137373 0.019212295301258564 0.04088585916906595
0 0.2098943261662498 0.4318568874732591 0.03554274630732834 0.07666098594199866
0 0.2982708845520392 0.20187392964726314 0.020172910066321492 0.028960816911421716
0 0.30979826173279434 0.21209539443952963 0.01056676241569221 0.028960816911421716
0 0.34438039327505976 0.22231685923179612 0.01633045100606978 0.0425894366344437
0 0.41114311944693327 0.2393526338855736 0.015369836241006851 0.039182281703688204
0 0.4351584885735065 0.1507666056859307 0.011527377180755138 0.022146507049910724
0 0.4519692469621077 0.09625212679384276 0.014409221475943923 0.02555366198066622
0 0.4726224644109607 0.15843270428013057 0.015369836241006851 0.03407154930755496
0 0.48222861206158996 0.18483815499348566 0.015369836241006851 0.028960816911421716
0 0.4975984483025968 0.1575809155474417 0.011527377180755138 0.03236797184217721
0 0.5566762563539669 0.18909709865693003 0.014409221475943923 0.037478704238310456
0 0.628242056351155 0.26405450713355094 0.017291065771132708 0.04088585916906595
0 0.8957732684211805 0.202725718379952 0.018251680536195636 0.04429301409982145
0 0.8847261986229569 0.24957409867784008 0.02113352483138442 0.039182281703688204
0 0.9178674080176279 0.24446336628170684 0.014409221475943923 0.039182281703688204
0 0.9341978590236977 0.20783645077608526 0.01633045100606978 0.04088585916906595
0 0.9538904617074877 0.2325383240240626 0.02113352483138442 0.056218056357465684
0 0.4241114187752828 0.15247018315130845 0.01633045100606978 0.03236797184217721
