0 0.2151335298549384 0.3808724849950522 0.07418397581204772 0.09060402726754546
0 0.2759643900208175 0.7734899364877492 0.18991097807884216 0.23825503466650844
0 0.2997032622806728 0.637583895586431 0.07121661677956581 0.09395973198115826
0 0.35608308389782906 0.6359060432296246 0.05341246258467436 0.09060402726754546
0 0.08308605290949345 0.6191275196615607 0.05341246258467436 0.07046979898586869
0 0.1884272985626012 0.7080536945722997 0.09792284807190299 0.1275167791172862
0 0.6142433197237551 0.48154362640343606 0.04747774451971054 0.07046979898586869
0 0.5712166137527674 0.6728187950793654 0.07418397581204772 0.10402684612199664
0 0.6795252184383571 0.671140942722559 0.1008902071043849 0.1275167791172862
0 0.7537091942504048 0.5855704725254327 0.059347180649638176 0.07718120841309428
0 0.7418397581204772 0.5285234923940152 0.05341246258467436 0.0637583895586431
0 0.8086053363513201 0.41275167977437377 0.04451038548722863 0.06040268484503031
0 0.8560830808710307 0.4546979886945337 0.05637982161715627 0.0637583895586431
0 0.9643916855566204 0.4697986599057913 0.059347180649638176 0.07382550369948149
0 0.974777442170307 0.548657720675692 0.05044510355219245 0.09060402726754546
0 0.9198813000693917 0.6359060432296246 0.07121661677956581 0.10402684612199664
