0 0.06666666828095913 0.4540540650486946 0.0533333346247673 0.11351351626217365
0 0.1300000031478703 0.44324325397610664 0.04000000096857548 0.08108108304440975
0 0.19416667136829346 0.4540540650486946 0.051666667917743325 0.0972972996532917
0 0.2700000065378845 0.4554054164327681 0.06666666828095913 0.14324324671179056
0 0.3733333423733711 0.44594595674425364 0.04000000096857548 0.08648648858070374
0 0.3350000081118196 0.46891893027350307 0.023333333898335695 0.06216216366738081
0 0.44666667748242617 0.47837838996201754 0.060000001452863216 0.10810811072587967
0 0.5266666794195771 0.4513513622805476 0.05000000121071935 0.11891892179846764
0 0.5825000141048804 0.46756757888942957 0.041666667675599456 0.11351351626217365
0 0.6591666826279834 0.44189190259203315 0.05500000133179128 0.10540540795773268
0 0.7216666841413826 0.46756757888942957 0.05000000121071935 0.10270270518958569
0 0.765833351877518 0.44594595674425364 0.0383333342615515 0.07027027197182178
0 0.8008333527250215 0.4527027136646211 0.025000000605359674 0.06216216366738081
0 0.8375000202795491 0.4837837954983115 0.03500000084750354 0.08108108304440975
0 0.8708333544200286 0.493243255186826 0.031666667433455586 0.06216216366738081
0 0.8833333547227085 0.4500000108964741 0.023333333898335695 0.04594594705849886
0 0.9283333558123559 0.490540552418679 0.03666666755452752 0.08378378581255674
0 0.9775000236695632 0.47567568719387054 0.03500000084750354 0.054054055362939835
