0 0.5448863463825546 0.06149193365126848 0.01704545400571078 0.026209676638245583
0 0.47045453055761755 0.16431451123207808 0.013636363204568624 0.038306450471282005
0 0.4852272573625669 0.17741934955120087 0.0181818176060915 0.04032257944345474
0 0.44943180395057425 0.23487902525812387 0.021590908407233655 0.03427419252693653
0 0.4136363505385816 0.21068547759205103 0.022727272007614374 0.03427419252693653
0 0.5505681643844582 0.17439515609294176 0.01704545400571078 0.03427419252693653
0 0.5636363457888365 0.18447580095380545 0.0181818176060915 0.046370966359972954
0 0.6374999798135832 0.12096773833036423 0.0181818176060915 0.02822580561041832
0 0.6755681604263373 0.1733870916068554 0.01704545400571078 0.04435483738780022
0 0.634090889012441 0.21572580002248287 0.022727272007614374 0.04838709533214569
0 0.6215908894082531 0.2782257981598377 0.022727272007614374 0.04838709533214569
0 0.6392045252141543 0.32862902246415615 0.03295454441104084 0.06451612710952759
0 0.6806817966280505 0.28729837853461504 0.022727272007614374 0.046370966359972954
0 0.6818181602284312 0.2177419289946556 0.020454544806852937 0.052419353276491165
0 0.7261363406432793 0.21975805796682835 0.020454544806852937 0.060483869165182114
0 0.9409090611152351 0.24092741217464209 0.020454544806852937 0.0544354822486639
