0 0.16887754370691255 0.24000000581145287 0.18265305331442505 0.4733333447948098
0 0.24948978511383757 0.4066666765138507 0.054081630310975015 0.22666667215526104
0 0.3173469250323251 0.3666666755452752 0.05918367090635002 0.2133333384990692
0 0.3423469239496626 0.3000000072643161 0.027551019215025008 0.1000000024214387
0 0.4204081450589001 0.3600000087171793 0.04693877347745001 0.1600000038743019
0 0.49489793775137514 0.35000000847503543 0.026530611095950007 0.1066666692495346
0 0.5551020167768002 0.3200000077486038 0.026530611095950007 0.09333333559334278
0 0.5806122197536752 0.3000000072643161 0.022448978619650006 0.09333333559334278
0 0.6499999718507752 0.2700000065378845 0.024489794857800007 0.09333333559334278
0 0.5903060968848877 0.5133333457633853 0.04795918159652501 0.2066666716709733
0 0.6188775242189877 0.46166667784564197 0.049999997834675014 0.1833333377726376
0 0.5586734451935627 0.44166667736135423 0.03367346792947501 0.14333333680406213
0 0.7173469077097252 0.41833334346301854 0.11020407686010003 0.40333334309980273
0 0.6602040530415252 0.38666667602956295 0.03265305981040001 0.12666666973382235
0 0.8183673114981502 0.308333340799436 0.024489794857800007 0.08333333535119891
0 0.8168366993195377 0.2133333384990692 0.019387754262425005 0.08000000193715096
0 0.8948979204287753 0.2700000065378845 0.03265305981040001 0.1066666692495346
0 0.9188775112270378 0.16666667070239782 0.021428570500575006 0.08000000193715096
0 0.9581632238114253 0.25000000605359674 0.03469387604855001 0.12666666973382235
0 0.9903060795622878 0.14666667021811008 0.019387754262425005 0.1000000024214387
0 0.8948979204287753 0.533333346247673 0.12448979052715003 0.4066666765138507
