0 0.2079051344189793 0.440761650679633 0.04268774623051286 0.09449929790571332
0 0.2739130383124575 0.26657264633104205 0.016600790200755 0.03667136933654547
0 0.3039525634376332 0.24964739894494414 0.013438734924420714 0.033850494772195816
0 0.32094861054793 0.26093089720234275 0.014229248743504286 0.03949224390089512
0 0.33043477637693286 0.25528914807364345 0.01739130401983857 0.031029620207846165
0 0.33359683165326715 0.2193229973781854 0.012648221105337143 0.03244005749002099
0 0.3660078982356936 0.2468265243805945 0.020553359296172857 0.04231311846524477
0 0.33952568529639393 0.22143865330144763 0.015019762562587857 0.031029620207846165
0 0.39999999245628715 0.25669958535581827 0.01739130401983857 0.04231311846524477
0 0.4237154070287943 0.2644569904077798 0.018972331658005714 0.043723555747419596
0 0.39130434044636786 0.18829337717033923 0.012648221105337143 0.026798308361321688
0 0.4090909013757482 0.17207334842532873 0.011857707286253572 0.028208745643496513
0 0.42450592084787786 0.1819464094005525 0.012648221105337143 0.03667136933654547
0 0.4407114541390911 0.15585331968031824 0.011857707286253572 0.02961918292567134
0 0.46403161180205643 0.16078985016793013 0.012648221105337143 0.031029620207846165
0 0.4569169874303043 0.21861777873709798 0.01581027638167143 0.03667136933654547
0 0.47786560363601893 0.18758815852925181 0.013438734924420714 0.028208745643496513
0 0.4810276589123532 0.22708040243014693 0.018181817838922143 0.04231311846524477
0 0.44426876632496715 0.153737663757056 0.009486165829002857 0.025387871079146862
0 0.4960474214749411 0.12764457403682172 0.008695652009919286 0.021156559232622385
0 0.5071146149421111 0.18406206532381475 0.013438734924420714 0.03808180661872029
0 0.52015809295699 0.15021157055161893 0.012648221105337143 0.02961918292567134
0 0.48537548491731286 0.30465445294976234 0.020553359296172857 0.04513399302959442
0 0.5379446538863704 0.3081805461551994 0.024505928391590714 0.04654443031176925
0 0.5533596733585 0.25669958535581827 0.020553359296172857 0.053596616722643375
0 0.547826076624915 0.19605078222230077 0.01581027638167143 0.03949224390089512
0 0.5517786457203329 0.16572638065554202 0.01739130401983857 0.03526093205437064
0 0.5541501871775836 0.1424541654996574 0.014229248743504286 0.033850494772195816
0 0.6003952455939725 0.11142454529181123 0.016600790200755 0.031029620207846165
0 0.58656125376001 0.15796897560358047 0.01581027638167143 0.031029620207846165
0 0.6249011739855632 0.13046544860117137 0.013438734924420714 0.026798308361321688
0 0.6415019641863182 0.1156558571383357 0.011857707286253572 0.028208745643496513
0 0.6636363511206582 0.12200282490812242 0.011857707286253572 0.03244005749002099
0 0.6533596714725718 0.1699576925020665 0.016600790200755 0.040902681183069944
0 0.614229237427935 0.20733428047969937 0.018972331658005714 0.04231311846524477
0 0.6102766683325171 0.2531734921503812 0.023715414572507143 0.05218617944046855
0 0.6521739007439464 0.21791256009601057 0.018972331658005714 0.0493653048761189
0 0.6446640194626525 0.2637517717666924 0.02292490075342357 0.05641749128699303
0 0.6837944535072893 0.3131170766428113 0.025296442210674286 0.05923836585134268
0 0.7031620420748368 0.2806770191527903 0.024505928391590714 0.05923836585134268
0 0.6873517656931654 0.18265162804163992 0.018181817838922143 0.040902681183069944
0 0.7035572989843786 0.22849083971232176 0.02213438693434 0.04795486759394407
0 0.7205533460946754 0.15091678919270635 0.015019762562587857 0.03667136933654547
0 0.7513833850389346 0.14386460278183222 0.011857707286253572 0.031029620207846165
0 0.7640316061442718 0.1205923876259476 0.013438734924420714 0.02961918292567134
0 0.7387351639335975 0.19393512629903853 0.015019762562587857 0.03808180661872029
0 0.7513833850389346 0.22778562107123435 0.018181817838922143 0.043723555747419596
0 0.7592885232297704 0.17348378570750356 0.010276679648086429 0.033850494772195816
0 0.7897233052644879 0.2743300513830036 0.018972331658005714 0.0493653048761189
0 0.7762845703400671 0.3455571341328323 0.03162055276334286 0.07334273867309093
0 0.7826086808927357 0.2136812482494861 0.01581027638167143 0.03526093205437064
0 0.80790512310341 0.22849083971232176 0.018972331658005714 0.04795486759394407
0 0.846640300238505 0.3138222952838987 0.02213438693434 0.060648803133517504
0 0.8324110514950007 0.1368124163709581 0.01106719346717 0.028208745643496513
0 0.8747035408159718 0.14598025870509446 0.011857707286253572 0.02961918292567134
0 0.8015810125507414 0.13540197908878326 0.012648221105337143 0.031029620207846165
0 0.8209486011182889 0.15796897560358047 0.011857707286253572 0.03667136933654547
0 0.8383399051381275 0.19464034494012594 0.015019762562587857 0.04231311846524477
0 0.8197628303896636 0.2087447177618742 0.014229248743504286 0.04513399302959442
0 0.8549406953388825 0.25599436671473086 0.019762845477089286 0.0493653048761189
0 0.8913043310167268 0.25105783622711897 0.02134387311525643 0.04513399302959442
0 0.8869565050117671 0.20239774999208748 0.012648221105337143 0.03244005749002099
0 0.8731225131778046 0.21720734145492315 0.018181817838922143 0.04513399302959442
0 0.7865612499881536 0.1586741942446679 0.01106719346717 0.03526093205437064
0 0.802371526369825 0.17842031619511545 0.012648221105337143 0.03244005749002099
