0 0.3133333409205079 0.43017457821406424 0.1833333377726376 0.3516209595836699
0 0.10833333595655859 0.4663341804407537 0.0533333346247673 0.10972568951547146
0 0.13250000320840627 0.4650872976053506 0.03500000084750354 0.07231920445337892
0 0.17166667082346976 0.514962611021474 0.07333333510905504 0.1221945178695023
0 0.4216666768770665 0.46134664909914136 0.030000000726431608 0.06483790744096041
0 0.39333334285765886 0.4725685946177691 0.033333334140479565 0.09725686116144061
0 0.4833333450369537 0.47755612595938146 0.08000000193715096 0.1221945178695023
0 0.535833346308209 0.4663341804407537 0.04500000108964741 0.05985037609934807
0 0.5766666806302965 0.4837905401363969 0.03666666755452752 0.05985037609934807
0 0.6583333492744714 0.4812967744655907 0.1300000031478703 0.2443890357390046
0 0.7208333507878706 0.41396510135382414 0.03500000084750354 0.06483790744096041
0 0.7491666848072782 0.4600997662637383 0.04833333450369537 0.08728179847821593
0 0.7841666856547818 0.47880300879478455 0.0383333342615515 0.06483790744096041
0 0.8825000213691965 0.47880300879478455 0.07833333523012698 0.12468828354030848
0 0.9775000236695632 0.426433929707855 0.04500000108964741 0.09476309549063444
0 0.8991666884394363 0.35536160808987916 0.021666667191311717 0.03740648506209254
