0 0.04852824134286493 0.3898186898441054 0.023866348201408982 0.05718270584475249
0 0.28719172335695475 0.27196652779821306 0.017501988681033254 0.041841004276648164
0 0.317024658608716 0.2761506282258779 0.021479713381268084 0.039051603991538286
0 0.30787589179817587 0.23291492380667478 0.01591089880093932 0.030683403136208653
0 0.34367541410028934 0.2601115765864961 0.019093078561127186 0.040446304134093225
0 0.34566427645040676 0.3103207817184739 0.01829753362108022 0.040446304134093225
0 0.3846459785127081 0.2921896798652597 0.021479713381268084 0.0432357044192031
0 0.35043754609068856 0.2280334733077325 0.016706443740986288 0.03207810327876359
0 0.35282418091082945 0.20920502138324082 0.015115353860892355 0.027894002851098776
0 0.3798727088724263 0.22873082337900996 0.01829753362108022 0.03626220370642841
0 0.4081145542440936 0.19525801995769143 0.01591089880093932 0.030683403136208653
0 0.42561654292512685 0.22733612323645502 0.019093078561127186 0.041841004276648164
0 0.44391407654620707 0.19316596974385902 0.012728719040751457 0.03207810327876359
0 0.46300715510733426 0.23430962394922972 0.017501988681033254 0.041841004276648164
0 0.4387430344359018 0.1778242681757547 0.016706443740986288 0.03765690384898335
0 0.44908511865651235 0.15341701568104327 0.015115353860892355 0.027894002851098776
0 0.468575969687663 0.1457461648969911 0.01431980892084539 0.029288702993653715
0 0.468575969687663 0.16945606732042506 0.01431980892084539 0.026499302708543837
0 0.5051710369298235 0.13389121368527412 0.012728719040751457 0.027894002851098776
0 0.5111376239801757 0.16736401710659266 0.015115353860892355 0.03626220370642841
0 0.5051710369298235 0.18828451924491674 0.017501988681033254 0.03626220370642841
0 0.5246618879609741 0.15760111610870808 0.011933174100704491 0.030683403136208653
0 0.527048522781115 0.14086471439804882 0.015115353860892355 0.027894002851098776
0 0.5445505114621483 0.16596931696403772 0.015115353860892355 0.03347280342131853
0 0.5584725479129702 0.14225941454060376 0.01431980892084539 0.03347280342131853
0 0.5521081883925945 0.13179916347144172 0.012728719040751457 0.026499302708543837
0 0.5656324523733929 0.12412831268738955 0.012728719040751457 0.027894002851098776
0 0.5799522612942383 0.1638772667502053 0.012728719040751457 0.03207810327876359
0 0.5906921179848723 0.16945606732042506 0.015115353860892355 0.03765690384898335
0 0.5879077106947079 0.1387726641842164 0.01591089880093932 0.03486750356387347
0 0.5910898904548958 0.10599721083417535 0.01431980892084539 0.0251046025659889
0 0.6153540111263283 0.10739191097673029 0.011933174100704491 0.0251046025659889
0 0.6503579884883948 0.1004184102639556 0.011933174100704491 0.0251046025659889
0 0.6125696038361639 0.13249651354271919 0.01431980892084539 0.027894002851098776
0 0.6408114492078312 0.1415620644693263 0.015115353860892355 0.03207810327876359
0 0.6618933901190758 0.1345885637565516 0.012728719040751457 0.029288702993653715
0 0.6587112103588879 0.1094839611905627 0.011137629160657525 0.026499302708543837
0 0.6865552832605317 0.1115760114043951 0.012728719040751457 0.027894002851098776
0 0.6149562386563048 0.21129707159707323 0.017501988681033254 0.0432357044192031
0 0.5453460564021952 0.2914923297939822 0.027844072901643813 0.05578800570219755
0 0.5672235422534868 0.25453277601627633 0.020684168441221118 0.04602510470431298
0 0.6089896516059525 0.24965132551733404 0.023070803261362016 0.052998605417087674
0 0.5950676151551306 0.329846583714243 0.033412887481972575 0.06276150641497225
0 0.6674622046994045 0.2573221763013862 0.027048527961596847 0.05997210612986237
0 0.6750198816298507 0.21687587216729298 0.019888623501174152 0.04881450498942286
0 0.6833731035003439 0.1889818693161942 0.017501988681033254 0.040446304134093225
0 0.7036594994715415 0.21827057230984792 0.021479713381268084 0.04881450498942286
0 0.7784407238359563 0.11785216204589233 0.013524263980798423 0.029288702993653715
0 0.8035003894474357 0.12412831268738955 0.012728719040751457 0.030683403136208653
0 0.8373110493994318 0.12691771297249943 0.011933174100704491 0.03347280342131853
0 0.8329355522291735 0.13598326389910653 0.01431980892084539 0.03207810327876359
0 0.8747016615816392 0.13389121368527412 0.011933174100704491 0.03347280342131853
0 0.8643595773610286 0.14644351496826857 0.013524263980798423 0.03347280342131853
0 0.9045345968334004 0.14016736432677135 0.012728719040751457 0.03765690384898335
0 0.8926014227326959 0.16108786646509543 0.01431980892084539 0.03207810327876359
0 0.9347653045551851 0.1638772667502053 0.01431980892084539 0.03765690384898335
0 0.8894192429725081 0.1847977688885294 0.01591089880093932 0.03207810327876359
0 0.9291964899748564 0.21059972152579576 0.017501988681033254 0.041841004276648164
0 0.9276054000947624 0.22733612323645502 0.017501988681033254 0.041841004276648164
0 0.8500397684401833 0.16248256660765037 0.013524263980798423 0.03486750356387347
0 0.8174224258982576 0.15411436575232074 0.015115353860892355 0.03486750356387347
0 0.7828162210062146 0.1548117158235982 0.01431980892084539 0.030683403136208653
0 0.7716785918455571 0.14504881482571363 0.012728719040751457 0.03626220370642841
0 0.737867931893561 0.14225941454060376 0.015115353860892355 0.030683403136208653
0 0.727923620142974 0.13598326389910653 0.012728719040751457 0.03207810327876359
0 0.7259347577928565 0.18270571867469698 0.01829753362108022 0.039051603991538286
0 0.7605409626848996 0.1778242681757547 0.019093078561127186 0.03765690384898335
0 0.8019092995673418 0.18131101853214204 0.017501988681033254 0.039051603991538286
0 0.7382657043635845 0.23082287359284237 0.023866348201408982 0.05439330555964261
0 0.7728719092556275 0.2663877272279933 0.02466189314145595 0.05578800570219755
0 0.8110580663778819 0.24965132551733404 0.019888623501174152 0.04741980484686792
0 0.774065226665698 0.21548117202473804 0.019093078561127186 0.04602510470431298
0 0.8237867854186334 0.2140864718821831 0.016706443740986288 0.0432357044192031
0 0.8544152656104416 0.24198047473328188 0.020684168441221118 0.04602510470431298
0 0.8261734202387743 0.3423988849972375 0.027844072901643813 0.07391910755541176
0 0.833333324699197 0.3005578807205893 0.02625298302154988 0.06276150641497225
0 0.8731105717015453 0.22384937288006768 0.019888623501174152 0.04881450498942286
0 0.9073190041235648 0.30683403136208653 0.023070803261362016 0.05857740598730743
0 0.8838504283921793 0.43165969412075356 0.03023070772178471 0.07670850784052163
0 0.7175815359223634 0.15829846617998555 0.01431980892084539 0.03486750356387347
