0 0.09871795179788023 0.3663461541873403 0.07179487403482199 0.09807692316826433
0 0.037179488339461386 0.5134615389397368 0.03333333437331021 0.05769230774603784
0 0.176282056781929 0.5221153851016425 0.03974359098356217 0.0750000000698492
0 0.18525641603628173 0.49326923122862354 0.032051283051259816 0.0480769231216982
0 0.22115385305369273 0.5230769235640764 0.026923077763058245 0.05000000004656613
0 0.23846154590137303 0.49038461584132165 0.023076923796907067 0.03846153849735856
0 0.274358982918784 0.48269230814184994 0.028205129085108638 0.04615384619683027
0 0.27243590593570843 0.5711538466857746 0.04743589891586453 0.06923076929524541
0 0.30576924030901864 0.508653846627567 0.02948718040715903 0.05961538467090577
0 0.35512821620795876 0.5528846158995293 0.046153847593814135 0.0826923077693209
0 0.32051283051259816 0.46634615428047255 0.020512821152806282 0.03653846157249063
0 0.35641026753000915 0.4884615389164537 0.020512821152806282 0.03076923079788685
0 0.3653846267843619 0.4509615388815291 0.017948718508705497 0.032692307722754776
0 0.40833334607305005 0.4625000004307367 0.016666667186655104 0.03653846157249063
0 0.4134615513612516 0.5451923082000576 0.032051283051259816 0.06346153852064162
0 0.3974359098356217 0.5153846158646047 0.028205129085108638 0.053846153896301985
0 0.44166668044636026 0.47692307736724615 0.01923076983075589 0.03076923079788685
0 0.46217950159916654 0.45865384658100083 0.021794872474856675 0.03653846157249063
0 0.44487180875148624 0.453846154268831 0.012820513220503926 0.01923076924867928
0 0.4679487325483933 0.5048076927778311 0.035897437017410994 0.05576923082116991
0 0.4891025793622248 0.5663461543736048 0.04487179627176374 0.08653846161905676
0 0.5403846322442405 0.4923076927661896 0.026923077763058245 0.0615384615957737
0 0.5096154005150311 0.4673076927429065 0.01923076983075589 0.03846153849735856
0 0.5326923243119381 0.44807692349422723 0.01923076983075589 0.026923076948150992
0 0.5730769409565255 0.5134615389397368 0.035897437017410994 0.06923076929524541
0 0.587820531160105 0.46634615428047255 0.021794872474856675 0.04038461542222649
0 0.6243589938385412 0.480769231216982 0.025641026441007853 0.053846153896301985
0 0.6448718149913475 0.4596153850434348 0.017948718508705497 0.03076923079788685
0 0.5692307869903743 0.4682692312053405 0.015384615864604712 0.025000000023283064
0 0.6685897644492798 0.4644230773556046 0.021794872474856675 0.05192307697143406
0 0.6858974572969601 0.46057692350586876 0.015384615864604712 0.04038461542222649
0 0.70192309882259 0.454807692731265 0.016666667186655104 0.032692307722754776
0 0.587820531160105 0.6586538467672653 0.060256412136368454 0.10192307701800019
0 0.6570513025508262 0.5682692312984727 0.032051283051259816 0.05576923082116991
0 0.6858974572969601 0.5538461543619633 0.028205129085108638 0.053846153896301985
0 0.7397436128230765 0.49807692354079336 0.025641026441007853 0.04230769234709442
0 0.7448718181112781 0.4750000004423782 0.023076923796907067 0.04230769234709442
0 0.7769231011625379 0.6644230775418691 0.06666666874662042 0.10576923086773604
0 0.7442307924502529 0.5923076928593218 0.0346153856953606 0.06923076929524541
0 0.7730769471963868 0.5461538466624916 0.03333333437331021 0.06538461544550955
0 0.7993589992984198 0.5057692312402651 0.026923077763058245 0.05769230774603784
0 0.8121795125189237 0.48461538506671786 0.021794872474856675 0.03846153849735856
0 0.9179487465880811 0.5644230774487369 0.0692307713907212 0.12115384626667947
0 0.8692307963501662 0.5201923081767745 0.04871795023791492 0.09423076931852847
0 0.8538461804855615 0.4509615388815291 0.023076923796907067 0.03653846157249063
0 0.8833333608927205 0.4701923081302084 0.025641026441007853 0.044230769271962345
0 0.9410256703849882 0.47211538505507633 0.023076923796907067 0.044230769271962345
0 0.9852564409957267 0.508653846627567 0.02948718040715903 0.0750000000698492
0 0.9788461843854748 0.46634615428047255 0.0346153856953606 0.06730769237037748
