0 0.04941176273860037 0.6360424077138305 0.0799999968148768 0.1342756194062531
0 0.05176470382139087 0.5353356931591406 0.06588235031813383 0.09540636115707457
0 0.10588234872557223 0.5918727960670367 0.06117646815255284 0.09540636115707457
0 0.19411763933021575 0.5300353397615254 0.06823529140092432 0.09893993008881807
0 0.26705881289672107 0.632508838782087 0.07294117356650531 0.12014134367927909
0 0.26117646018974483 0.5600706756813452 0.06588235031813383 0.09540636115707457
0 0.4199999832781032 0.3745583067648113 0.04941176273860037 0.08480565436184406
0 0.36235292674973607 0.731448768870905 0.09411764331161976 0.16254417086020112
0 0.42470586544368416 0.5971731494646519 0.07294117356650531 0.12014134367927909
0 0.504705862258561 0.674911665963009 0.07294117356650531 0.12014134367927909
0 0.6270587985636666 0.639575976645574 0.06352940923534334 0.09893993008881807
0 0.8529411425115541 0.5706713824765757 0.0776470557320863 0.12367491261102259
