0 0.07929687618161552 0.5203125271364115 0.06640625098953024 0.12812500668223947
0 0.11953125178115442 0.5791666968725622 0.08281250123400241 0.11666667275130749
0 0.2316406284517143 0.5067708597634919 0.05703125084983185 0.0927083381684497
0 0.26328125392319635 0.31875001662410796 0.02500000037252903 0.04375000228174031
0 0.38320313071017154 0.3593750187428668 0.027343750407453626 0.03750000195577741
0 0.38281250570435077 0.3322916839970276 0.02812500041909516 0.03750000195577741
0 0.3226562548079528 0.5447916950797662 0.07500000111758709 0.11250000586733222
0 0.4183593812340405 0.49791669263504446 0.052343750779982656 0.08541667112149298
0 0.4089843810943421 0.4270833556074649 0.044531250663567334 0.06875000358559191
0 0.49960938244475983 0.494791692472063 0.05703125084983185 0.08541667112149298
0 0.5503906332014594 0.5281250275438651 0.06484375096624717 0.10625000554136932
0 0.5191406327357981 0.4442708565038629 0.04765625071013346 0.06354166998062283
0 0.5855468837253284 0.4312500224914402 0.04296875064028427 0.06458333670161664
0 0.6144531341560651 0.42447918880498037 0.03515625052386895 0.06354166998062283
0 0.6535156347381417 0.5026041928795166 0.06015625089639798 0.0989583384944126
0 0.6421875095693395 0.45520835707429796 0.04687500069849193 0.06041666981764138
0 0.6582031348079909 0.3895833536516875 0.030468750454019755 0.04375000228174031
0 0.6964843853784259 0.4135416882345453 0.041406250617001206 0.058333336375653744
0 0.7074218855414074 0.45937502395827323 0.04765625071013346 0.06041666981764138
0 0.7843750116880983 0.48385419190162793 0.0656250009778887 0.1114583391463384
0 0.7535156362282578 0.41614585503702983 0.03203125047730282 0.04895833588670939
0 0.8164062621654011 0.42864585568895563 0.040625000605359674 0.06562500342261046
0 0.8558593877532985 0.46145835740026087 0.0632812509429641 0.08541667112149298
0 0.9574218892666977 0.42864585568895563 0.04921875073341653 0.06979167030658573
0 0.9875000147148967 0.4338541892939247 0.02500000037252903 0.06562500342261046
