0 0.08210180676542222 0.3461063001304865 0.09688013198319823 0.18541408935561776
0 0.028325123334070668 0.3844252119306475 0.04679802985629067 0.09394313860684633
0 0.14819376121158712 0.40234857390169054 0.03694581304444 0.07787391752935946
0 0.17816092068096623 0.4110012314049527 0.03940886724740267 0.07787391752935946
0 0.22085386019898579 0.3936959163984284 0.03612479497678578 0.07292954181320965
0 0.27422003459651023 0.4017305269371718 0.03940886724740267 0.08405438717454672
0 0.25328407387132756 0.396786151221022 0.030377668503206223 0.046971569303423166
0 0.2959770133893471 0.3918417755048722 0.023809523961972445 0.04944375716149807
0 0.3390804619411938 0.41965388890821487 0.031198686570860445 0.053152038948610425
0 0.3279967180278618 0.4011124799726531 0.023809523961972445 0.04326328751631081
0 0.3682266033429187 0.41409146622754633 0.027093596232589334 0.05191594501957297
0 0.3944991815078538 0.4110012314049527 0.027093596232589334 0.05067985109053552
0 0.4142036151315551 0.3918417755048722 0.020525451691355556 0.04202719358727336
0 0.43431855778908357 0.39245982246939093 0.026272578164935112 0.05809641466476023
0 0.4618226630555 0.40234857390169054 0.02873563236789778 0.053152038948610425
0 0.48193760571302846 0.37144622567575425 0.027914614300243556 0.04820766323246062
0 0.4942528767278418 0.40543880872428417 0.026272578164935112 0.04944375716149807
0 0.5119047651824076 0.41718170105013996 0.027093596232589334 0.053152038948610425
0 0.4905582954233978 0.4567367067793384 0.038587849179748446 0.06798516609705985
0 0.5328407259075902 0.4091470905113965 0.024630542029626667 0.05191594501957297
0 0.5488505782268476 0.42212607676628977 0.020525451691355556 0.04326328751631081
0 0.5648604305461049 0.389987634611316 0.034482758841477334 0.05809641466476023
0 0.5418719246517867 0.3825710710370913 0.02134646975900978 0.038318911800161004
0 0.5693760299182031 0.4567367067793384 0.04022988531505689 0.06798516609705985
0 0.6009852255228907 0.4128553722985089 0.03284072270616889 0.06180469645187259
0 0.642857146973256 0.4511742840986699 0.04105090338271111 0.0716934478841722
0 0.6174055868759751 0.38627935282420367 0.022988505894318223 0.045735475374385715
0 0.6387520566349849 0.3887515406822786 0.022988505894318223 0.05067985109053552
0 0.6617405625293031 0.3794808362144977 0.029556650435552 0.0667490721680224
0 0.6822660142206587 0.40296662086620927 0.022988505894318223 0.04449938144534826
0 0.7114121556223836 0.4085290435468778 0.03201970463851467 0.06304079038091004
0 0.7011494297767058 0.36711989692412317 0.027914614300243556 0.04449938144534826
0 0.7504105138359591 0.44561186141800135 0.03940886724740267 0.08034610538743436
0 0.7483579686668236 0.39060568157583475 0.03530377690913156 0.06180469645187259
0 0.7697044384258334 0.38318911800161004 0.023809523961972445 0.0692212600260973
0 0.8325123206013814 0.351668722811155 0.05090312019456178 0.10012360825203359
0 0.9154351454344578 0.37391841353382915 0.05747126473579556 0.1025957961101085
0 0.8587848987663165 0.38627935282420367 0.026272578164935112 0.05809641466476023
0 0.8160919592482969 0.3936959163984284 0.026272578164935112 0.05562422680668533
0 0.4051724163873587 0.5525339862797409 0.045155993720982224 0.07911001145839691
0 0.8226601037895307 0.744128545280546 0.07060755381826311 0.12113720504567027
0 0.9392446693964303 0.7787391752935946 0.08538587903603911 0.1458590836264193
