0 0.07563025230774656 0.3595505617558956 0.0373482727445662 0.07704654894769192
0 0.27357609785394743 0.19502407702384517 0.01680672273505479 0.04012841091025621
0 0.2861811399052385 0.2223113964428194 0.021475256828125566 0.05617977527435869
0 0.3095238103705924 0.1894060994964093 0.015873015916440636 0.03531300160102546
0 0.3221288524218835 0.18218298553256318 0.0186741363722831 0.03691813803743571
0 0.39542483768309467 0.20385232742410153 0.028944911377038807 0.05778491171076894
0 0.42436974906013347 0.22471910109743476 0.019607843190897256 0.04494382021948695
0 0.47245565021876246 0.17817014444153756 0.02427637728396803 0.060995184583589435
0 0.5130718968284782 0.15409309789538383 0.023342670465353876 0.04815409309230745
0 0.5695611593546346 0.15730337076820433 0.02614379092119634 0.05457463883794844
0 0.6349206366576254 0.18459069018717855 0.02801120455842465 0.05778491171076894
0 0.5863678820896894 0.27367576240794733 0.02801120455842465 0.06260032101999968
0 0.6167133536946494 0.2993579453905113 0.028944911377038807 0.06260032101999968
0 0.752567695803009 0.3515248795738444 0.04481792729347944 0.0930979133117944
