0 0.2280000108294189 0.45045046135783195 0.020000000949949026 0.024024024605751038
0 0.5630000267410651 0.5300300428643823 0.03800000180490315 0.06906907074153423
0 0.7320000347681344 0.5585585720837116 0.05600000265985727 0.10210210457444191
0 0.8790000417502597 0.6756756920367479 0.12200000579468906 0.1621621660888195
0 0.8440000400878489 0.5000000121071935 0.04800000227987766 0.06306306459009647
0 0.8150000387104228 0.4864864982664585 0.034000001614913344 0.054054055362939835
0 0.8250000391853973 0.4564564675092697 0.03000000142492354 0.042042043060064316
0 0.8960000425577164 0.4564564675092697 0.03200000151991844 0.042042043060064316
0 0.9710000461200252 0.5060060182586312 0.058000002754852176 0.09309309534728527
0 0.7580000360030681 0.4594594705849886 0.02400000113993883 0.036036036908626556
0 0.7100000337231904 0.4774774890393019 0.03200000151991844 0.060060061514377594
0 0.6720000319182873 0.48048049211502075 0.020000000949949026 0.036036036908626556
0 0.6850000325357541 0.4594594705849886 0.026000001234933734 0.042042043060064316
0 0.6640000315383077 0.4714714828878641 0.020000000949949026 0.036036036908626556
0 0.6260000297334045 0.4669669782742858 0.020000000949949026 0.03303303383290768
0 0.5520000262185931 0.48048049211502075 0.02400000113993883 0.042042043060064316
0 0.5470000259811059 0.4594594705849886 0.018000000854954123 0.024024024605751038
0 0.5640000267885625 0.45045046135783195 0.00800000037997961 0.018018018454313278
0 0.4890000232262537 0.46096097212284803 0.014000000664964318 0.021021021530032158
0 0.4560000216588378 0.4624624736607075 0.012000000569969416 0.018018018454313278
0 0.44900002132635564 0.4564564675092697 0.010000000474974513 0.018018018454313278
0 0.42600002023391426 0.4714714828878641 0.02400000113993883 0.030030030757188797
0 0.3940000187139958 0.47597598750144243 0.01600000075995922 0.021021021530032158
0 0.3760000178590417 0.4699699813500047 0.012000000569969416 0.021021021530032158
0 0.35600001690909266 0.474474485963583 0.012000000569969416 0.018018018454313278
0 0.3140000149141997 0.47597598750144243 0.01600000075995922 0.021021021530032158
