0 0.05615234375 0.33681073295883834 0.0888671875 0.15201192372478545
0 0.1689453125 0.3740685574011877 0.0703125 0.11028316034935415
0 0.2080078125 0.4120715383323841 0.01953125 0.052160954219289124
0 0.2197265625 0.4061102864216082 0.01953125 0.049180328263901174
0 0.2392578125 0.4418777978862636 0.033203125 0.055141580174677074
0 0.32958984375 0.41430700779892504 0.0634765625 0.09836065652780235
0 0.37255859375 0.39567809557775036 0.0458984375 0.08494783972855657
0 0.42333984375 0.4046199734439142 0.0458984375 0.08196721377316862
0 0.46337890625 0.41430700779892504 0.0341796875 0.0655737710185349
0 0.517578125 0.41952310322085395 0.037109375 0.06408345804084092
0 0.49267578125 0.4336810765089467 0.0244140625 0.0417287633754313
0 0.56103515625 0.4523099887301214 0.0185546875 0.043219076353125274
0 0.59521484375 0.4217585726873949 0.0341796875 0.06259314506314695
0 0.623046875 0.4463487368193455 0.01953125 0.034277198486961424
0 0.64208984375 0.4478390497970395 0.0244140625 0.046199702308513224
0 0.67626953125 0.45007451926358044 0.0302734375 0.0417287633754313
0 0.7119140625 0.4478390497970395 0.0234375 0.040238450397737324
0 0.73974609375 0.45081967575242743 0.0185546875 0.040238450397737324
0 0.76220703125 0.44932936277473345 0.0224609375 0.037257824442349374
