0 0.4350000105332583 0.3533333418890834 0.030000000726431608 0.04000000096857548
0 0.38833334273658693 0.49333334527909756 0.06333333486691117 0.11555555835366249
0 0.22333333874121308 0.5111111234873533 0.07333333510905504 0.09777778014540672
0 0.1683333374094218 0.41777778789401054 0.030000000726431608 0.04444444552063942
0 0.11166666937060654 0.4222222324460745 0.03666666755452752 0.06222222372889519
0 0.08000000193715096 0.4266666769981384 0.04000000096857548 0.0533333346247673
0 0.03500000084750354 0.4266666769981384 0.05000000121071935 0.06222222372889519
0 0.0383333342615515 0.5044444566592574 0.06333333486691117 0.09333333559334278
0 0.5550000134389848 0.5044444566592574 0.07000000169500709 0.09333333559334278
0 0.7283333509694785 0.5022222343832254 0.07000000169500709 0.11555555835366249
0 0.9133333554491401 0.43333334382623434 0.04666666779667139 0.06666666828095913
0 0.9666666900739074 0.4266666769981384 0.0533333346247673 0.08000000193715096
0 0.8766666878946126 0.41111112106591463 0.033333334140479565 0.06666666828095913
0 0.9000000217929482 0.40888889878988266 0.033333334140479565 0.04444444552063942
