0 0.1629807693825569 0.20448718586703762 0.06826923083281144 0.10000000311993062
0 0.20805288480914896 0.25208334119815845 0.048798076968523674 0.08493590008583851
0 0.2816105771853472 0.40881411531881895 0.13293269243149552 0.2266025711724069
0 0.5396634620410623 0.4512820653617382 0.11730769241694361 0.18333333905320615
0 0.7019230775767937 0.3987179611576721 0.09326923085609451 0.1903846213244833
0 0.7706730776408222 0.12339743974735029 0.05048076927778311 0.08012820762814954
0 0.6485576929117087 0.10641025973018259 0.058653846208471805 0.09615384915377945
0 0.5705528851467534 0.09887820821313653 0.054086538511910476 0.09326923367916606
0 0.5290865389542887 0.28509616274095606 0.06923076929524541 0.11314102917094715
0 0.5283653851074632 0.09278846443339717 0.046634615428047255 0.07724359215353616
0 0.3542067310991115 0.05528846326342318 0.09014423085318413 0.10993590086582117
