0 0.2021276531741023 0.3649425199837424 0.0468085091561079 0.09386972954962403
0 0.3127659475430846 0.23467432387406006 0.02340425457805395 0.04789271915797144
0 0.3212765855714679 0.19444443978136405 0.019148935563862324 0.04022988409269601
0 0.3515957335475832 0.1963601485476829 0.02021276531741023 0.04022988409269601
0 0.4079787104856223 0.20114942046348006 0.022340424824506044 0.045977010391652584
0 0.44946807087399065 0.21072796429507434 0.02021276531741023 0.03831417532637715
0 0.4388297733385116 0.17049808020237833 0.018085105810314417 0.03831417532637715
0 0.4202127526514232 0.15517241007182747 0.01702127605676651 0.03831417532637715
0 0.45744679402559996 0.16762451705290005 0.01702127605676651 0.036398466560058296
0 0.47819147421978414 0.18678160471608862 0.024468084331601858 0.044061301625333726
0 0.4749999849591404 0.1561302644549869 0.015957446303218603 0.03256704902742058
0 0.4617021130397916 0.14176244870759547 0.012765957042574883 0.026819922728464007
0 0.4978723246604204 0.12835248734336346 0.010638297535479069 0.026819922728464007
0 0.5047872180584818 0.14559386624023318 0.011702127289026976 0.030651340261101723
0 0.5095744519494474 0.21360152744455263 0.021276595070958138 0.04022988409269601
0 0.5547872164752334 0.17816091526765376 0.01382978679612279 0.03831417532637715
0 0.5148936007171869 0.2758620623499155 0.02765957359224558 0.061302680522203445
0 0.582446790067479 0.2863984605646692 0.028723403345793486 0.0632183892885223
0 0.5968084917403758 0.24042145017301664 0.02340425457805395 0.04789271915797144
0 0.6297872141003609 0.2950191500131041 0.02765957359224558 0.06513409805484116
0 0.5228723238687962 0.16187739075394347 0.015957446303218603 0.028735631494782865
0 0.5186170048546046 0.13505746802547947 0.011702127289026976 0.02490421396214515
0 0.5117021114565432 0.11398467159597203 0.010638297535479069 0.021072796429507434
0 0.5420212594326586 0.13888888555811718 0.01382978679612279 0.028735631494782865
0 0.5510638123378158 0.12260536104440689 0.012765957042574883 0.026819922728464007
0 0.5755318966694176 0.1331417592591606 0.014893616549670696 0.03256704902742058
0 0.5898935983423144 0.16475095390342176 0.01382978679612279 0.03448275779373944
0 0.6010638107545674 0.14080459432443604 0.01702127605676651 0.036398466560058296
0 0.6260638099629432 0.15421455568866804 0.018085105810314417 0.03256704902742058
0 0.5882978537119925 0.11111110844649374 0.012765957042574883 0.026819922728464007
0 0.6106382785364985 0.09386972954962403 0.012765957042574883 0.022988505195826292
0 0.605319129768759 0.11877394351176918 0.014893616549670696 0.022988505195826292
0 0.6319148736074567 0.12835248734336346 0.01702127605676651 0.022988505195826292
0 0.639893596759066 0.1130268172128126 0.015957446303218603 0.022988505195826292
0 0.6313829587306827 0.09578543831594288 0.009574467781931162 0.026819922728464007
0 0.6601063620764762 0.10919539968017489 0.011702127289026976 0.026819922728464007
0 0.6675531703513116 0.11877394351176918 0.011702127289026976 0.022988505195826292
0 0.6797872125171125 0.11877394351176918 0.010638297535479069 0.022988505195826292
0 0.6909574249293655 0.12739463296020404 0.01382978679612279 0.03256704902742058
0 0.7106382753700018 0.12260536104440689 0.010638297535479069 0.030651340261101723
0 0.7260638067964464 0.1360153224086389 0.015957446303218603 0.03448275779373944
0 0.7090425307396799 0.15517241007182747 0.015957446303218603 0.03448275779373944
0 0.6553191281855106 0.14846742938971147 0.021276595070958138 0.03256704902742058
0 0.662234021583572 0.18678160471608862 0.018085105810314417 0.036398466560058296
0 0.6329787033610046 0.19731800293084234 0.021276595070958138 0.0498084279242903
0 0.628191469470039 0.24808428523829207 0.022340424824506044 0.044061301625333726
0 0.6696808298584074 0.2126436730613932 0.02021276531741023 0.04214559285901487
0 0.6760638083796948 0.27394635358359665 0.024468084331601858 0.045977010391652584
0 0.6845744464080781 0.34770114108687267 0.039361700881272554 0.07471264188643545
0 0.7563829547725618 0.3323754709563218 0.02765957359224558 0.06704980682116002
0 0.7244680621661246 0.2222222168929875 0.02340425457805395 0.0498084279242903
0 0.7015957224648446 0.21647509059403092 0.02021276531741023 0.04214559285901487
0 0.7436169977299869 0.1657088082865812 0.01702127605676651 0.036398466560058296
0 0.7601063589099795 0.12164750666124746 0.015957446303218603 0.036398466560058296
0 0.7686169969383627 0.1427203030907549 0.01382978679612279 0.03256704902742058
0 0.788297847378999 0.1360153224086389 0.012765957042574883 0.03448275779373944
0 0.7989361449144781 0.1494252837728709 0.014893616549670696 0.03448275779373944
0 0.7792552944738418 0.18007662403397262 0.01382978679612279 0.03448275779373944
0 0.7930850812699646 0.2030651292297989 0.018085105810314417 0.04214559285901487
0 0.8138297614641488 0.19348658539820462 0.019148935563862324 0.03831417532637715
0 0.8292552928905934 0.17528735211817548 0.01382978679612279 0.036398466560058296
0 0.8441489094402641 0.1532567013055086 0.01382978679612279 0.026819922728464007
0 0.8430850796867162 0.21168581867823377 0.01382978679612279 0.04022988409269601
0 0.8579786962363869 0.20785440114559606 0.01382978679612279 0.044061301625333726
0 0.8654255045112222 0.17528735211817548 0.01382978679612279 0.03256704902742058
0 0.8803191210608929 0.16858237143605947 0.011702127289026976 0.026819922728464007
0 0.8808510359376669 0.14750957500655204 0.012765957042574883 0.030651340261101723
0 0.8920212483499199 0.1925287310150452 0.015957446303218603 0.036398466560058296
0 0.9042552905157208 0.1829501871834509 0.012765957042574883 0.036398466560058296
0 0.9127659285441041 0.1657088082865812 0.014893616549670696 0.04022988409269601
0 0.9414893318898976 0.1963601485476829 0.01702127605676651 0.036398466560058296
0 0.9414893318898976 0.17049808020237833 0.012765957042574883 0.030651340261101723
0 0.924999970709905 0.24425286770565435 0.015957446303218603 0.044061301625333726
0 0.9180850773118436 0.3256704902742058 0.025531914085149765 0.06896551558747888
0 0.9265957153402269 0.29693485877942294 0.02340425457805395 0.045977010391652584
0 0.879787206184119 0.2681992272846401 0.02765957359224558 0.061302680522203445
0 0.8861701847054064 0.22318007127614692 0.019148935563862324 0.036398466560058296
0 0.8515957177150995 0.30076627631206065 0.026595743838697672 0.061302680522203445
0 0.8127659317106009 0.28448275179835036 0.019148935563862324 0.04789271915797144
0 0.8303191226441413 0.3591953936847858 0.03510638186708093 0.0632183892885223
0 0.7925531663931906 0.27011493605095893 0.025531914085149765 0.053639845456928015
