0 0.09531250142026693 0.3656250190688297 0.10312500153668225 0.15625000814907253
0 0.30703125457512215 0.1979166769888252 0.06718750100117177 0.10000000521540642
0 0.43046875641448423 0.21979167812969536 0.0703125010477379 0.08958333800546825
0 0.460937506868504 0.2968750154832378 0.0437500006519258 0.08125000423751771
0 0.4851562572293915 0.31770834990311414 0.03593750053551048 0.06041666981764138
0 0.5515625082189217 0.3781250197207555 0.05312500079162419 0.08541667112149298
0 0.5656250084284693 0.32500001695007086 0.034375000512227416 0.05000000260770321
0 0.5976562589057721 0.3333333507180214 0.04218750062864274 0.06666667014360428
0 0.8531250127125531 0.506250026402995 0.10000000149011612 0.13750000717118382
0 0.8273437623283826 0.4020833543036133 0.05781250086147338 0.10000000521540642
0 0.9679687644238584 0.4885416921461001 0.06406250095460564 0.12291667307727039
