0 0.12292358512058854 0.5927230132510886 0.18936876626685262 0.2793427270371467
0 0.12873753847088665 0.3004694879055023 0.10132890124805272 0.1596244154497981
0 0.047342191566713154 0.18309859419241548 0.0813953469041735 0.14553990820422769
0 0.2616279007634148 0.14319249032996595 0.07142856973223388 0.1267605652101338
0 0.2574750769417733 0.27347418235149235 0.10299003077670932 0.15727699757553637
0 0.41112955834250897 0.18779342994093895 0.0813953469041735 0.1267605652101338
0 0.41029899357818067 0.35211268113926053 0.12292358512058854 0.19248826568946242
0 0.4518272317945957 0.3051643236540258 0.09966777171939611 0.178403758443892
0 0.6245847027748823 0.21713615336921066 0.07973421737551689 0.14788732607848942
0 0.7267441687872633 0.45892019441816956 0.12126245559193194 0.23239436955191195
0 0.8405315415002406 0.33333333814516664 0.11295680794864893 0.18309859419241548
0 0.7940199146978557 0.223004698054865 0.0830564764328301 0.15023474395275116
0 0.7707641012966633 0.11971831158734858 0.06312292208895087 0.09859155071899295
0 0.8820597797166556 0.0856807524105534 0.06976744020357728 0.12441314733587205
0 0.9651162561494857 0.11619718477595598 0.05980066303163767 0.133802818832919
