0 0.13100000622216612 0.7482206344720908 0.1580000075045973 0.2971530224895105
0 0.2165000102831982 0.5355871842475608 0.07900000375229865 0.15302490978501737
0 0.3525000167428516 0.49999999592546374 0.06700000318232924 0.12811387795954943
0 0.4110000195214525 0.5658362943213433 0.09000000427477062 0.14590747212059796
0 0.44350002106511965 0.4581850496469997 0.049000002327375114 0.09430604905355722
0 0.4955000235349871 0.5169039103784598 0.06300000299233943 0.10498220555018634
0 0.7880000374279916 0.6120996391400695 0.0740000035148114 0.12811387795954943
0 0.8710000413702801 0.5729537319857627 0.09200000436976552 0.1672597851138562
0 0.8145000386866741 0.4884341597207822 0.05100000242237002 0.09430604905355722
0 0.7860000373329967 0.44395017431816086 0.04800000227987766 0.09430604905355722
0 0.7580000360030681 0.28647686599288136 0.04800000227987766 0.07829181430861354
0 0.9360000444576144 0.47775800322415307 0.06200000294484198 0.11921708087902516
