0 0.15971675975015387 0.49582754459697753 0.039339103386737406 0.07649513310752809
0 0.42682927174610086 0.27051460708025843 0.0212431158288382 0.04033379745669663
0 0.42525570761063136 0.22114047571085393 0.01652242342242971 0.030598053243011236
0 0.44807238757493906 0.2329624508274719 0.014948859286960214 0.02920723264105618
0 0.5098347798921168 0.19193324306979775 0.018882769625633955 0.030598053243011236
0 0.4854445357923396 0.31293463543988764 0.026750590302981436 0.0445062592625618
0 0.5409126715676393 0.359527125605382 0.027537372370716184 0.04311543866060674
0 0.7112509892322123 0.1432545220013708 0.014162077219225466 0.030598053243011236
0 0.7419354898738675 0.1432545220013708 0.01258851308375597 0.03337969444692135
0 0.876081832422642 0.21627260360401124 0.01652242342242971 0.03755215625278652
