0 0.7636278387508355 0.3297872398397885 0.027255639783106744 0.05400982091668993
0 0.6062030227622017 0.279050741402898 0.022556391544640064 0.05728314339648932
0 0.4844924933859147 0.3175122805405408 0.025375940487720072 0.05237315967679024
0 0.5375939984805882 0.35106383595848456 0.024436090840026736 0.05728314339648932
0 0.5864661801606417 0.4001636731554754 0.03571428661234677 0.05728314339648932
0 0.5432330963667482 0.13911620539147407 0.011278195772320032 0.02618657983839512
0 0.5535714424913749 0.14402618911117315 0.013157895067706704 0.02618657983839512
0 0.0469924823846668 0.3535188278183341 0.020676692249253392 0.0327332247979939
0 0.9078947596717626 0.15793780965032056 0.011278195772320032 0.024549918598495424
0 0.934210549807176 0.16121113213011995 0.00939849647693336 0.024549918598495424
