0 0.39306640625 0.5982404686510563 0.0947265625 0.1788856303319335
0 0.3017578125 0.4692082107067108 0.048828125 0.07917888555675745
0 0.24951171875 0.45307917846366763 0.0361328125 0.049853372387588024
0 0.23291015625 0.4274193544406444 0.0244140625 0.039589442778378725
0 0.29345703125 0.4215542518068105 0.0224609375 0.039589442778378725
0 0.32958984375 0.4464809380006045 0.0224609375 0.039589442778378725
0 0.37841796875 0.46334310807287693 0.0361328125 0.061583577655255795
0 0.4375 0.5139296182896942 0.060546875 0.10410557175055146
0 0.43603515625 0.4611436945851892 0.0478515625 0.0718475072644651
0 0.4013671875 0.42448680312372744 0.02734375 0.04838709672912955
0 0.43408203125 0.3739002929069102 0.0205078125 0.038123167119920254
0 0.49169921875 0.45527859195135534 0.0283203125 0.039589442778378725
0 0.47265625 0.42448680312372744 0.0234375 0.03372434014454484
0 0.5107421875 0.4237536652944982 0.021484375 0.03225806448608637
0 0.5791015625 0.4626099702436477 0.02734375 0.03665689146146178
0 0.623046875 0.43695014622062445 0.025390625 0.038123167119920254
0 0.63330078125 0.49853372387588024 0.0419921875 0.05571847502142191
0 0.6591796875 0.5513196475803852 0.056640625 0.07331378292292356
0 0.59912109375 0.6143695008940995 0.0576171875 0.07917888555675745
0 0.798828125 0.6913489729631692 0.08984375 0.13049853360280395
0 0.78564453125 0.5821114364080131 0.0576171875 0.07624633423984051
0 0.927734375 0.6348973601125181 0.083984375 0.12609970662742853
0 0.9814453125 0.6063049847725779 0.037109375 0.09824046911671758
0 0.98095703125 0.5197947209235281 0.0341796875 0.0718475072644651
0 0.892578125 0.5527859232388437 0.041015625 0.061583577655255795
0 0.81591796875 0.5014662751927972 0.0400390625 0.05571847502142191
0 0.90380859375 0.4296187679283321 0.0341796875 0.05278592370450497
0 0.8603515625 0.42888563009910285 0.03125 0.04545454541221261
0 0.8017578125 0.4296187679283321 0.03515625 0.04692082107067108
0 0.77099609375 0.4340175949037075 0.0263671875 0.029325513169169426
0 0.7294921875 0.43328445707447827 0.0234375 0.030791788827627897
0 0.716796875 0.46554252156056464 0.02734375 0.04545454541221261
0 0.68359375 0.46407624590210617 0.037109375 0.051319648046046495
0 0.58837890625 0.42448680312372744 0.0244140625 0.039589442778378725
0 0.57373046875 0.4384164218790829 0.0263671875 0.029325513169169426
