0 0.32671673758886755 0.19216061040060595 0.018240343313664198 0.047801146865822375
0 0.4356223167851567 0.24282982607837766 0.017167381942272186 0.04206500924192369
0 0.45708154421299696 0.19789674802450463 0.023605150170624256 0.051625238615088165
0 0.5139484968967736 0.13384321122430265 0.01287553645670414 0.02294455049559474
0 0.5091201707255095 0.21797322970815003 0.018240343313664198 0.04206500924192369
0 0.5949570804368705 0.2495219866395928 0.018240343313664198 0.040152963367290795
0 0.6394849773496389 0.24282982607837766 0.021459227427840233 0.06118546798825264
0 0.5772532178089023 0.11854684422723949 0.017167381942272186 0.02676864224486053
0 0.6582618013489991 0.10898661485407501 0.013948497828096151 0.02676864224486053
0 0.43776823952794075 0.2074569773976691 0.017167381942272186 0.043977055116556585
