0 0.09777778014540672 0.5316205746494234 0.07555555738508701 0.12252964917570353
0 0.15666667046025395 0.42885377211496234 0.04666666779667139 0.08300395589321852
0 0.23333333898335695 0.4545454727485776 0.04444444552063942 0.08695652522146702
0 0.2522222283296287 0.4110672101378441 0.03777777869254351 0.07905138656497002
0 0.31111111864447594 0.42885377211496234 0.035555556416511536 0.05138340126723051
0 0.32555556343868375 0.3992095021530986 0.033333334140479565 0.05533597059547901
0 0.33222223026677966 0.5335968593135476 0.0688888905569911 0.12648221850395203
0 0.37777778692543507 0.41304349480196834 0.02666666731238365 0.05138340126723051
0 0.3688888978213072 0.3873517941683531 0.02222222276031971 0.04743083193898201
0 0.4355555661022663 0.30830040760338306 0.031111111864447594 0.05533597059547901
0 0.4377777883782983 0.3833992248401046 0.035555556416511536 0.05533597059547901
0 0.4766666782088578 0.4110672101378441 0.03777777869254351 0.07114624790847301
0 0.49444445641711354 0.38932807883247733 0.03777777869254351 0.06719367858022451
0 0.6622222382575274 0.38142294017598033 0.02666666731238365 0.05928853992372751
0 0.6800000164657831 0.4071146408095956 0.035555556416511536 0.07114624790847301
0 0.7133333506062627 0.4426877647638321 0.04000000096857548 0.07905138656497002
0 0.7411111290566623 0.38537550950422883 0.033333334140479565 0.05928853992372751
0 0.7733333520591259 0.4031620714813471 0.035555556416511536 0.06324110925197601
0 0.8177777975797653 0.3873517941683531 0.031111111864447594 0.05533597059547901
0 0.842222242616117 0.4664031807333231 0.0533333346247673 0.09486166387796402
0 0.8922222438268363 0.3833992248401046 0.04222222324460745 0.07114624790847301
0 0.9566666898317635 0.5889328299090266 0.07777777966111898 0.13438735716044903
0 0.9688889123499393 0.46837946539744735 0.0533333346247673 0.09090909454971552
0 0.9800000237300992 0.40513835614547133 0.04000000096857548 0.07509881723672152
