0 0.16378481744322926 0.48813558742403984 0.04899135301820934 0.10169491404667497
0 0.3583093073684722 0.2025423704762943 0.019212295301258564 0.03898305038455874
0 0.39913543488364667 0.21525423473212868 0.018251680536195636 0.03389830468222499
0 0.3573486926034093 0.23389830230735242 0.017291065771132708 0.03389830468222499
0 0.38760805770289153 0.27288135269191116 0.024015369126573205 0.04067796561866999
0 0.4572526281699538 0.2262711837538518 0.02113352483138442 0.042372880852781236
0 0.4145052711246535 0.16271186247467995 0.020172910066321492 0.03389830468222499
0 0.4855907637393102 0.14152542204828933 0.01633045100606978 0.03559321991633624
0 0.5086455181008205 0.12966101540951058 0.014409221475943923 0.02881355897989124
0 0.5321805798448622 0.12457626970717683 0.013448606710880995 0.02881355897989124
0 0.5638808670919389 0.1305084730265662 0.013448606710880995 0.03050847421400249
0 0.5811719328630716 0.12372881209012121 0.011527377180755138 0.03389830468222499
0 0.5600384080316871 0.1813559300499037 0.019212295301258564 0.03389830468222499
0 0.475024001323618 0.34067796205636114 0.03170028724707663 0.05762711795978248
0 0.52161381742917 0.3262711825664155 0.024975983891636133 0.05254237225744873
0 0.614793449640274 0.2499999970314093 0.02689721342176199 0.06610169413033873
0 0.6512968107126653 0.22033898043446243 0.023054754361510277 0.05762711795978248
0 0.6983669342007488 0.26271186128724366 0.03266090201213956 0.07457627030089498
0 0.6705091060139239 0.36101694486569613 0.034582131542265415 0.07118643983267248
0 0.7800191892310977 0.27288135269191116 0.03266090201213956 0.06779660936444998
0 0.8583092925837263 0.1305084730265662 0.01633045100606978 0.03050847421400249
0 0.8246877758065239 0.3008474540547468 0.03170028724707663 0.06610169413033873
0 0.8991354200989008 0.302542369288858 0.028818442951887846 0.06271186366211623
0 0.8938520388910547 0.08474576170556247 0.018251680536195636 0.04067796561866999
0 0.9207492523128167 0.15593220153823495 0.012487991945818067 0.03389830468222499
