0 0.08900000422727317 0.3733333293348551 0.034000001614913344 0.04266666620969772
0 0.1580000075045973 0.3759999959729612 0.04800000227987766 0.053333332762122154
0 0.058000002754852176 0.6333333265502006 0.0760000036098063 0.08266666578128934
0 0.27800001320429146 0.5799999937880784 0.0800000037997961 0.08799999905750155
0 0.5300000251736492 0.5213333277497441 0.06800000322982669 0.07733333250507712
0 0.61600002925843 0.48399999481625855 0.06400000303983688 0.07199999922886491
0 0.7220000342931598 0.5319999943021685 0.0720000034198165 0.07733333250507712
0 0.7390000351006165 0.40933332894928753 0.05400000256486237 0.07733333250507712
0 0.8630000409903005 0.4999999946448952 0.07000000332482159 0.08799999905750155
0 0.4500000213738531 0.4559999951161444 0.05600000265985727 0.0693333325907588
0 0.34400001633912325 0.4999999946448952 0.05600000265985727 0.06133333267644048
0 0.30100001429673284 0.3519999962300062 0.03800000180490315 0.05866666603833437
0 0.35000001662410796 0.3519999962300062 0.03600000170990825 0.05866666603833437
0 0.39900001895148307 0.3439999963156879 0.042000001994892955 0.04799999948590994
0 0.44500002113636583 0.36799999605864286 0.034000001614913344 0.04799999948590994
0 0.4070000193314627 0.40933332894928753 0.04600000218488276 0.05599999940022826
