0 0.20337394857779145 0.3654484963044524 0.043111528269946575 0.0830564764328301
0 0.25913777318783104 0.2848837141646072 0.01593252131715417 0.028239201987162232
0 0.30084349075332284 0.2558139474131167 0.014995314180850983 0.029900331515818834
0 0.3177132192067802 0.2508305588271469 0.016869728453457355 0.029900331515818834
0 0.32052484061568975 0.22009966254699975 0.01312089990824461 0.028239201987162232
0 0.3448922261595726 0.21926909778267145 0.01874414272606373 0.029900331515818834
0 0.34020619047805667 0.2674418541137129 0.01312089990824461 0.02657807245850563
0 0.33458294766023755 0.24003321689087898 0.011246485635638237 0.028239201987162232
0 0.3809747009072453 0.22342192160431296 0.017806935589760542 0.03488372010178864
0 0.36925961170345545 0.24833886453416198 0.01874414272606373 0.02491694292984903
0 0.42314902204088867 0.2657807245850563 0.017806935589760542 0.029900331515818834
0 0.4226804184727371 0.22757474542595446 0.0206185569986701 0.03322259057313204
0 0.45735708251595497 0.22923587495461106 0.01874414272606373 0.029900331515818834
0 0.47844424308277667 0.2533222531201318 0.021555764134973288 0.028239201987162232
0 0.387066547293216 0.19684384914580733 0.01874414272606373 0.028239201987162232
0 0.4217432113364339 0.1744186005089432 0.01874414272606373 0.02657807245850563
0 0.44423618260771036 0.19684384914580733 0.014995314180850983 0.031561461044475436
0 0.4629803253337741 0.19186046055983752 0.01874414272606373 0.028239201987162232
0 0.4545454611070454 0.1719269062159583 0.016869728453457355 0.028239201987162232
0 0.4775070359464735 0.1760797300375998 0.014058107044547796 0.029900331515818834
0 0.47188379312865436 0.15282391663640738 0.014058107044547796 0.02657807245850563
0 0.4962511786725372 0.20764119108207524 0.014058107044547796 0.029900331515818834
0 0.5018744214903563 0.1860465072095394 0.014058107044547796 0.02657807245850563
0 0.5271790141705424 0.21677740348968655 0.017806935589760542 0.03488372010178864
0 0.525304599897936 0.18853820150252432 0.014058107044547796 0.02491694292984903
0 0.5192127535119653 0.15448504616506398 0.014995314180850983 0.029900331515818834
0 0.5014058179222047 0.14867109281476587 0.011246485635638237 0.02491694292984903
0 0.5421743283513933 0.1669435176299885 0.014058107044547796 0.031561461044475436
0 0.5712277495767921 0.1860465072095394 0.021555764134973288 0.029900331515818834
0 0.5735707674175501 0.23754152259789407 0.016869728453457355 0.03654484963044524
0 0.4981255929451436 0.2848837141646072 0.025304592680186033 0.04152823821641505
0 0.5337394641246647 0.3480066362535581 0.02905342122539878 0.04485049727372825
0 0.6021555850747973 0.3430232476675883 0.025304592680186033 0.05149501538835466
0 0.5435801390558481 0.14285713946446776 0.011246485635638237 0.01661129528656602
0 0.5337394641246647 0.13372092705685645 0.012183692771941423 0.02491694292984903
0 0.5693533353041857 0.15448504616506398 0.014058107044547796 0.02657807245850563
0 0.6021555850747973 0.15780730522237718 0.017806935589760542 0.03322259057313204
0 0.590909099439159 0.12707640894223005 0.014058107044547796 0.02491694292984903
0 0.6054358100518584 0.10215946601238102 0.011246485635638237 0.02491694292984903
0 0.6719775167293847 0.12126245559193194 0.011246485635638237 0.02657807245850563
0 0.7108716128859669 0.10299003077670932 0.012183692771941423 0.029900331515818834
0 0.6227741420734674 0.0921926888404414 0.014058107044547796 0.02491694292984903
0 0.6260543670505285 0.07807308784686029 0.016869728453457355 0.02657807245850563
0 0.6087160350289196 0.2682724188780412 0.021555764134973288 0.038205979159101844
0 0.6307404027320445 0.20182723773177713 0.01874414272606373 0.038205979159101844
0 0.6616682382300496 0.20847175584640354 0.01874414272606373 0.031561461044475436
0 0.650890356162563 0.19102989579550922 0.014058107044547796 0.023255813401192427
0 0.6883786416146904 0.20847175584640354 0.017806935589760542 0.03488372010178864
0 0.6607310310937464 0.29485049133654684 0.0206185569986701 0.03488372010178864
0 0.6766635524109006 0.3463455067249015 0.02624179981648922 0.05149501538835466
0 0.718837873544544 0.29401992657221854 0.024367385543882847 0.05315614491701126
0 0.7816307516768575 0.30564783327281475 0.024367385543882847 0.05315614491701126
0 0.7661668339278549 0.22342192160431296 0.019681349862366915 0.048172756331041455
0 0.7469540876336396 0.19767441391013563 0.014995314180850983 0.03322259057313204
0 0.7521087268833071 0.1769102948019281 0.012183692771941423 0.028239201987162232
0 0.7446110697928816 0.14617939852178097 0.01593252131715417 0.029900331515818834
0 0.721180891385302 0.1702657766873017 0.019681349862366915 0.03488372010178864
0 0.7263355306349695 0.14202657470013946 0.014995314180850983 0.028239201987162232
0 0.7469540876336396 0.10631228983402252 0.01312089990824461 0.02657807245850563
0 0.7689784553367645 0.13289036229252815 0.012183692771941423 0.02657807245850563
0 0.7811621481087059 0.12375414988491684 0.012183692771941423 0.028239201987162232
0 0.7980318765621632 0.13870431564282626 0.012183692771941423 0.028239201987162232
0 0.812089983606711 0.12873753847088665 0.01030927849933505 0.021594683872535825
0 0.7952202551532537 0.1843853776808828 0.01593252131715417 0.029900331515818834
0 0.9254920470993966 0.281561455107294 0.017806935589760542 0.04152823821641505
0 0.8692596189212054 0.23089700448326766 0.019681349862366915 0.03654484963044524
0 0.8481724583543837 0.20099667296744883 0.011246485635638237 0.03322259057313204
0 0.8734770510345697 0.19102989579550922 0.014995314180850983 0.03322259057313204
0 0.8472352512180805 0.1644518233370036 0.014995314180850983 0.029900331515818834
0 0.8298969191964716 0.14534883375745267 0.014058107044547796 0.031561461044475436
0 0.8636363761033863 0.14451826899312437 0.014058107044547796 0.029900331515818834
0 0.8987816437147558 0.1702657766873017 0.016869728453457355 0.031561461044475436
0 0.8959700223058462 0.13205979752819985 0.01312089990824461 0.031561461044475436
0 0.9217432185541838 0.10299003077670932 0.014058107044547796 0.029900331515818834
0 0.9334583077579737 0.19850497867446393 0.016869728453457355 0.03488372010178864
