0 0.09583333565387875 0.49222223414108157 0.04833333450369537 0.06444444600492716
0 0.2058333383174613 0.5600000135600567 0.09833333571441472 0.12444444745779037
0 0.19250000466126949 0.4733333447948098 0.031666667433455586 0.04444444552063942
0 0.23083333892282099 0.4844444561749697 0.04833333450369537 0.057777779176831245
0 0.306666674092412 0.4888889007270336 0.04666666779667139 0.06666666828095913
0 0.2891666736686602 0.46222223341464996 0.041666667675599456 0.057777779176831245
0 0.36333334213122725 0.5455555687658489 0.07000000169500709 0.11777778062969446
0 0.40916667657438666 0.48666667845100164 0.04500000108964741 0.06666666828095913
0 0.46083334449213 0.5222222348675132 0.05500000133179128 0.09777778014540672
0 0.48750001180451363 0.4655555668286979 0.02833333401940763 0.04666666779667139
0 0.537500013015233 0.45555556658655405 0.025000000605359674 0.04888889007270336
0 0.5650000136811286 0.47888890048488975 0.03666666755452752 0.060000001452863216
0 0.6475000156788155 0.461111122276634 0.03500000084750354 0.055555556900799274
0 0.6808333498192951 0.4966666786931455 0.05833333474583924 0.08222222421318293
0 0.7733333520591259 0.4677777891047299 0.03666666755452752 0.06444444600492716
0 0.8116666863206774 0.5055555677972734 0.0533333346247673 0.09555555786937475
0 0.9308333558728918 0.5266666794195771 0.06833333498798311 0.12000000290572643
