0 0.17644276237115264 0.48319328197976574 0.04635761585086584 0.08571428654249758
0 0.7431409643031657 0.1201680683880113 0.019867549650371075 0.03865546255838126
0 0.3888363288715482 0.18403361522359774 0.017029328271746635 0.03865546255838126
0 0.5577105008997023 0.12941176595631987 0.014191106893122196 0.030252101132646203
0 0.3453169343993068 0.22016806935425848 0.017029328271746635 0.03697479027323425
0 0.2549668871797621 0.2672268933383748 0.019867549650371075 0.04033613484352827
0 0.4493850516155362 0.15798319480381906 0.01513718068599701 0.030252101132646203
0 0.4247871330007911 0.18487395136617124 0.01513718068599701 0.033613445702940226
0 0.48675496643409133 0.1504201695206575 0.025543992407619953 0.04201680712867528
0 0.6177861867472529 0.11344537924742326 0.007568590342998505 0.02521008427720517
0 0.6442762529477477 0.11764705996029079 0.017029328271746635 0.02689075656235218
0 0.6721854298375547 0.1327731105266139 0.016083254478871822 0.030252101132646203
0 0.36471144715324044 0.22100840549683198 0.0217596972361207 0.04873949626926333
0 0.2961210971698165 0.26386554876808077 0.022705771028995514 0.047058823984116316
0 0.31551560992375016 0.27731092704925686 0.0217596972361207 0.033613445702940226
0 0.374645221978426 0.2655462210532278 0.020813623443245888 0.04369747941382229
0 0.43897823989391327 0.2504201704869047 0.020813623443245888 0.05378151312470436
0 0.4924314091913402 0.19579832121962681 0.03122043516486883 0.05546218540985137
0 0.5160832540132105 0.16806722851470113 0.019867549650371075 0.04369747941382229
0 0.5435193940065801 0.16722689237212762 0.019867549650371075 0.045378151698969305
0 0.48107852367684245 0.2386554644908756 0.0217596972361207 0.04033613484352827
0 0.5804162719286978 0.17226890922756866 0.0217596972361207 0.04201680712867528
0 0.6244087032973766 0.147899161092937 0.017029328271746635 0.030252101132646203
0 0.6475875112228096 0.1504201695206575 0.019867549650371075 0.03865546255838126
0 0.5298013240098953 0.29243697761557996 0.0359508041292429 0.060504202265292406
0 0.5577105008997023 0.24201680906116962 0.03311258275061846 0.060504202265292406
0 0.58183538261801 0.28907563304528594 0.026490066200494766 0.057142857694998384
0 0.6310312198475003 0.30420168361160904 0.028382213786244392 0.06386554683558643
0 0.6310312198475003 0.23613445606315508 0.020813623443245888 0.045378151698969305
0 0.6348155150189996 0.19663865736220032 0.022705771028995514 0.04033613484352827
0 0.6636707657016814 0.18487395136617124 0.014191106893122196 0.03697479027323425
0 0.6925260163843632 0.16050420323153958 0.01892147585749626 0.031932773417793214
0 0.6849574260413647 0.24957983434433118 0.022705771028995514 0.045378151698969305
0 0.723746451549232 0.23025210306514055 0.026490066200494766 0.05042016855441034
0 0.7317880787886679 0.16890756465727463 0.019867549650371075 0.028571428847499192
0 0.7729422887787223 0.15798319480381906 0.01892147585749626 0.04369747941382229
0 0.7894985801540315 0.15546218637609854 0.01797540206462145 0.03529411798808724
0 0.807473982218653 0.15714285866124555 0.014191106893122196 0.031932773417793214
0 0.8916745497845113 0.1638655478018336 0.014191106893122196 0.04201680712867528
0 0.8405865649692714 0.15210084180580452 0.014191106893122196 0.03529411798808724
0 0.7828760636039078 0.20336134650278836 0.023651844821870327 0.03697479027323425
0 0.7762535470537841 0.23613445606315508 0.025543992407619953 0.05210084083955735
0 0.7180700087919831 0.2840336161898449 0.02459791861474514 0.047058823984116316
0 0.7767265839502215 0.28991596918785945 0.026490066200494766 0.05210084083955735
0 0.8467360446229577 0.33781512931454927 0.02459791861474514 0.06386554683558643
0 0.8325449377298355 0.22689075849484652 0.022705771028995514 0.047058823984116316
0 0.8486281922087073 0.2075630272156559 0.020813623443245888 0.04201680712867528
0 0.9053926197811961 0.21596638864139095 0.022705771028995514 0.045378151698969305
0 0.928571427706629 0.23025210306514055 0.019867549650371075 0.04033613484352827
0 0.8732261108234525 0.2722689101938158 0.022705771028995514 0.05042016855441034
0 0.9299905383959413 0.27563025476410985 0.022705771028995514 0.047058823984116316
0 0.40302743576467037 0.22100840549683198 0.02459791861474514 0.045378151698969305
0 0.589877009857446 0.13025210209889337 0.016083254478871822 0.03529411798808724
0 0.5350047298707068 0.21260504407109693 0.035004730336368084 0.04873949626926333
0 0.8628192991018295 0.1655462200869806 0.01513718068599701 0.031932773417793214
0 0.43850520299747586 0.19663865736220032 0.01797540206462145 0.04369747941382229
0 0.6012298953719437 0.147899161092937 0.014191106893122196 0.04033613484352827
0 0.9020813615061343 0.1647058839444071 0.01229895930737257 0.05378151312470436
0 0.7719962149858475 0.13193277438404039 0.011352885514497757 0.028571428847499192
0 0.7431409643031657 0.20336134650278836 0.019867549650371075 0.04369747941382229
0 0.7530747391283512 0.14285714423749596 0.01513718068599701 0.03697479027323425
0 0.706244086381048 0.1781512622255832 0.01797540206462145 0.047058823984116316
