0 0.1343749969964847 0.4066666765138507 0.04624999896623194 0.07000000169500709
0 0.4581249897601083 0.5241666793590412 0.038749999133870006 0.05833333474583924
0 0.47687498934101313 0.5450000131968409 0.03624999918974936 0.060000001452863216
0 0.49749998888000846 0.5583333468530327 0.03999999910593033 0.07000000169500709
0 0.5568749875528738 0.5241666793590412 0.03124999930150807 0.051666667917743325
0 0.573124987189658 0.5625000136205927 0.03624999918974936 0.06833333498798311
0 0.5868749868823215 0.5150000124704093 0.023749999469146132 0.05000000121071935
0 0.6074999864213169 0.5150000124704093 0.024999999441206455 0.0533333346247673
0 0.6268749859882519 0.5175000125309452 0.023749999469146132 0.04833333450369537
0 0.6487499854993075 0.5783333473373204 0.03999999910593033 0.076666668523103
0 0.6756249848986045 0.5725000138627365 0.0437499990221113 0.08833333547227085
0 0.7231249838368967 0.5450000131968409 0.03624999918974936 0.07000000169500709
0 0.7731249827193096 0.5500000133179128 0.04624999896623194 0.076666668523103
0 0.844374981126748 0.5491666799644008 0.06874999846331775 0.09500000230036676
0 0.9199999794363976 0.5075000122888014 0.05749999871477485 0.07833333523012698
0 0.9712499782908708 0.535000012954697 0.04999999888241291 0.10333333583548665
0 0.9212499794084579 0.45583334437105805 0.029999999329447746 0.041666667675599456
0 0.9562499786261469 0.4291666770586744 0.03249999927356839 0.04500000108964741
0 0.979999978095293 0.44000001065433025 0.0274999993853271 0.05000000121071935
0 0.8612499807495624 0.4458333441289142 0.0274999993853271 0.04500000108964741
0 0.85187498095911 0.4833333450369537 0.028749999357387424 0.04666666779667139
0 0.8024999820627272 0.5000000121071935 0.03749999916180968 0.0533333346247673
0 0.7787499825935811 0.5066666789352894 0.0274999993853271 0.04666666779667139
0 0.7424999834038317 0.4833333450369537 0.029999999329447746 0.04666666779667139
0 0.7237499838229269 0.49333334527909756 0.03749999916180968 0.05666666803881526
0 0.6987499843817204 0.5000000121071935 0.0274999993853271 0.05000000121071935
0 0.6681249850662425 0.5108333457028493 0.033749999245628715 0.051666667917743325
0 0.650624985457398 0.5141666791168973 0.023749999469146132 0.05833333474583924
