0 0.15036651346599683 0.6750578753999434 0.1047453711507842 0.13136574171949178
0 0.15518904436612502 0.6015625044819899 0.07040895114187151 0.08564814878627658
0 0.20196759409736842 0.599537041503936 0.04822530900128186 0.10416666744276881
0 0.2564621932688169 0.6011284767009784 0.045331790461204946 0.06799768569180742
0 0.3345871938508935 0.6093750045401976 0.05999228439759463 0.09085648215841502
0 0.37384259537793696 0.620225699065486 0.054398148553445935 0.08362268580822274
0 0.6357060232548974 0.5985243100149091 0.04185956821311265 0.07146990793989971
0 0.6636767024756409 0.624855328729609 0.046875000349245965 0.0847800932242535
0 0.7053433694527484 0.6357060232548974 0.05034722259733826 0.0815972228301689
0 0.7565586476121098 0.6135706064233091 0.05092592630535364 0.0784143524360843
0 0.8003472281852737 0.7050057922897395 0.10532407485879958 0.14554398256586865
0 0.9433834946830757 0.6331018565688282 0.05652006214950234 0.09317129699047655
0 0.9239969204645604 0.5912905136647169 0.043981481809169054 0.06278935231966898
0 0.9812885875580832 0.6160300971823744 0.03742283978499472 0.10011574148666114
