0 0.11638655574643053 0.5408895296277478 0.037815126415807754 0.07460545236244798
0 0.21848739706911147 0.33142037491779774 0.016806722851470113 0.03156384523026645
0 0.2466386578453239 0.3357245356310159 0.01764705899404362 0.03730272618122399
0 0.27310924633638933 0.3615494999103248 0.016806722851470113 0.03443328570574522
0 0.3239495829620864 0.3558106189593673 0.02100840356433764 0.03443328570574522
0 0.27563025476410985 0.300573889806401 0.015126050566323102 0.035868005943484604
0 0.3420168100274168 0.3177905326592736 0.01344537828117609 0.030129124992527068
0 0.3453781545977108 0.2833572469535284 0.015126050566323102 0.030129124992527068
0 0.37731092801550403 0.32281205349136144 0.011764705996029079 0.03156384523026645
0 0.4000000038649887 0.32137733325362206 0.016806722851470113 0.03156384523026645
0 0.43697479413822293 0.3242467737291008 0.016806722851470113 0.03730272618122399
0 0.3978991635085549 0.291248208261095 0.014285714423749596 0.028694404754787683
0 0.38781512979767285 0.24964132136665285 0.014285714423749596 0.025824964279308915
0 0.4033613484352827 0.26614060410065576 0.011764705996029079 0.02439024404156953
0 0.41638655864517204 0.2517934017232619 0.010924369853455573 0.021520803566090763
0 0.4373949622095097 0.2525107618421316 0.010924369853455573 0.025824964279308915
0 0.4647058868431486 0.29626972909318283 0.01344537828117609 0.0272596845170483
0 0.49663866026094183 0.3149210921837948 0.015126050566323102 0.030129124992527068
0 0.45294118084711954 0.23888091958360747 0.011764705996029079 0.021520803566090763
0 0.482773113908479 0.2560975624364801 0.014285714423749596 0.0272596845170483
0 0.49747899640351534 0.25035868148552254 0.011764705996029079 0.021520803566090763
0 0.5142857192549855 0.2625538035063073 0.01344537828117609 0.03156384523026645
0 0.5500000053143594 0.2733142052893527 0.012605042138602585 0.0272596845170483
0 0.42436975199962035 0.2991391695686616 0.015126050566323102 0.032998565468005836
0 0.46176471034414135 0.22525107732508332 0.010924369853455573 0.022955523803830147
0 0.515126055397559 0.22955523803830147 0.011764705996029079 0.028694404754787683
0 0.5365546270331834 0.23744619934586808 0.012605042138602585 0.0272596845170483
0 0.5663865600945428 0.25824964279308915 0.01344537828117609 0.03156384523026645
0 0.560924375167815 0.207317074353341 0.009243697568308562 0.021520803566090763
0 0.5672268962371163 0.22309899696847424 0.011764705996029079 0.02439024404156953
0 0.5794117703044321 0.235294118989259 0.010924369853455573 0.02008608332835138
0 0.5920168124430347 0.24605452077230439 0.014285714423749596 0.02439024404156953
0 0.6449579894251656 0.2345767588703893 0.010924369853455573 0.021520803566090763
0 0.6693277375597972 0.22094691661186516 0.009243697568308562 0.02008608332835138
0 0.6831932839122601 0.216642755898647 0.011764705996029079 0.025824964279308915
0 0.6659663929895032 0.2001434731646441 0.010924369853455573 0.021520803566090763
0 0.63403361957171 0.21951219637412578 0.012605042138602585 0.025824964279308915
0 0.6231092497182544 0.21090387494768947 0.012605042138602585 0.022955523803830147
0 0.60168067808263 0.21090387494768947 0.011764705996029079 0.028694404754787683
0 0.6025210142252035 0.19583931245142594 0.011764705996029079 0.02439024404156953
0 0.4798319374094717 0.36728838086128235 0.02521008427720517 0.05164992855861783
0 0.5411764758173376 0.39383070525946096 0.02689075656235218 0.050215208320878446
0 0.5336134505341761 0.3550932588404976 0.02689075656235218 0.04447632736992091
0 0.5907563082291745 0.35724533919710666 0.021848739706911147 0.04878048808313906
0 0.6054621907242108 0.4175035891821608 0.024369748134631664 0.060258249985054135
0 0.6294117707875557 0.45624103560112417 0.030252101132646203 0.060258249985054135
0 0.702100847120164 0.5286944076069631 0.03109243727521971 0.07030129164922982
0 0.8327731172903441 0.5064562439220026 0.030252101132646203 0.06599713093601167
0 0.5957983250846155 0.3163558124215342 0.021848739706911147 0.04160688689444214
0 0.6428571490687318 0.3278335743234493 0.023529411992058158 0.04447632736992091
0 0.6281512665736955 0.29555236897431314 0.01932773127919063 0.04017216665670276
0 0.6655462249182165 0.2704447648138739 0.018487395136617124 0.03873744641896337
0 0.6890756369102746 0.2898134880233556 0.015126050566323102 0.03730272618122399
0 0.7109243766171858 0.2833572469535284 0.015126050566323102 0.03873744641896337
0 0.7050420236191712 0.24031563982134685 0.015126050566323102 0.03873744641896337
0 0.7298319398250896 0.24820660112891346 0.015966386708896607 0.03443328570574522
0 0.7319327801815234 0.22812051780056208 0.01344537828117609 0.03443328570574522
0 0.7483193349617068 0.21951219637412578 0.014285714423749596 0.03156384523026645
0 0.7592437048151623 0.2546628421987407 0.012605042138602585 0.030129124992527068
0 0.7773109318804927 0.2733142052893527 0.015126050566323102 0.030129124992527068
0 0.785294125234941 0.253945482079871 0.012605042138602585 0.025824964279308915
0 0.7802521083795 0.2274031576816924 0.015966386708896607 0.032998565468005836
0 0.6626050484192092 0.3737446219311096 0.024369748134631664 0.053084648796357214
0 0.6865546284825541 0.3543758987216279 0.021848739706911147 0.04878048808313906
0 0.7252100910409354 0.39311334514059126 0.02521008427720517 0.05164992855861783
0 0.7865546294488013 0.4167862290632911 0.02689075656235218 0.05595408927183598
0 0.8487395039992407 0.44978479453129694 0.030252101132646203 0.06169297022279352
0 0.9243697568308562 0.45624103560112417 0.02689075656235218 0.0545193690340966
0 0.9180672357615549 0.38665710407076403 0.022689075849484652 0.04447632736992091
0 0.86176471420913 0.3708751814556308 0.02100840356433764 0.053084648796357214
0 0.8138655540824402 0.34863701777067035 0.022689075849484652 0.043041607132181525
0 0.815966394438874 0.2898134880233556 0.016806722851470113 0.03156384523026645
0 0.8113445456547197 0.2360114791081287 0.014285714423749596 0.030129124992527068
0 0.8441176552150864 0.24677188089117408 0.010924369853455573 0.022955523803830147
0 0.850000008213101 0.2654232439817861 0.012605042138602585 0.025824964279308915
0 0.8449579913576599 0.2969870892120525 0.014285714423749596 0.03730272618122399
0 0.8714285798487253 0.3271162142045796 0.016806722851470113 0.03156384523026645
0 0.8718487479200121 0.2453371606534347 0.014285714423749596 0.03156384523026645
0 0.8962184960546438 0.26829268445726484 0.012605042138602585 0.028694404754787683
0 0.8928571514843497 0.3106169314705767 0.014285714423749596 0.032998565468005836
0 0.9336134543991648 0.3457675772951916 0.016806722851470113 0.04017216665670276
0 0.9151260592625476 0.300573889806401 0.01344537828117609 0.032998565468005836
0 0.936554630898172 0.2998565296875313 0.014285714423749596 0.025824964279308915
0 0.9378151351120323 0.25824964279308915 0.01344537828117609 0.03156384523026645
