0 0.15434783144155517 0.7069632696802728 0.15217391832266003 0.20696325541939586
0 0.2942029087571427 0.5899419897468761 0.08115942310541868 0.12765957810916007
0 0.5355072649545036 0.7369439281756058 0.16376812162343413 0.2437137400265783
0 0.6449275586055592 0.5696325114113279 0.1420289904344827 0.21470019954722375
0 0.24855073326034471 0.3694390821037814 0.0536231902660802 0.08897485747002065
0 0.2905797202256508 0.34526113170431927 0.02753623283933848 0.040618956671096385
0 0.31304348912090063 0.44003869727021083 0.03478260990232229 0.06769826111849397
0 0.34275363507913426 0.43810446123825386 0.036231885314919055 0.05609284492675215
0 0.3905797236948274 0.4439071693341248 0.0420289869653061 0.05609284492675215
0 0.3724637810373679 0.4148936288547702 0.03478260990232229 0.04835590079892427
0 0.4217391450656578 0.4158607468707487 0.023188406601548195 0.0464216647669673
0 0.44202900084201247 0.4013539766310714 0.023188406601548195 0.044487428735010326
0 0.5065217567025684 0.41102515679085627 0.030434783664532006 0.04835590079892427
0 0.5253623370663263 0.3549323118641041 0.02753623283933848 0.040618956671096385
0 0.5347826272482052 0.4158607468707487 0.028985508251935244 0.042553192703053355
0 0.5652174109127373 0.35203095781616867 0.02608695742674172 0.038684720639139414
0 0.5920290060457774 0.33462283352855593 0.03333333448972553 0.0464216647669673
0 0.6362319061299786 0.38588008837541565 0.03478260990232229 0.04835590079892427
0 0.6355072684236802 0.42553192703053355 0.04492753779049963 0.05029013683088124
0 0.7333333587739617 0.364603492023889 0.043478262377902865 0.06769826111849397
0 0.8398551015998237 0.460348175605759 0.05942029191646725 0.08510638540610671
0 0.9101449591107666 0.4613152936217375 0.049275364028289914 0.08704062143806368
0 0.8695652475580573 0.39264991448726505 0.02608695742674172 0.0464216647669673
0 0.8072464048163965 0.39361703250324354 0.04057971155270934 0.06382978905458003
