0 0.12461538473144174 0.21824480232317 0.08307692315429449 0.12240184680558741
0 0.07538461545482278 0.42840646381955594 0.05538461543619633 0.09006928349845111
0 0.32230769260786474 0.42378752620425075 0.047692307736724615 0.07621247065253556
0 0.2961538464296609 0.42147805739659816 0.041538461577147245 0.07621247065253556
0 0.38846153882332146 0.38683602528180927 0.041538461577147245 0.08083140826784074
0 0.47384615428745747 0.49307159043382853 0.0800000000745058 0.12240184680558741
0 0.5069230773951858 0.38683602528180927 0.047692307736724615 0.08083140826784074
0 0.5692307697609067 0.39607390051241964 0.05230769235640764 0.07159353303723037
0 0.5746153851505369 0.5277136225486174 0.11846153857186437 0.18244803580455482
0 0.6715384621638805 0.42609699501190335 0.05692307697609067 0.10854503395967185
0 0.7192307699006051 0.4145496509736404 0.047692307736724615 0.07159353303723037
0 0.6730769237037748 0.2863741321489215 0.03846153849735856 0.0646651266142726
0 0.8423076930921525 0.6431870629312471 0.112307692412287 0.1916859110351652
0 0.893846154678613 0.5588914514519274 0.09538461547344923 0.1616628165356815
0 0.9315384624060243 0.4711316367611289 0.06923076929524541 0.10623556515201926
0 0.9015384623780847 0.39953810372389853 0.0615384615957737 0.0923787523061037
