0 0.1420500362291932 0.5263532736571506 0.04519773880019784 0.08404558361507952
0 0.230024206393864 0.3425925908377394 0.01614204957149923 0.03846153826452792
0 0.26432606173329987 0.34401709225494415 0.020177561964374036 0.04415954393334687
0 0.282082316261949 0.3767806248506531 0.02340597187867388 0.04415954393334687
0 0.2849071749369614 0.31196581036783755 0.019370459485799074 0.03703703684732318
0 0.3369652848050464 0.35968660784419626 0.02340597187867388 0.052706552436575294
0 0.355932193051558 0.32549857383128256 0.014527844614349306 0.032763532595708966
0 0.3535108856158331 0.29558404406998307 0.014527844614349306 0.032763532595708966
0 0.38216302360524423 0.3497150979237631 0.02179176692152396 0.04131054109893739
0 0.4104116103553679 0.334045582334511 0.020177561964374036 0.03846153826452792
0 0.40718320044106804 0.29558404406998307 0.018563357007224113 0.02991452976129949
0 0.39184825334814377 0.260683759348467 0.015334947092924267 0.028490028344094753
0 0.439870850823354 0.3354700837517157 0.025827279314398766 0.04700854676775634
0 0.42615010868757963 0.2585470072226599 0.014527844614349306 0.02421652409248054
0 0.4435028119769413 0.26353276218287647 0.015334947092924267 0.03133903117850423
0 0.47175139872706495 0.30769230611622334 0.020177561964374036 0.04273504251614213
0 0.4995964342379011 0.32834757666569203 0.019370459485799074 0.03846153826452792
0 0.46771588633419015 0.2656695143086836 0.012106537178624421 0.03561253543011844
0 0.4604519640270155 0.24145299021620303 0.012106537178624421 0.02991452976129949
0 0.5048426003486384 0.2670940157258883 0.015334947092924267 0.03561253543011844
0 0.5242130598344374 0.2720797706861049 0.01694915205007419 0.03703703684732318
0 0.5157384838094003 0.24999999871943146 0.01614204957149923 0.02991452976129949
0 0.5411622118845116 0.25071224942803383 0.01694915205007419 0.03703703684732318
0 0.5468119292345364 0.2905982891097665 0.015334947092924267 0.034188034012913704
0 0.57506051598466 0.26139601005706936 0.015334947092924267 0.032763532595708966
0 0.5686036961560603 0.2492877480108291 0.010492332221474499 0.025641025509685278
0 0.5528651978238486 0.22792022675275803 0.012913639657199383 0.03133903117850423
0 0.5677965936774854 0.22079771966673434 0.012106537178624421 0.028490028344094753
0 0.5964487316668965 0.2215099703753367 0.01614204957149923 0.032763532595708966
0 0.6025020002562087 0.2079772069118917 0.012106537178624421 0.028490028344094753
0 0.596045180427609 0.25284900155384094 0.015334947092924267 0.032763532595708966
0 0.6307505870063324 0.25213675084523857 0.01694915205007419 0.034188034012913704
0 0.6214689085027203 0.21794871683232486 0.01129943470004946 0.028490028344094753
0 0.6343825481599197 0.2236467225011438 0.014527844614349306 0.022792022675275803
0 0.6678773010207806 0.2286324774613604 0.013720742135774344 0.021367521258071065
0 0.6674737497814931 0.20655270549468696 0.012913639657199383 0.034188034012913704
0 0.67917673572083 0.22435897320974618 0.01694915205007419 0.02991452976129949
0 0.5359160457737744 0.3582621064269915 0.024213074357248843 0.05555555527098477
0 0.4786117697949521 0.4038461517775431 0.03228409914299846 0.058404558105394244
0 0.5488296854309738 0.40811965602915734 0.02744148427154869 0.04985754960216582
0 0.5920096680347342 0.4544159520883113 0.031476996664423496 0.07407407369464636
0 0.6299434845277574 0.4665242141345516 0.03954802145017311 0.0754985751118511
0 0.6920903753780294 0.5434472906636074 0.042776431364472955 0.07264957227744162
0 0.8071024785749614 0.5163817637367174 0.0355125090572983 0.06980056944303215
0 0.6097659225633834 0.361111109261401 0.025020176835823804 0.052706552436575294
0 0.596852282906184 0.3290598273742944 0.01694915205007419 0.039886039681732655
0 0.6291363820491824 0.301282049738802 0.01694915205007419 0.03846153826452792
0 0.6452784316206817 0.3675213656388223 0.026634381792973727 0.05698005668818951
0 0.6872477605065797 0.3582621064269915 0.02179176692152396 0.05555555527098477
0 0.7134785910602659 0.40313390106894076 0.030669894185848534 0.06837606802582741
0 0.7784503405855503 0.4294871772872284 0.029862791707273573 0.06125356093980372
0 0.8325262066500727 0.45584045350551605 0.029862791707273573 0.06837606802582741
0 0.9132364545075689 0.4686609662603587 0.03470540657872334 0.05982905952259898
0 0.8987086098932195 0.44230769004207104 0.020177561964374036 0.04415954393334687
0 0.8494753587001469 0.3903133883140981 0.02340597187867388 0.04843304818496108
0 0.8066989273356739 0.361111109261401 0.02179176692152396 0.052706552436575294
0 0.7861178141320124 0.29843304690439254 0.019370459485799074 0.03846153826452792
0 0.7723970719962381 0.287749286275357 0.014527844614349306 0.039886039681732655
0 0.763922495971201 0.2656695143086836 0.015334947092924267 0.027065526926890016
0 0.7723970719962381 0.23860398738179356 0.012913639657199383 0.02991452976129949
0 0.7259886794781778 0.25284900155384094 0.01694915205007419 0.04131054109893739
0 0.7409200753318146 0.23931623809039593 0.01129943470004946 0.022792022675275803
0 0.7288135381531902 0.23504273383878171 0.012913639657199383 0.025641025509685278
0 0.7013720538816415 0.2514245001366362 0.01775625452864915 0.03846153826452792
0 0.6670701985422056 0.28205128060653806 0.01694915205007419 0.039886039681732655
0 0.6969329902494792 0.2998575483215973 0.020177561964374036 0.032763532595708966
0 0.6759483258065302 0.3176638160366565 0.02179176692152396 0.04273504251614213
0 0.8022598637035117 0.24358974234201014 0.01614204957149923 0.028490028344094753
0 0.8123486446856987 0.26638176501728594 0.01694915205007419 0.03133903117850423
0 0.8349475140857976 0.2535612522624433 0.013720742135774344 0.028490028344094753
0 0.8434220901108347 0.2720797706861049 0.019370459485799074 0.03703703684732318
0 0.8373688215215225 0.3112535596592352 0.018563357007224113 0.03846153826452792
0 0.8607747934001964 0.3361823344603181 0.018563357007224113 0.03133903117850423
0 0.8757061892538331 0.32336182170547545 0.01775625452864915 0.039886039681732655
0 0.8708635743823834 0.260683759348467 0.014527844614349306 0.034188034012913704
0 0.8934624437824823 0.28632478485815227 0.01775625452864915 0.04273504251614213
0 0.9124293520289939 0.35327635146677494 0.02179176692152396 0.04273504251614213
0 0.9067796346789692 0.31837606674525887 0.01694915205007419 0.032763532595708966
0 0.9192897230968811 0.30270655115600675 0.012913639657199383 0.02991452976129949
0 0.9285714016004931 0.27492877352051437 0.015334947092924267 0.028490028344094753
