0 0.15803108410909772 0.644455252768239 0.22797926887869835 0.31420233455719426
0 0.0377266829891596 0.4090466925117653 0.06897668220335618 0.11867704277392477
0 0.07221502409083769 0.33973735400650185 0.08290155231952667 0.1045719844114501
0 0.04047927359351888 0.26678015557990875 0.062176164239645004 0.09289883266319521
0 0.1410297891998198 0.3647859921329655 0.059261656540911645 0.11284046689979732
0 0.19073833717266098 0.2915856030449504 0.05764248559717089 0.08706225678906776
0 0.1952720158151351 0.5145914395689033 0.16062175761908293 0.19941634236602113
0 0.22474092699121684 0.433365758653963 0.11917098145931959 0.15758754860144109
0 0.30262304938514717 0.39250972753507085 0.07933937624329701 0.14980544743593782
0 0.3455310793942772 0.3232003890298074 0.06411916937213391 0.10846303499420173
0 0.46955957368481904 0.338035019376548 0.07512953178957105 0.11575875483686104
0 0.4883419566322118 0.2893968870921526 0.04663212317973375 0.08268482488347217
0 0.6330958390026353 0.34508754855778534 0.06476683774963021 0.13764591436483897
0 0.6672603459155653 0.3528696497232886 0.07221502409083769 0.12208171203383245
0 0.7527525717450771 0.4075875485432334 0.11237046349560842 0.19844357972033322
0 0.8704662993550301 0.38740272364520933 0.13989636953920126 0.21643968866555952
