0 0.9287499792408198 0.4020715555525385 0.04499999899417162 0.08474576112348586
0 0.9706249783048406 0.3201506531331688 0.033749999245628715 0.05273069581016898
0 0.8718749805120751 0.3258003705414012 0.03124999930150807 0.0414312609937042
0 0.8199999816715717 0.4491525339544751 0.0549999987706542 0.07721280457917601
0 0.6393749857088551 0.505649708036799 0.061249998630955815 0.09604519593995064
0 0.6262499860022217 0.4350282404338941 0.042499999050050974 0.06403013062663376
0 0.6743749849265441 0.39171374030411243 0.03124999930150807 0.060263652354478836
0 0.634999985806644 0.35028247931040823 0.02249999949708581 0.04519773926585913
0 0.5843749869382009 0.4114877512329258 0.03124999930150807 0.04331450012978166
0 0.5856249869102612 0.36252353369491175 0.01874999958090484 0.039548021857626736
0 0.7287499837111682 0.37193972937529907 0.024999999441206455 0.04331450012978166
0 0.7518749831942841 0.3549905771506019 0.01874999958090484 0.028248587041161954
0 0.7662499828729779 0.33050846838159487 0.019999999552965164 0.03578154358547181
0 0.7131249840604141 0.34839924017433077 0.01874999958090484 0.033898304449394345
0 0.7074999841861427 0.3248587509733625 0.0274999993853271 0.03578154358547181
0 0.6824999847449362 0.3559321967186406 0.019999999552965164 0.04519773926585913
0 0.5124999885447323 0.2806026312755421 0.01749999960884452 0.02636534790508449
0 0.3993749910732731 0.3973634577123448 0.021249999525025487 0.030131826177239418
0 0.46874998952262104 0.2966101639322005 0.014999999664723873 0.024482108769007027
0 0.45062498992774636 0.2966101639322005 0.016249999636784196 0.0207156304968521
0 0.42187499057035893 0.31167607702082023 0.01874999958090484 0.0207156304968521
0 0.4243749905144796 0.27966101170750335 0.01374999969266355 0.016949152224697173
0 0.3981249911012128 0.2928436856600456 0.01374999969266355 0.016949152224697173
0 0.37437499163206667 0.28813558781985193 0.01374999969266355 0.022598869632929564
0 0.37437499163206667 0.31167607702082023 0.016249999636784196 0.028248587041161954
0 0.35999999195337296 0.33050846838159487 0.019999999552965164 0.024482108769007027
0 0.3449999922886491 0.3013182617723942 0.019999999552965164 0.030131826177239418
0 0.32937499263789505 0.2664783377549611 0.01374999969266355 0.0207156304968521
0 0.29999999329447746 0.2664783377549611 0.01749999960884452 0.0207156304968521
0 0.31124999304302037 0.31167607702082023 0.02249999949708581 0.03201506531331688
0 0.27937499375548214 0.3220338922692463 0.021249999525025487 0.02636534790508449
0 0.27249999390915036 0.27118643559515476 0.014999999664723873 0.02636534790508449
0 0.23687499470543116 0.28531072911573574 0.01874999958090484 0.028248587041161954
0 0.20499999541789293 0.2928436856600456 0.01749999960884452 0.024482108769007027
0 0.20499999541789293 0.2523540442343801 0.019999999552965164 0.02636534790508449
0 0.17124999617226422 0.25988700077869 0.019999999552965164 0.022598869632929564
0 0.10124999773688614 0.25988700077869 0.02249999949708581 0.033898304449394345
0 0.14312499680090696 0.2730696747312322 0.01874999958090484 0.033898304449394345
0 0.0793749982258305 0.2222222180571407 0.016249999636784196 0.022598869632929564
0 0.024999999441206455 0.22975517460145056 0.019999999552965164 0.030131826177239418
0 0.04187499906402081 0.2834274899796583 0.01874999958090484 0.028248587041161954
0 0.011249999748542905 0.2937853052280843 0.019999999552965164 0.033898304449394345
0 0.12812499713618308 0.6233521540416405 0.09124999796040356 0.12806026125326753
0 0.21749999513849616 0.4613935883389786 0.03749999916180968 0.05273069581016898
0 0.27624999382533133 0.4463276752503589 0.03249999927356839 0.060263652354478836
0 0.3074999931268394 0.4472692948183976 0.047499998938292265 0.07721280457917601
0 0.3481249922187999 0.48681731667602435 0.03124999930150807 0.05084745667409152
0 0.3399999924004078 0.38606402289588004 0.019999999552965164 0.033898304449394345
0 0.2737499938812107 0.36817325110314414 0.019999999552965164 0.03578154358547181
0 0.23249999480322003 0.33333332708571106 0.0274999993853271 0.03766478272154927
0 0.16374999633990228 0.428436903457623 0.029999999329447746 0.05084745667409152
0 0.139374996884726 0.37382296851137653 0.028749999357387424 0.04331450012978166
0 0.12187499727588147 0.2994350226363167 0.023749999469146132 0.030131826177239418
0 0.09249999793246388 0.3173257944290526 0.024999999441206455 0.04331450012978166
0 0.1149999974295497 0.414312609937042 0.02249999949708581 0.03766478272154927
0 0.05749999871477485 0.4416195774101652 0.04499999899417162 0.054613934946246445
0 0.05812499870080501 0.49811675149248913 0.05374999879859388 0.0621468914905563
0 0.028749999357387424 0.6167608170653693 0.052499998826533556 0.14124293520580977
0 0.011874999734573066 0.4209039469133131 0.021249999525025487 0.0621468914905563
0 0.016874999622814357 0.3785310663515702 0.026249999413266778 0.04519773926585913
0 0.023749999469146132 0.35310733801452443 0.03249999927356839 0.04331450012978166
