0 0.08733205136377364 0.3182565813185647 0.021113243186846375 0.044407895067706704
0 0.15067178092431277 0.30180921277496964 0.021113243186846375 0.044407895067706704
0 0.3867562274681404 0.26809210726059973 0.023032628931105137 0.0427631582133472
0 0.3574855948681943 0.24424342287238687 0.022072936058975756 0.04111842135898769
0 0.42418424948118627 0.16447368543595076 0.019193857442587614 0.03289473708719015
0 0.47072935377946123 0.22532894904725254 0.022072936058975756 0.04605263192206621
0 0.4980806006351486 0.31578947603702545 0.02687140041962266 0.05921052675694227
0 0.5484644764219411 0.33388158143498003 0.03166986478026956 0.05592105304822326
0 0.5460652442416176 0.14473684318363667 0.017274471698328853 0.029605263378471136
0 0.5834932662546635 0.13815789576619864 0.015355085954070091 0.036184210795909166
0 0.6065258951857686 0.12006579036824405 0.011516314465552568 0.02631578966975212
0 0.6434740707627498 0.2417763175908476 0.020153550314716995 0.036184210795909166
0 0.6597888495889492 0.22861842275597155 0.020153550314716995 0.0427631582133472
0 0.8071017054608092 0.2779605283867568 0.0249520146753639 0.05921052675694227
0 0.8656429706607014 0.31414473918266594 0.03646832914091647 0.06250000046566129
0 0.9265834680409171 0.15213815902825445 0.01247600733768195 0.024671052815392613
0 0.9568137935129926 0.15707236959133297 0.015355085954070091 0.03453947394154966
