0 0.27166667324490845 0.6924778735265136 0.1300000031478703 0.16371681354939938
0 0.4650000112596899 0.6039822986349463 0.07000000169500709 0.11061946861445904
0 0.3450000083539635 0.6017699092626572 0.06333333486691117 0.07964601740241051
0 0.4050000098068267 0.526548670604825 0.05000000121071935 0.08849557489156723
0 0.540000013075769 0.550884953700006 0.07333333510905504 0.10176991112530231
0 0.5050000122282654 0.4823008831590414 0.043333334382623434 0.05309734493494034
0 0.5583333468530327 0.3230088483542204 0.030000000726431608 0.044247787445783615
0 0.6566666825674474 0.4911504406481981 0.04666666779667139 0.07079645991325378
0 0.7700000186450779 0.5132743343710899 0.0533333346247673 0.06194690242409706
0 0.6750000163447112 0.5398230068385601 0.05000000121071935 0.07079645991325378
0 0.9016666884999722 0.5110619449988008 0.043333334382623434 0.07522123865783215
0 0.1916666713077575 0.5199115024879575 0.030000000726431608 0.04867256619036198
0 0.27833334007300436 0.49999999813735485 0.043333334382623434 0.06194690242409706
0 0.060000001452863216 0.5154867237433791 0.04000000096857548 0.0575221236795187
