0 0.17220902518602088 0.4571026627672836 0.040380047284998 0.08157524443231523
0 0.2323832132969983 0.3326300915214233 0.016627078293822706 0.02953586436342448
0 0.26088677608640864 0.3452883191057481 0.016627078293822706 0.040787622216157615
0 0.2834520966280252 0.3059071666211821 0.014251781394705176 0.026722924900241196
0 0.28384797944454476 0.36708859994541854 0.016627078293822706 0.03656821302138269
0 0.32858273771125823 0.3649788953480311 0.020585906459018588 0.04641350114252418
0 0.3527315895189531 0.29324893903685734 0.016627078293822706 0.02953586436342448
0 0.34758511290419847 0.3284106823266484 0.017418843926861882 0.026722924900241196
0 0.37490102724405006 0.33122362178983167 0.016627078293822706 0.03797468275297433
0 0.4002375275013037 0.33755273558199406 0.016627078293822706 0.033755273558199406
0 0.3907363399048336 0.26722924900241196 0.011876484495587647 0.025316455168649554
0 0.4041963556664996 0.25949366547865793 0.013460015761666 0.026722924900241196
0 0.42201108240988106 0.27637130225775763 0.012668250128626823 0.026722924900241196
0 0.43586698098806664 0.3452883191057481 0.016627078293822706 0.0436005616793409
0 0.457640535896644 0.32348803826607764 0.019002375192940235 0.03656821302138269
0 0.4972288175486028 0.3263009777292609 0.019002375192940235 0.03938115248456597
0 0.44615993421757594 0.2517580819549039 0.013460015761666 0.033755273558199406
0 0.4647664265939966 0.2679324838682078 0.012668250128626823 0.032348803826607764
0 0.4916864581173286 0.2686357187340036 0.012668250128626823 0.033755273558199406
0 0.5106888333102688 0.28340365091571584 0.01583531266078353 0.03797468275297433
0 0.5118764817598276 0.2419127938337624 0.013460015761666 0.025316455168649554
0 0.5245447318884544 0.25386778655229136 0.013460015761666 0.032348803826607764
0 0.565320661989972 0.2791842417209409 0.014251781394705176 0.040787622216157615
0 0.5605700681917369 0.24753867276012897 0.012668250128626823 0.028129394631832838
0 0.5831353887333535 0.24964837735751644 0.013460015761666 0.02953586436342448
0 0.5993665842106566 0.20745428540976718 0.01108471886254847 0.02953586436342448
0 0.6132224827888422 0.2180028083967045 0.011876484495587647 0.033755273558199406
0 0.625890732917469 0.2545710214180872 0.013460015761666 0.033755273558199406
0 0.4548693561810069 0.4022503432352096 0.026128265890292823 0.056258789263665676
0 0.5490894665126689 0.34739802370313555 0.021377672092057765 0.04500703141093254
0 0.5281076772371307 0.4170182754169218 0.023752968991175294 0.05203938006889075
0 0.5534441774943843 0.4472573746461421 0.03167062532156706 0.06751054711639881
0 0.5859065684489906 0.32348803826607764 0.019002375192940235 0.04500703141093254
0 0.6167854281375185 0.31082981068175286 0.019002375192940235 0.03656821302138269
0 0.5977830529445782 0.38748241105349734 0.019002375192940235 0.0436005616793409
0 0.6318289751652628 0.39099858538247645 0.023752968991175294 0.05907172872684896
0 0.6231195532018319 0.4599156022304669 0.03167062532156706 0.06751054711639881
0 0.6429136940278113 0.3326300915214233 0.01583531266078353 0.040787622216157615
0 0.6603325379546732 0.2686357187340036 0.014251781394705176 0.033755273558199406
0 0.6896278663771227 0.2609001352102496 0.012668250128626823 0.032348803826607764
0 0.6726049052667804 0.34810125856893137 0.01821060955990106 0.04641350114252418
0 0.7030878821387887 0.28762306011049077 0.014251781394705176 0.03516174328979105
0 0.7157561322674155 0.25668072601547465 0.012668250128626823 0.02953586436342448
0 0.7236737885978073 0.2454289681627415 0.012668250128626823 0.026722924900241196
0 0.7331749761942774 0.23277074057841673 0.012668250128626823 0.032348803826607764
0 0.7593032420845702 0.2383966195047833 0.014251781394705176 0.026722924900241196
0 0.7533649998367764 0.2686357187340036 0.015043547027744353 0.03656821302138269
0 0.7395091012585908 0.2960618785000406 0.01583531266078353 0.040787622216157615
0 0.7826603282592259 0.3087201060843654 0.013460015761666 0.032348803826607764
0 0.8147268363973126 0.2658227792708203 0.014251781394705176 0.028129394631832838
0 0.8317497975076549 0.2616033700760454 0.011876484495587647 0.02250351570546627
0 0.8491686414345168 0.2559774911496788 0.011876484495587647 0.030942334095016122
0 0.8368962741224095 0.2819971811841242 0.01583531266078353 0.03797468275297433
0 0.8285827349754982 0.3192686290713027 0.016627078293822706 0.03656821302138269
0 0.8745051416917704 0.28340365091571584 0.013460015761666 0.02953586436342448
0 0.906571649829857 0.2693389535997994 0.01108471886254847 0.02953586436342448
0 0.9081551810959354 0.3129395152791403 0.014251781394705176 0.02953586436342448
0 0.8052256488008425 0.341772144776769 0.017418843926861882 0.04500703141093254
0 0.7905779845896177 0.36146272101905197 0.01979414082597941 0.05344584980048239
0 0.8653998369118199 0.3586497815558687 0.017418843926861882 0.04219409194774926
0 0.872921610425692 0.3227848034002818 0.015043547027744353 0.03516174328979105
0 0.9026128216646612 0.35724331182427704 0.019002375192940235 0.04219409194774926
0 0.7145684838178568 0.4022503432352096 0.022961203358136117 0.05344584980048239
0 0.6876484522945248 0.4866385271307081 0.030878859688527882 0.08157524443231523
0 0.7513855857541785 0.42827003326965496 0.023752968991175294 0.054852319532074034
0 0.7925573986722156 0.5365682026022114 0.023752968991175294 0.07454289577435702
0 0.8198733130120672 0.4571026627672836 0.026128265890292823 0.056258789263665676
0 0.886381626187358 0.39029535051668063 0.01979414082597941 0.04922644060570747
0 0.8764845557743683 0.45780589763307944 0.026920031523332 0.06610407738480717
0 0.7937450471217744 0.2777777719893493 0.011876484495587647 0.03516174328979105
0 0.4010292931343429 0.3059071666211821 0.013460015761666 0.02953586436342448
0 0.42913697310723364 0.3094233409501612 0.01583531266078353 0.03656821302138269
0 0.5471100524300709 0.22081574785988778 0.009501187596470118 0.025316455168649554
0 0.5609659510082565 0.2215189827256836 0.011876484495587647 0.026722924900241196
0 0.6369754517800175 0.21659633866511285 0.008709421963430941 0.02250351570546627
0 0.6539984128903598 0.23347397544421256 0.009501187596470118 0.02250351570546627
0 0.6623119520372711 0.23066103598102927 0.010292953229509294 0.02250351570546627
0 0.8368962741224095 0.40717298729578033 0.01583531266078353 0.040787622216157615
