0 0.1743447219778318 0.2591292161378078 0.011914217902813107 0.0323033711174503
0 0.27720413653878495 0.30758427281398326 0.0333598101278767 0.07022471982054412
0 0.31374107144074515 0.2436797777772881 0.023828435805626214 0.04353932628873736
0 0.2962668851832859 0.2710674185073003 0.015885623870417476 0.025280899135395885
0 0.34193805381073616 0.24297753057908267 0.02303415461210534 0.04494382068514824
0 0.3598093806649558 0.21207865385804325 0.022239873418584466 0.036516854306682944
0 0.38800636303494684 0.2162921370472759 0.024622716999147087 0.05056179827079177
0 0.3594122400681954 0.34971910470630974 0.04209690325660631 0.08146067499183118
0 0.4249404385336675 0.19873595709213987 0.02541699819266796 0.04634831508155912
0 0.4745830131287221 0.2535112385521643 0.02938840416027233 0.054775281460024416
0 0.579030990076717 0.30196629522833973 0.023828435805626214 0.042134831892326474
