0 0.07888889079913497 0.5414201254025102 0.08666666876524687 0.13017751649022102
0 0.1677777818404138 0.5739645045250654 0.11333333607763052 0.1538461558520794
0 0.2144444496370852 0.5236686458811164 0.060000001452863216 0.10650887712836266
0 0.22777778329327703 0.1789940851740539 0.07333333510905504 0.10946745704859495
0 0.2677777842618525 0.5961538539268076 0.09555555786937475 0.13313609641045332
0 0.4077777876518667 0.7736686491407454 0.16666667070239782 0.23964497353881598
0 0.46222223341464996 0.5355029655620456 0.06666666828095913 0.10059171728789806
0 0.5488889021798968 0.6050295936875045 0.11555555835366249 0.18047337513417006
0 0.5900000142864883 0.5221893559210002 0.08222222421318293 0.11538461688905954
0 0.6733333496376872 0.5177514860406518 0.08000000193715096 0.12426035664975643
0 0.9000000217929482 0.7218935005366802 0.15555555932223797 0.2307692337781191
0 0.8288889089599252 0.6065088836476207 0.09777778014540672 0.15976331569254398
0 0.8688889099285007 0.5369822555221617 0.0844444464892149 0.12721893656998873
