0 0.20530726510332897 0.3637123716180213 0.04376163927372545 0.0953177249757573
0 0.25605214468669146 0.28929765650536865 0.016759776743128896 0.03678929735906422
0 0.28724395140307024 0.27090300782583654 0.01396648061927408 0.03678929735906422
0 0.2970204878365621 0.26421404466964304 0.020484171574935317 0.04013377893716097
0 0.30865922168595716 0.23662207165034488 0.01955307286698371 0.03511705657001585
0 0.32588454778306186 0.2658862854586914 0.014897579327225685 0.030100334202870727
0 0.33985102840233594 0.2784280913765542 0.018621974159032106 0.04515050130430609
0 0.3705772857647389 0.2165551821817644 0.018621974159032106 0.03511705657001585
0 0.3817504702601582 0.2232441453379579 0.014897579327225685 0.038461538148112595
0 0.3854748650919646 0.20234113547485322 0.018621974159032106 0.033444815780967474
0 0.4036312898970209 0.23411371046677232 0.021415270282886922 0.043478260515257716
0 0.4227188134100288 0.28260869334917516 0.02607076382264495 0.046822742093354464
0 0.40782123408280313 0.17558528285007924 0.016759776743128896 0.02675585262477398
0 0.43156425113556907 0.20234113547485322 0.0176908754510805 0.03678929735906422
0 0.44273743563098833 0.228260867705103 0.01955307286698371 0.038461538148112595
0 0.4678771007456817 0.2349498308612965 0.025139665114693344 0.04515050130430609
0 0.452979521418456 0.18227424600627273 0.0176908754510805 0.04013377893716097
0 0.46042831108206883 0.15719063417054713 0.01210428320337087 0.030100334202870727
0 0.46741155139170587 0.16137123614316806 0.016759776743128896 0.03511705657001585
0 0.48044693330302835 0.1780936440336518 0.016759776743128896 0.028428093413822353
0 0.5339851090102457 0.19816053350223228 0.021415270282886922 0.03511705657001585
0 0.5209497270989232 0.16973244008840993 0.01582867803517729 0.0317725749919191
0 0.5125698387273587 0.1530100321979262 0.01582867803517729 0.028428093413822353
0 0.48510242684278637 0.13210702233482152 0.014897579327225685 0.030100334202870727
0 0.5302607141784392 0.12876254075672477 0.01582867803517729 0.02675585262477398
0 0.5484171389834955 0.14214046706911176 0.014897579327225685 0.030100334202870727
0 0.5535381818772294 0.1270902999676764 0.01210428320337087 0.02675585262477398
0 0.5600558728328906 0.11956521641695872 0.01396648061927408 0.028428093413822353
0 0.5893854821333662 0.12290969799505547 0.016759776743128896 0.0317725749919191
0 0.5605214221868664 0.17391304206103086 0.018621974159032106 0.03678929735906422
0 0.5749534521601163 0.1588628749595955 0.01582867803517729 0.033444815780967474
0 0.6080074562923983 0.12959866115124896 0.013035381911322474 0.025083611835725605
0 0.6042830614605919 0.10117056773742661 0.013035381911322474 0.028428093413822353
0 0.6210428382037207 0.14381270785816014 0.016759776743128896 0.033444815780967474
0 0.6238361343275756 0.10367892892099917 0.013035381911322474 0.02675585262477398
0 0.6475791513803415 0.10367892892099917 0.01396648061927408 0.02675585262477398
0 0.6480447007343173 0.12207357760053128 0.014897579327225685 0.02675585262477398
0 0.662942280061543 0.12207357760053128 0.014897579327225685 0.033444815780967474
0 0.6866852971143089 0.10535116971004754 0.01396648061927408 0.03678929735906422
0 0.5405027999659069 0.3127090275520459 0.028864059946499765 0.06020066840574145
0 0.4934823152143508 0.30183946242323145 0.03165735607035458 0.06187290919478983
0 0.5749534521601163 0.24163879401749 0.023277467698790133 0.04515050130430609
0 0.6042830614605919 0.2165551821817644 0.022346368990838528 0.04849498288240284
0 0.6108007524162531 0.26505016506416723 0.02607076382264495 0.051839464460499585
0 0.5893854821333662 0.3687290939851664 0.03351955348625779 0.07525083550717682
0 0.6727188164950348 0.3377926393877715 0.030726257362402976 0.07692307629622519
0 0.6615456319996156 0.26505016506416723 0.025139665114693344 0.051839464460499585
0 0.6564245891058818 0.21739130257628858 0.02420856640674174 0.05016722367145121
0 0.6433892071945593 0.1847826071898453 0.018621974159032106 0.03511705657001585
0 0.6792365074506961 0.16722407890483737 0.01955307286698371 0.04013377893716097
0 0.7025139751494862 0.18311036640079692 0.01955307286698371 0.04515050130430609
0 0.6871508464682847 0.228260867705103 0.02979515865445137 0.05518394603859633
0 0.7034450738574378 0.14214046706911176 0.0176908754510805 0.03678929735906422
0 0.7378957260516472 0.14799330983078107 0.021415270282886922 0.03511705657001585
0 0.7369646273436956 0.11371237365528941 0.01582867803517729 0.033444815780967474
0 0.726722541556228 0.20066889468580484 0.021415270282886922 0.04013377893716097
0 0.7434823182993568 0.23745819204486907 0.023277467698790133 0.05351170524954796
0 0.7527933053788729 0.18645484797889367 0.01955307286698371 0.038461538148112595
0 0.7555866015027277 0.13795986509649083 0.01582867803517729 0.0317725749919191
0 0.7751396743697114 0.12458193878410384 0.01582867803517729 0.0317725749919191
0 0.7905028030509129 0.13795986509649083 0.016759776743128896 0.0317725749919191
0 0.809124777209945 0.11956521641695872 0.013035381911322474 0.028428093413822353
0 0.7984171420685016 0.1780936440336518 0.0176908754510805 0.04180601972620934
0 0.8193668629974127 0.23913043283391744 0.018621974159032106 0.05016722367145121
0 0.778398519847542 0.29431437887251377 0.02607076382264495 0.0635451499838382
0 0.7248603441403247 0.3110367867629975 0.028864059946499765 0.056856186827644706
0 0.915270029916428 0.29682274005608633 0.03165735607035458 0.06187290919478983
0 0.8654562490410171 0.22993310849415138 0.01955307286698371 0.05852842761669308
0 0.8389199358643964 0.19397993152961135 0.020484171574935317 0.046822742093354464
0 0.8314711462007836 0.14799330983078107 0.016759776743128896 0.038461538148112595
0 0.8561452619615011 0.15384615259245038 0.01396648061927408 0.04013377893716097
0 0.8710428412887268 0.17976588482270017 0.01582867803517729 0.038461538148112595
0 0.8864059699699283 0.2031772558693774 0.014897579327225685 0.04180601972620934
0 0.8938547596335411 0.1722408012719825 0.018621974159032106 0.04013377893716097
0 0.8873370686778799 0.1329431427293457 0.016759776743128896 0.03511705657001585
0 0.9185288753942586 0.20819397823652253 0.023277467698790133 0.04515050130430609
0 0.9217877208720893 0.17642140324460343 0.016759776743128896 0.0317725749919191
0 0.9194599741022103 0.15384615259245038 0.01582867803517729 0.023411371046677232
