0 0.12662866010214202 0.6303939968347549 0.026872963237110525 0.07129455916583538
0 0.07532573028584011 0.5393996252678335 0.021986969921272248 0.05816135089844465
0 0.07491856417618692 0.448405253700912 0.01791530882474035 0.056285178288817406
0 0.19421823430457152 0.46341463457793 0.01872964104404673 0.06754221394658089
0 0.2353420113795437 0.3893058164976537 0.01628664438612759 0.050656660459935665
0 0.24226383524364792 0.31425891211256385 0.01872964104404673 0.039399624802172184
0 0.1710097660543397 0.2757973736152053 0.014657979947514832 0.03752345219254494
0 0.1795602543570567 0.18761726096272469 0.013843647728208452 0.03377110697329044
0 0.1632736099709291 0.18949343357235193 0.012214983289595693 0.03001876175403595
0 0.11278501237393357 0.2120075048878789 0.015472312166821212 0.03752345219254494
0 0.03705211597844027 0.1960600377060473 0.013843647728208452 0.028142589144408703
0 0.04234527540393174 0.25891182012856007 0.014657979947514832 0.04127579741179943
0 0.19747556318179704 0.13039399636909366 0.010586318850982934 0.0318949343636632
0 0.22394136030925438 0.14352720463648438 0.011400651070289314 0.028142589144408703
0 0.24592833023052663 0.11819887440651655 0.011400651070289314 0.03752345219254494
0 0.2992670905950945 0.14540337724611163 0.010586318850982934 0.028142589144408703
0 0.30008142281440087 0.1716697937808931 0.015472312166821212 0.039399624802172184
0 0.28908793785376474 0.20637898705899715 0.013029315508902073 0.04127579741179943
0 0.31636806720052846 0.24577861186116934 0.015472312166821212 0.03752345219254494
0 0.358306176494807 0.216697936411947 0.014657979947514832 0.04315197002142668
0 0.37622148531954736 0.18105065682902932 0.014657979947514832 0.039399624802172184
0 0.4149022657366004 0.1716697937808931 0.013843647728208452 0.039399624802172184
0 0.36074917315272614 0.08724202634766698 0.009771986631676555 0.0318949343636632
0 0.40431594688561745 0.09287054417654872 0.010586318850982934 0.028142589144408703
0 0.4348534051096067 0.09662288939580321 0.011400651070289314 0.02439024392515421
0 0.4584690394694917 0.14352720463648438 0.013029315508902073 0.028142589144408703
0 0.46783385999151506 0.13414634158834815 0.012214983289595693 0.028142589144408703
0 0.4824918399390299 0.07692307699471712 0.010586318850982934 0.03001876175403595
0 0.5024429793120362 0.04315197002142668 0.013029315508902073 0.03001876175403595
0 0.5268729458912276 0.08067542221397161 0.009771986631676555 0.022514071315526962
0 0.5032573115313426 0.1801125705242157 0.013029315508902073 0.03752345219254494
0 0.4942996571189724 0.23076923098415136 0.013029315508902073 0.04127579741179943
0 0.48086317550041713 0.3048780490644276 0.01872964104404673 0.039399624802172184
0 0.5488599158124998 0.17917448421940207 0.013029315508902073 0.028142589144408703
0 0.5736970485013444 0.20637898705899715 0.015472312166821212 0.03377110697329044
0 0.5627035635407083 0.32270168885588646 0.01791530882474035 0.04878048785030842
0 0.5272801120008808 0.4849906195886433 0.026872963237110525 0.05440900567919016
0 0.6889250575331971 0.35365853691473603 0.01954397326335311 0.04690431524068117
0 0.7149836885510013 0.2851782366633415 0.014657979947514832 0.03752345219254494
0 0.6335504666203633 0.2551594749093056 0.014657979947514832 0.03001876175403595
0 0.6502442771161441 0.15103189507499337 0.010586318850982934 0.028142589144408703
0 0.5806188723654486 0.15103189507499337 0.011400651070289314 0.02439024392515421
0 0.5993485134094954 0.14634146355092525 0.011400651070289314 0.026266416534781456
0 0.6237784799886867 0.11538461549207568 0.011400651070289314 0.028142589144408703
0 0.5912051912164316 0.09756097570061684 0.009771986631676555 0.022514071315526962
0 0.7056188680289779 0.23076923098415136 0.012214983289595693 0.03377110697329044
0 0.7153908546606544 0.21857410902157426 0.010586318850982934 0.0318949343636632
0 0.7333061634853948 0.21763602271676064 0.012214983289595693 0.03001876175403595
0 0.7780944355472457 0.21482176380231977 0.013843647728208452 0.0318949343636632
0 0.8184038804029115 0.24202626664191484 0.014657979947514832 0.03752345219254494
0 0.7776872694375925 0.3724202630110085 0.02117263770196587 0.05816135089844465
0 0.8595276574778836 0.2851782366633415 0.013843647728208452 0.03377110697329044
0 0.9303745605575386 0.383677298668772 0.015472312166821212 0.039399624802172184
