0 0.2587499942164868 0.5066666789352894 0.06499999854713678 0.09000000217929482
0 0.5162499884609133 0.4958333453396335 0.06749999849125743 0.08833333547227085
0 0.7968749821884558 0.5000000121071935 0.05874999868683517 0.1000000024214387
0 0.11749999737367034 0.7708333519985899 0.07499999832361937 0.10166666912846267
0 0.1424999968148768 0.918333355570212 0.12249999726191163 0.15000000363215804
0 0.24312499456573278 0.9266666891053319 0.1487499966751784 0.14666667021811008
0 0.20312499545980245 0.8291666867444292 0.08124999818392098 0.08500000205822289
0 0.3006249932805076 0.8116666863206774 0.08124999818392098 0.10333333583548665
0 0.3868749913526699 0.8366666869260371 0.08374999812804163 0.12000000290572643
0 0.43937499017920345 0.9108333553886041 0.10874999756924808 0.16500000399537385
0 0.5368749879999086 0.8975000217324123 0.08624999807216227 0.15500000375322998
0 0.604374986491166 0.919166688923724 0.13374999701045454 0.15166667033918202
0 0.7456249833339825 0.9266666891053319 0.15124999661929905 0.14666667021811008
0 0.8187499816995114 0.8691666877130046 0.07749999826774001 0.10833333595655859
0 0.8293749814620242 0.8033333527855575 0.06874999846331775 0.09000000217929482
0 0.604374986491166 0.8166666864417493 0.07374999835155904 0.11666666949167848
0 0.5243749882793054 0.8250000199768692 0.09374999790452421 0.11333333607763052
0 0.6406249856809154 0.7608333517564461 0.0712499984074384 0.12166666961275041
0 0.8824999802745879 0.9375000227009878 0.0824999981559813 0.10833333595655859
0 0.9556249786401168 0.9233333556912839 0.08874999801628292 0.14000000339001417
0 0.9624999784864485 0.845000020461157 0.07249999837949872 0.11666666949167848
