0 0.3457808020466473 0.2366148525616154 0.016488846100401133 0.03799654566682875
0 0.371484003320802 0.271157166804187 0.023278370965272188 0.03799654566682875
0 0.41416101675713435 0.15803108765976503 0.015518913976848125 0.029360967106185853
0 0.4568380301934667 0.2210708111524582 0.021338506718166173 0.04490500851534307
0 0.4839961296529509 0.31001727032708004 0.02715809945948422 0.05354058707598597
0 0.5373423964483663 0.31951640674378723 0.03103782795369625 0.05872193421237171
0 0.5843841044406872 0.38428324594860896 0.03200776007724926 0.06044904992450029
0 0.6314258124330081 0.24438687326619402 0.023278370965272188 0.05354058707598597
0 0.6750727579928935 0.20639032759936526 0.019398642471060157 0.04663212422747165
0 0.5528613104252145 0.12348877341719344 0.01745877822395414 0.03281519853044301
0 0.5678952583402861 0.1278065626975149 0.012609117606189102 0.031088082818314433
0 0.5868089347495697 0.11485319485655054 0.01357904972974211 0.029360967106185853
0 0.7681862418539822 0.2806563032208942 0.029097963706590235 0.06390328134875745
0 0.8341416262555867 0.3065630389028229 0.02715809945948422 0.07081174419727176
0 0.8967022482247557 0.1450777198188007 0.012609117606189102 0.027633851394057274
0 0.9253152458695695 0.15371329837944359 0.011639185482636094 0.031088082818314433
