0 0.0714843760652002 0.22461752721574157 0.10703125159488991 0.19610570487566292
0 0.22070312828873284 0.29833101911935955 0.12265625182772055 0.2378303229343146
0 0.3386718800466042 0.49860918580088764 0.1726562525727786 0.3880389479454607
0 0.4148437561816536 0.2948539676144719 0.08281250123400241 0.19471488427370787
0 0.5222656327823643 0.2892906852066517 0.0898437513387762 0.2002781666815281
0 0.6714843850058969 0.3045897118281573 0.12109375180443749 0.2753824791871011
0 0.6640625098953024 0.13560500869061798 0.048437500721774995 0.09040333912707865
0 0.6886718852620106 0.10987482755444944 0.044531250663567334 0.09179415972903371
0 0.7863281367172021 0.16411683103069663 0.055468750826548785 0.12239221297204494
0 0.880078138114186 0.14673157350625843 0.058593750873114914 0.10709318635053933
0 0.9386718889873009 0.20097357698250562 0.07265625108266249 0.14047288079746068
