0 0.1028571417555213 0.5611111246980727 0.12571428436785936 0.2666666731238365
0 0.3671428532106802 0.6194444594439119 0.11142857023514807 0.2611111174337566
0 0.298571425373666 0.4444444552063942 0.07714285631664097 0.17777778208255768
0 0.3728571388637647 0.3583333420101553 0.05428571370430291 0.12777778087183833
0 0.29285713972058147 0.32500000786967576 0.042857142398133874 0.09444444673135877
0 0.3142857109196484 0.28055556234903634 0.039999999571591616 0.09444444673135877
0 0.23285714036319405 0.31666667433455586 0.04857142805121839 0.1222222251817584
0 0.18857142655178905 0.3666666755452752 0.06285714218392968 0.16666667070239782
0 0.12857142719440162 0.4055555653758347 0.09142857044935226 0.15555555932223797
0 0.45857142366003245 0.07222222397103906 0.042857142398133874 0.1000000024214387
0 0.53142856573686 0.28055556234903634 0.039999999571591616 0.09444444673135877
0 0.5614285654155537 0.28611111803911626 0.042857142398133874 0.11666666949167848
0 0.5914285650942475 0.2972222294192761 0.05142857087776065 0.12777778087183833
0 0.6342857074923813 0.2916666737291962 0.039999999571591616 0.10555555811151862
0 0.6799999927170575 0.3361111192498356 0.06285714218392968 0.15000000363215804
0 0.7142857066355646 0.2888888958841562 0.057142856530845165 0.13333333656191826
0 0.8042857056716457 0.4138888989109546 0.07714285631664097 0.17222222639247775
0 0.818571419804357 0.31666667433455586 0.042857142398133874 0.11111111380159855
0 0.774285705992952 0.2666666731238365 0.0342857139185071 0.1000000024214387
0 0.8685714192688465 0.27777778450399637 0.039999999571591616 0.11111111380159855
0 0.9285714186262339 0.27777778450399637 0.039999999571591616 0.1000000024214387
0 0.9828571323305368 0.30277778510935605 0.0342857139185071 0.09444444673135877
