0 0.0617021257057786 0.30277777242008597 0.014893616549670696 0.042592591838911176
0 0.3127659475430846 0.19814814464189112 0.014893616549670696 0.03703703638166189
0 0.3404255211353302 0.23611110693309456 0.019148935563862324 0.03888888820074499
0 0.41276594437658787 0.2370370328426361 0.019148935563862324 0.03703703638166189
0 0.41968083777464926 0.15925925644114614 0.011702127289026976 0.022222221828997135
0 0.44627658161334693 0.15925925644114614 0.009574467781931162 0.029629629105329514
0 0.4718084956984967 0.16388888598885387 0.011702127289026976 0.03148148092441261
0 0.4994680692907423 0.15925925644114614 0.01382978679612279 0.029629629105329514
0 0.49521275027655065 0.17870370054151863 0.01382978679612279 0.0351851845625788
0 0.5281914726365358 0.18888888554647565 0.01382978679612279 0.03703703638166189
0 0.5643616842571646 0.1879629596369341 0.015957446303218603 0.03888888820074499
0 0.9085106095299125 0.18703703372739255 0.012765957042574883 0.03703703638166189
0 0.8819148656912148 0.23425925511401147 0.021276595070958138 0.046296295477077365
0 0.9521276294253767 0.2092592555563897 0.012765957042574883 0.0333333327434957
0 0.9414893318898976 0.2388888846617192 0.014893616549670696 0.04444444365799427
