0 0.15736284863669425 0.2772020655684173 0.19153031730093062 0.5388600900769234
0 0.529355148319155 0.25388600397855043 0.06159768998622894 0.17098445165902376
0 0.5741097199497744 0.7020725212059915 0.12993262731470168 0.3264248622581363
0 0.7069297389825806 0.7629533486906439 0.12800769950263202 0.4015543940477073
0 0.6313763223588467 0.44689118047244847 0.05197305092588067 0.14248704304918647
0 0.6164581318153068 0.3406735665630549 0.039461020147427917 0.1217616549693048
0 0.6968238679692149 0.21891191159375012 0.04427333967760205 0.11658030794933438
0 0.7179980739019811 0.3898963632527739 0.03849855624139309 0.09585491986945271
0 0.7338787283515558 0.4624352215323597 0.04138594795949757 0.1217616549693048
0 0.7718960526399314 0.4507771907374263 0.04619826748967171 0.1554404105991125
0 0.8508180929347873 0.2150259013287723 0.05967276217415929 0.1813471456989646
0 0.927333973464556 0.22020724834874272 0.077959576388821 0.25388600397855043
