0 0.07833333523012698 0.27749999379739165 0.10166666912846267 0.16749999625608325
0 0.1683333374094218 0.24812499445397407 0.1066666692495346 0.17374999611638486
0 0.47708334488561377 0.33124999259598553 0.18750000454019755 0.3299999926239252
0 0.14208333677379414 0.7299999836832285 0.16583333734888583 0.2649999940767884
0 0.21625000523636118 0.8706249805400148 0.19250000466126949 0.2512499943841249
0 0.6245833484572358 0.6974999844096601 0.17250000417698175 0.29499999340623617
0 0.6070833480334841 0.3012499932665378 0.11083333601709455 0.2024999954737723
0 0.8137500197044574 0.4818749892292544 0.1308333365013823 0.21874999511055648
0 0.838333353633061 0.7768749826354906 0.1833333377726376 0.31124999304302037
0 0.9262500224285759 0.7912499823141843 0.14250000345055014 0.23249999480322003
0 0.7950000192504376 0.4287499904166907 0.1300000031478703 0.2249999949708581
