0 0.029742324783001095 0.46381579292938113 0.029331140569411218 0.04934210563078523
0 0.05304276355309412 0.4712171087739989 0.030975877423770726 0.04111842135898769
0 0.09169407963054255 0.4973273063369561 0.04248903540428728 0.056332237261813134
0 0.11951754475012422 0.5082236879970878 0.04989035124890506 0.07401315844617784
0 0.15172697481466457 0.4434621743566822 0.030975877423770726 0.039062500291038305
0 0.17393092234851792 0.46278783239540644 0.028782894951291382 0.04317434242693707
0 0.18530701892450452 0.5524259909579996 0.04989035124890506 0.07195723737822846
0 0.2926260986714624 0.48951480627874844 0.04248903540428728 0.05550986883463338
0 0.34457237098831683 0.5034950695408043 0.04385964944958687 0.058799342543352395
0 0.41625548555748537 0.5261102012882475 0.05016447405796498 0.06702302681514993
0 0.5738761007669382 0.561060859443387 0.04194078978616744 0.058799342543352395
0 0.5320723723853007 0.44531250331783667 0.024122807197272778 0.03700657922308892
0 0.5951206184690818 0.46381579292938113 0.024122807197272778 0.04523026349488646
0 0.7072368473745883 0.4202302662888542 0.027412280905991793 0.044407895067706704
0 0.9544956211466342 0.5923108596762177 0.08223684271797538 0.13363486941671
