0 0.10470588077441789 0.5418994254432619 0.04470588167896494 0.10893854429014027
0 0.21176470268983394 0.34986032493179664 0.015686274273321033 0.03212290408555418
0 0.2796078389219474 0.30446926481090486 0.016470587986987084 0.03910614410415292
0 0.25607842751196586 0.3400837889057584 0.014901960559654981 0.03770949610043317
0 0.28784313291544095 0.3568435649503954 0.020392156555317342 0.040502792107872665
0 0.349803916295059 0.2898044607718475 0.017254901700653136 0.02932960807811469
0 0.3862745039805304 0.2534916126751341 0.016470587986987084 0.03212290408555418
0 0.4113725428178441 0.2506983166676946 0.0243137251236476 0.03491620009299368
0 0.440392150223488 0.25209496467141435 0.021176470268983394 0.03770949610043317
0 0.45647058135364205 0.23812848463421687 0.015686274273321033 0.026536312070675194
0 0.3298039165965747 0.358938536955975 0.0243137251236476 0.04189944011159241
0 0.3466666614403948 0.3372904928983189 0.02352941140998155 0.03491620009299368
0 0.38039215112803504 0.32332401286112145 0.015686274273321033 0.03212290408555418
0 0.39607842540135607 0.298184348794166 0.012549019418656826 0.03491620009299368
0 0.42588234652066603 0.2793296007439494 0.025098038837313652 0.03351955208927393
0 0.46431371849030256 0.2688547407160513 0.01882352912798524 0.02932960807811469
0 0.4007843076833524 0.3400837889057584 0.015686274273321033 0.03212290408555418
0 0.42431371909333393 0.34427373291691765 0.017254901700653136 0.03212290408555418
0 0.47921567904995754 0.26745809271233156 0.017254901700653136 0.04329608811531216
0 0.4905882278981153 0.25488826067885384 0.021176470268983394 0.04329608811531216
0 0.5125490118807647 0.2723463607253507 0.014901960559654981 0.03351955208927393
0 0.5454901878547389 0.2192737365840003 0.013333333132322878 0.022346368059515953
0 0.5407843055727426 0.2765363047365099 0.018039215414319187 0.03351955208927393
0 0.5603921484143939 0.2611731766955927 0.018039215414319187 0.036312848096713424
0 0.5862745009653736 0.22555865260073915 0.010196078277658671 0.026536312070675194
0 0.592549010674702 0.2081005525542423 0.011764705704990774 0.030726256081834435
0 0.45058822850114666 0.31843574484810233 0.018039215414319187 0.036312848096713424
0 0.42745097394799814 0.31215082883136347 0.026666666264645755 0.040502792107872665
0 0.4921568553254474 0.3226256888592616 0.022745097696315497 0.03910614410415292
0 0.6298039120738395 0.22835194860817865 0.020392156555317342 0.03491620009299368
0 0.6486274412018247 0.2297485966118984 0.01882352912798524 0.0237430160632357
0 0.6615686174773145 0.22486032859887928 0.01960784284165129 0.02793296007439494
0 0.6109803829458542 0.24650837265653536 0.015686274273321033 0.026536312070675194
0 0.6133333240868524 0.29888267279602587 0.017254901700653136 0.03351955208927393
0 0.5760784226877149 0.32053071685368195 0.01960784284165129 0.03491620009299368
0 0.5439215604274068 0.347765352926217 0.022745097696315497 0.044692736119031906
0 0.4513725422148127 0.408519541088026 0.025882352550979704 0.054469272145070136
0 0.5286274430109188 0.3987430050619878 0.02823529369197786 0.05167597613763064
0 0.5584313641302288 0.43086590914754197 0.02823529369197786 0.0712290481897071
0 0.6337254806421697 0.3268156328704208 0.020392156555317342 0.036312848096713424
0 0.6172548926551826 0.4594971932237968 0.029803921119309962 0.05586592014878988
0 0.6454901863471605 0.36592177697457373 0.021960783982649446 0.050279328133910894
0 0.6647058723319788 0.3435754089150578 0.022745097696315497 0.03910614410415292
0 0.652941166626988 0.26745809271233156 0.013333333132322878 0.03212290408555418
0 0.6847058720304631 0.2632681487011723 0.015686274273321033 0.03491620009299368
0 0.7262744988547638 0.231843568617478 0.021960783982649446 0.036312848096713424
0 0.7117646951519419 0.24930166866397485 0.021176470268983394 0.03770949610043317
0 0.7113725382951088 0.27025138871977106 0.026666666264645755 0.03770949610043317
0 0.6972548914491199 0.29189943277742714 0.017254901700653136 0.03351955208927393
0 0.7572548905445728 0.23673183663049713 0.01960784284165129 0.02932960807811469
0 0.7482352828374133 0.2660614447086118 0.02352941140998155 0.03770949610043317
0 0.7333333222777583 0.2960893767885864 0.020392156555317342 0.04189944011159241
0 0.7203921460022684 0.40223462507128716 0.036862744542304426 0.05865921615622938
0 0.6866666563146282 0.5020949573372491 0.036862744542304426 0.0740223441971466
0 0.7709803805337287 0.30726256081834435 0.01411764684598893 0.044692736119031906
0 0.79058822337538 0.27025138871977106 0.017254901700653136 0.03770949610043317
0 0.8109803799306974 0.26256982469931245 0.017254901700653136 0.03351955208927393
0 0.8298039090586826 0.26466479670489207 0.015686274273321033 0.03212290408555418
0 0.8447058696183376 0.25977652869187295 0.01411764684598893 0.03351955208927393
0 0.8117646936443634 0.31005585682578385 0.020392156555317342 0.044692736119031906
0 0.7945097919437103 0.3379888169001788 0.020392156555317342 0.050279328133910894
0 0.7756862628157251 0.37081004498759285 0.029803921119309962 0.060055864159949124
0 0.7670588119653985 0.4162011051084846 0.029803921119309962 0.06145251216366887
0 0.7776470470998902 0.5384078054339625 0.036862744542304426 0.08240223221946508
0 0.8160784190695267 0.43156423314940184 0.02901960740564391 0.05865921615622938
0 0.8329411639133468 0.3749999889987521 0.01882352912798524 0.05726256815250963
0 0.8447058696183376 0.347765352926217 0.02352941140998155 0.05307262414135039
0 0.8607843007484917 0.33100557688158005 0.018039215414319187 0.036312848096713424
0 0.8639215556031559 0.2877094887662679 0.022745097696315497 0.03910614410415292
0 0.8996078295749612 0.27583798073465005 0.015686274273321033 0.03212290408555418
0 0.8949019472929649 0.33170390088343993 0.012549019418656826 0.02932960807811469
0 0.8862744964426383 0.39175976504338905 0.017254901700653136 0.03491620009299368
0 0.8780392024491448 0.4671787572442554 0.03529411711497232 0.0684357521822676
0 0.5086274433124345 0.24231842864537612 0.013333333132322878 0.020949720055796206
0 0.5811764618265443 0.25698323268443346 0.02352941140998155 0.03351955208927393
0 0.6050980300933588 0.21857541258214042 0.013333333132322878 0.03212290408555418
