0 0.6644345361855812 0.39444445399567485 0.03125000058207661 0.05111111234873533
0 0.4650297705666162 0.7211111285723746 0.12351190706249326 0.20222222711890936
0 0.3058035771246068 0.6377777932211757 0.09970238280948251 0.14666667021811008
0 0.02901785768335685 0.41111112106591463 0.05505952483508736 0.08888889104127884
0 0.07291666802484542 0.4133333433419466 0.059523810632526875 0.10222222469747066
0 0.11532738310052082 0.3222222300246358 0.043154762708581984 0.06666666828095913
0 0.34002976823830977 0.3466666750609875 0.02529761951882392 0.04000000096857548
0 0.4441964368452318 0.35666667530313134 0.019345238455571234 0.033333334140479565
0 0.3005952436942607 0.2922222292982042 0.029761905316263437 0.04666666779667139
0 0.26190476678311825 0.17222222639247775 0.02380952425301075 0.03777777869254351
0 0.2068452419480309 0.27888889564201236 0.026785714784637094 0.04222222324460745
0 0.13095238339155912 0.19444444915279746 0.026785714784637094 0.04222222324460745
0 0.08110119198681787 0.25000000605359674 0.03125000058207661 0.05111111234873533
0 0.05357142956927419 0.12777778087183833 0.026785714784637094 0.04222222324460745
0 0.046875000873114914 0.06222222372889519 0.022321428987197578 0.04000000096857548
0 0.06696428696159273 0.028888889588415623 0.020833333721384406 0.04000000096857548
