0 0.15853658551350236 0.47306396171916276 0.04127579741179943 0.08080807887017727
0 0.24624765501357615 0.2584175022202544 0.017823639791458845 0.03198653121944517
0 0.26594746741466224 0.26683501043589786 0.019699812401086092 0.03872053779195994
0 0.2879924955777824 0.25252524646930397 0.020637898705899715 0.04377104272134602
0 0.2912757976446301 0.29713804001221433 0.025328330229967833 0.045454544364474714
0 0.31425891211256385 0.21969696442829445 0.01876172609627247 0.035353534505702555
0 0.3447467170190066 0.26346800714964047 0.023452157620340586 0.035353534505702555
0 0.38320825551636517 0.2803030235809274 0.02720450283959508 0.0488215476507321
0 0.37007504724897444 0.2626262563280761 0.0159474671818316 0.03367003286257386
0 0.35787992528639734 0.21296295785577968 0.023452157620340586 0.03872053779195994
0 0.34193245810456574 0.20538720046170056 0.0159474671818316 0.03367003286257386
0 0.3799249534495175 0.1843434299225919 0.01876172609627247 0.03872053779195994
0 0.39024390280246735 0.21296295785577968 0.01876172609627247 0.03872053779195994
0 0.42636022553779185 0.23737373168114573 0.02157598501071334 0.04377104272134602
0 0.4282363981474191 0.18686868238728493 0.017823639791458845 0.04377104272134602
0 0.4038461542222649 0.17845117417164147 0.017823639791458845 0.03703703614883125
0 0.473264540778473 0.22895622346550226 0.023452157620340586 0.04377104272134602
0 0.48733583535067737 0.19781144306762144 0.017823639791458845 0.03872053779195994
0 0.46716697979718447 0.18350167910102755 0.01876172609627247 0.04377104272134602
0 0.4554409009870142 0.15404040034627542 0.0159474671818316 0.03198653121944517
0 0.44183864956721663 0.15488215116783977 0.015009380877017975 0.030303029576316476
0 0.4756097565405071 0.1338383806287311 0.013133208267390728 0.03198653121944517
0 0.48592870589345694 0.14898989541688934 0.015009380877017975 0.028619527933187783
0 0.5211069423239678 0.20707070210482925 0.023452157620340586 0.04713804600760341
0 0.5220450286287814 0.170033665955998 0.017823639791458845 0.03367003286257386
0 0.5417448410298675 0.15404040034627542 0.0159474671818316 0.035353534505702555
0 0.5436210136394948 0.1228956199483946 0.012195121962577105 0.02693602629005909
0 0.5576923082116991 0.14141413802281022 0.012195121962577105 0.030303029576316476
0 0.5628517828881741 0.16666666266974062 0.01688555348664522 0.03367003286257386
0 0.5773921206127852 0.12794612487778068 0.014071294572204351 0.030303029576316476
0 0.5895872425753623 0.13468013145029545 0.014071294572204351 0.030303029576316476
0 0.6121013138908893 0.13804713473655283 0.014071294572204351 0.02693602629005909
0 0.6158536591101438 0.11700336419744417 0.0159474671818316 0.035353534505702555
0 0.6322701694443822 0.13804713473655283 0.01876172609627247 0.03703703614883125
0 0.6590056291315705 0.1212121183052659 0.014071294572204351 0.03367003286257386
0 0.5211069423239678 0.2946127875475213 0.03283302066847682 0.057239055866375566
0 0.545497186249122 0.2457912398967892 0.02720450283959508 0.04713804600760341
0 0.5731707322411239 0.2861952793318778 0.03001876175403595 0.06060605915263295
0 0.6191369611769915 0.30303029576316476 0.03001876175403595 0.06397306243889034
0 0.6181988748721778 0.2348484792164527 0.022514071315526962 0.052188550936989486
0 0.62523452215828 0.19612794142449275 0.02157598501071334 0.04208754107821733
0 0.6632270175032318 0.26851851207902655 0.03001876175403595 0.062289560795761645
0 0.6707317079417408 0.20875420374795794 0.022514071315526962 0.04713804600760341
0 0.6571294565219432 0.17929292499320582 0.017823639791458845 0.045454544364474714
0 0.6810506572946906 0.14898989541688934 0.01688555348664522 0.03872053779195994
0 0.6923076929524541 0.17676767252851278 0.020637898705899715 0.04377104272134602
0 0.7007504696957767 0.22811447264393792 0.020637898705899715 0.052188550936989486
0 0.7288930588401854 0.191919187316671 0.020637898705899715 0.04377104272134602
0 0.7171669800300151 0.16329965938348323 0.014071294572204351 0.03703703614883125
0 0.7073170738294721 0.13131312816403806 0.01688555348664522 0.03703703614883125
0 0.7251407136209309 0.13047137734247372 0.015009380877017975 0.03872053779195994
0 0.737335835583508 0.14141413802281022 0.013133208267390728 0.03367003286257386
0 0.7645403384231031 0.18939393485197797 0.020637898705899715 0.04208754107821733
0 0.7589118205942214 0.23232322675175965 0.022514071315526962 0.057239055866375566
0 0.7579737342894077 0.15656565281096846 0.01688555348664522 0.040404039435088634
0 0.7743902446236461 0.14393939048750326 0.014071294572204351 0.035353534505702555
0 0.794559100177139 0.16329965938348323 0.01876172609627247 0.040404039435088634
0 0.8264540345408022 0.1498316462384537 0.020637898705899715 0.03703703614883125
0 0.8372420270461589 0.18686868238728493 0.0159474671818316 0.040404039435088634
0 0.8513133216183633 0.16414141020504758 0.0159474671818316 0.035353534505702555
0 0.8752345223911107 0.17592592170694843 0.015009380877017975 0.04208754107821733
0 0.8864915580488741 0.15488215116783977 0.01688555348664522 0.03703703614883125
0 0.8175422146450728 0.22474746935768053 0.019699812401086092 0.0488215476507321
0 0.7659474678803235 0.2946127875475213 0.025328330229967833 0.06060605915263295
0 0.7082551601342857 0.28451177768874913 0.02439024392515421 0.05387205258011818
0 0.8297373366076499 0.3324915745179169 0.02720450283959508 0.062289560795761645
0 0.8499061921611428 0.2643097579712048 0.02439024392515421 0.057239055866375566
0 0.9310506575275213 0.2567340005771257 0.023452157620340586 0.052188550936989486
0 0.9122889314312488 0.24158248578896746 0.019699812401086092 0.052188550936989486
