0 0.49500001198612154 0.613333348184824 0.076666668523103 0.11111111380159855
0 0.6400000154972076 0.5655555692501366 0.05000000121071935 0.1000000024214387
0 0.5916666809935123 0.5222222348675132 0.043333334382623434 0.06222222372889519
0 0.6375000154366717 0.4688889002427459 0.02833333401940763 0.035555556416511536
0 0.6791666831122711 0.48666667845100164 0.02833333401940763 0.04888889007270336
0 0.7016666836570948 0.47000001138076186 0.02666666731238365 0.03777777869254351
0 0.7591666850494221 0.4911111230030656 0.031666667433455586 0.04000000096857548
0 0.7750000187661499 0.5566666801460087 0.04666666779667139 0.0688888905569911
0 0.8566666874103248 0.5255555682815611 0.043333334382623434 0.06444444600492716
0 0.8875000214902684 0.5000000121071935 0.02833333401940763 0.04444444552063942
0 0.920833355630748 0.48777778958901763 0.025000000605359674 0.04222222324460745
0 0.5558333467924967 0.48000001162290573 0.02833333401940763 0.04888889007270336
0 0.5583333468530327 0.4522222331725061 0.023333333898335695 0.033333334140479565
0 0.534166679601185 0.4522222331725061 0.025000000605359674 0.03777777869254351
0 0.4658333446132019 0.49333334527909756 0.031666667433455586 0.04444444552063942
0 0.460000011138618 0.46222223341464996 0.023333333898335695 0.035555556416511536
0 0.48666667845100164 0.46333334455266595 0.023333333898335695 0.033333334140479565
0 0.380833342554979 0.4533333443105221 0.02833333401940763 0.04000000096857548
0 0.41666667675599456 0.457777788862586 0.013333333656191826 0.031111111864447594
0 0.3591666753636673 0.4733333447948098 0.02833333401940763 0.04444444552063942
0 0.32666667457669973 0.5000000121071935 0.03666666755452752 0.06222222372889519
0 0.25750000623520464 0.5488889021798968 0.051666667917743325 0.08888889104127884
0 0.23333333898335695 0.4966666786931455 0.043333334382623434 0.05111111234873533
0 0.22083333868067712 0.4522222331725061 0.02833333401940763 0.033333334140479565
0 0.2608333396492526 0.4366666772402823 0.025000000605359674 0.04222222324460745
0 0.29416667378973216 0.4666666779667139 0.025000000605359674 0.04444444552063942
0 0.3133333409205079 0.38777778716757894 0.013333333656191826 0.028888889588415623
0 0.18250000441912562 0.43222223268821836 0.021666667191311717 0.03777777869254351
0 0.16416667064186186 0.4344444549642503 0.025000000605359674 0.04222222324460745
0 0.13333333656191826 0.458888900000602 0.03666666755452752 0.04666666779667139
0 0.153333337046206 0.5188889014534652 0.043333334382623434 0.07777777966111898
0 0.07166666840203106 0.49333334527909756 0.04666666779667139 0.06222222372889519
0 0.08750000211875886 0.44777778862044215 0.02833333401940763 0.04666666779667139
0 0.06416666822042316 0.37222223123535514 0.025000000605359674 0.028888889588415623
