0 0.07545271364506334 0.22656250337604433 0.0865191116463393 0.13437500200234354
0 0.16599597001913935 0.4296875064028427 0.09054325637407601 0.14687500218860805
0 0.26156940730288625 0.29062500433064997 0.06438631564378738 0.10625000158324838
0 0.24748490075580776 0.4296875064028427 0.08048289455473423 0.14687500218860805
0 0.3722333873156458 0.40468750603031367 0.0684104603715241 0.1093750016298145
0 0.39235411095432937 0.34062500507570803 0.06036217091605067 0.12500000186264515
0 0.45271628187038004 0.43125000642612576 0.05231388146057725 0.11250000167638063
0 0.5362172849709168 0.3234375048195943 0.05835009855218232 0.1093750016298145
0 0.5533199000637978 0.44531250663567334 0.07243460509926081 0.12812500190921128
0 0.6156941433437169 0.4296875064028427 0.04828973673284054 0.10312500153668225
0 0.6156941433437169 0.30468750454019755 0.07243460509926081 0.11562500172294676
0 0.6991951464442536 0.2984375044470653 0.05835009855218232 0.11562500172294676
0 0.7857142580905929 0.25156250374857336 0.0865191116463393 0.1406250020954758
0 0.8792756230104715 0.3593750053551048 0.0684104603715241 0.11875000176951289
0 0.08048289455473423 0.36562500544823706 0.06438631564378738 0.11250000167638063
0 0.14386317401658744 0.3421875050989911 0.07042253273539245 0.1093750016298145
