0 0.12958434858592227 0.549192356178537 0.044009778765030205 0.07635829551145434
0 0.22004889382515103 0.36343611805932596 0.017929909867234528 0.02790014643687755
0 0.2885085496818647 0.3788546200376004 0.019559901673346758 0.04111600527539849
0 0.3198858919495251 0.3986784082953818 0.025264872994739562 0.045521291554905474
0 0.2921760312456172 0.3443465441814624 0.022004889382515103 0.03377386147622019
0 0.2856560640211683 0.3105726827052422 0.017114913964178413 0.03377386147622019
0 0.35289322602329776 0.3421439010417089 0.017929909867234528 0.04111600527539849
0 0.35778320144163445 0.29955946700647473 0.017929909867234528 0.02936857519671321
0 0.3801955887756776 0.3421439010417089 0.015484922158066183 0.044052862795069814
0 0.40383046996430494 0.33920704352203757 0.020374897576402873 0.04111600527539849
0 0.3850855641940143 0.28046989312861115 0.015484922158066183 0.03524229023605585
0 0.4034229720127769 0.2819383218884468 0.013039934448897839 0.02936857519671321
0 0.4107579351402819 0.29955946700647473 0.014669926255010068 0.03524229023605585
0 0.44009778765030205 0.2701908918097615 0.014669926255010068 0.03230543271638453
0 0.44865524463239126 0.2599118904909119 0.013854930351953954 0.02936857519671321
0 0.44091278355335817 0.30469896766589954 0.021189893479458988 0.04258443403523415
0 0.4559902077598963 0.3428781154216267 0.022004889382515103 0.04258443403523415
0 0.4686226442572661 0.315712183364667 0.017929909867234528 0.04111600527539849
0 0.45843519546906464 0.281204107508529 0.013854930351953954 0.03083700395654887
0 0.47066013401490636 0.23715124471345916 0.013854930351953954 0.024963288917206228
0 0.46780764835420996 0.26138031925074756 0.013039934448897839 0.03230543271638453
0 0.48207007665769197 0.28487517940811813 0.015484922158066183 0.03817914775572717
0 0.5134474189253524 0.32232011278392747 0.019559901673346758 0.04258443403523415
0 0.47188262786949053 0.4052863377146423 0.030969844316132367 0.06754772295244038
0 0.5293398390349466 0.4221732684527524 0.025264872994739562 0.05726872163359076
0 0.5313773287925869 0.37298090499825776 0.024449877091683447 0.046989720314741135
0 0.5142624148284085 0.2569750329712406 0.013039934448897839 0.026431717677041888
0 0.5236348677135538 0.281204107508529 0.015484922158066183 0.03377386147622019
0 0.546047255047597 0.24889867479214445 0.014669926255010068 0.03083700395654887
0 0.5574571976903826 0.27826724998885766 0.016299918061122298 0.03377386147622019
0 0.5717196259938646 0.2694566774298437 0.013854930351953954 0.03964757651556283
0 0.5717196259938646 0.24596181727247313 0.013854930351953954 0.024963288917206228
0 0.5554197079327423 0.22687224339460954 0.012224938545841724 0.024963288917206228
0 0.5737571157515049 0.22246695711510256 0.013039934448897839 0.024963288917206228
0 0.6006519805523567 0.2525697466917336 0.013039934448897839 0.02936857519671321
0 0.6112469272920862 0.20704845513682812 0.013039934448897839 0.026431717677041888
0 0.6246943596925121 0.21806167083559558 0.013854930351953954 0.024963288917206228
0 0.6430317675112747 0.2599118904909119 0.014669926255010068 0.03230543271638453
0 0.6577016937662847 0.2187958852155134 0.011409942642785609 0.026431717677041888
0 0.6707416282151826 0.22980910091428086 0.011409942642785609 0.02790014643687755
0 0.6813365749549121 0.22540381463477388 0.011409942642785609 0.02790014643687755
0 0.702526468434371 0.26064610487082973 0.017929909867234528 0.03964757651556283
0 0.5961695030855481 0.33406754286261275 0.022004889382515103 0.03964757651556283
0 0.5920945235702675 0.39941262267529964 0.028524856606964022 0.049926577834412456
0 0.5717196259938646 0.4618208449683152 0.03341483202530071 0.06901615171227604
0 0.6369192982383538 0.501468421483878 0.03667481563752517 0.07195300923194736
0 0.7008964766282588 0.5550660712178797 0.034229827928356826 0.07929515303112566
0 0.6621841712330934 0.393538907635957 0.025264872994739562 0.05873715039342642
0 0.6858190524217207 0.3759177625179291 0.020374897576402873 0.044052862795069814
0 0.7106764274649322 0.4273127691121772 0.026079868897795677 0.05873715039342642
0 0.7775060915155336 0.44860498612979427 0.029339852510020137 0.05726872163359076
0 0.801140972704161 0.3693098330986686 0.024449877091683447 0.051395006594248116
0 0.6336593146261293 0.3083700395654887 0.018744905770290643 0.03817914775572717
0 0.6434392654628027 0.3421439010417089 0.022004889382515103 0.04111600527539849
0 0.6780765913426876 0.3281938278232701 0.022819885285571218 0.03671071899589151
0 0.6678891425544862 0.2819383218884468 0.015484922158066183 0.03524229023605585
0 0.7110839254164603 0.30249632452614605 0.018744905770290643 0.03817914775572717
0 0.7298288311867509 0.2474302460323088 0.013854930351953954 0.03671071899589151
0 0.7396087820234243 0.2474302460323088 0.015484922158066183 0.03671071899589151
0 0.7485737369570415 0.22907488653436303 0.012224938545841724 0.02936857519671321
0 0.7766910956124775 0.2305433152941987 0.013039934448897839 0.03230543271638453
0 0.7770985935640056 0.27533039246918634 0.013854930351953954 0.03671071899589151
0 0.7632436632120516 0.2914831088273786 0.017114913964178413 0.04258443403523415
0 0.7999184788495768 0.2599118904909119 0.013854930351953954 0.026431717677041888
0 0.8341483067779336 0.26798824867000803 0.012224938545841724 0.03083700395654887
0 0.8092909317347221 0.2790014643687755 0.014669926255010068 0.02936857519671321
0 0.8072534419770818 0.3083700395654887 0.015484922158066183 0.044052862795069814
0 0.8410757719539106 0.30763582518557087 0.014669926255010068 0.04258443403523415
0 0.8549307023058645 0.31204111146507785 0.013039934448897839 0.03377386147622019
0 0.8553382002573926 0.2745961780892685 0.012224938545841724 0.03817914775572717
0 0.8700081265124027 0.26358296239050105 0.010594946739729494 0.03377386147622019
0 0.8822330650582444 0.2870778225478716 0.017114913964178413 0.03964757651556283
0 0.9250203499686904 0.2966226094868034 0.013039934448897839 0.023494860157370567
0 0.9286878315324429 0.30983846832532436 0.013854930351953954 0.03230543271638453
0 0.9356152967084199 0.3281938278232701 0.016299918061122298 0.03671071899589151
0 0.9193153786472976 0.3399412579019554 0.016299918061122298 0.03377386147622019
0 0.9225753622595221 0.3619676892994903 0.016299918061122298 0.03964757651556283
0 0.8985329831193667 0.34140968666179106 0.017114913964178413 0.04258443403523415
0 0.8700081265124027 0.3810572631773539 0.022004889382515103 0.05433186411391944
0 0.8773430896399077 0.4207048396929167 0.025264872994739562 0.05433186411391944
0 0.8488182330329437 0.40895740961423144 0.018744905770290643 0.051395006594248116
0 0.9103504237136804 0.4809104188461788 0.027709860703907907 0.06901615171227604
0 0.8402607760508545 0.45814977306872606 0.027709860703907907 0.0558002928737551
0 0.794213507528184 0.5822320032748394 0.026894864800851792 0.07488986675161868
