0 0.07367149836500175 0.5126939520705491 0.037842190416995436 0.08603667421266437
0 0.21940418911981396 0.3617771628778428 0.02012882468989119 0.03244005749002099
0 0.267310791881755 0.3469675714150071 0.020933977677486837 0.033850494772195816
0 0.294685993460007 0.36459803744219244 0.020933977677486837 0.03808180661872029
0 0.33051530140801333 0.36459803744219244 0.02334943664027378 0.03526093205437064
0 0.2862318870902527 0.30465445294976234 0.015297906764317304 0.028208745643496513
0 0.3603059619490523 0.3293371053878218 0.012077294813934714 0.021156559232622385
0 0.38486312807071954 0.3448519154917449 0.022544283652678132 0.03244005749002099
0 0.3574879264924675 0.29407617333345115 0.019323671702295542 0.03526093205437064
0 0.40901771769858897 0.3455571341328323 0.014492753776721656 0.033850494772195816
0 0.443236719671404 0.3448519154917449 0.015297906764317304 0.03244005749002099
0 0.4057971057482064 0.307475327514112 0.022544283652678132 0.025387871079146862
0 0.40499195276061073 0.2799718005117029 0.01610305975191295 0.018335684668272734
0 0.39492754041566513 0.2595204599201679 0.013687600789126009 0.02256699651479721
0 0.4420289901900105 0.31029620207846165 0.019323671702295542 0.031029620207846165
0 0.4468599081155844 0.2686883022543043 0.019323671702295542 0.02961918292567134
0 0.42713365991949104 0.263046553125605 0.021739130665082484 0.03244005749002099
0 0.49879227581550367 0.3942172203678638 0.02334943664027378 0.0493653048761189
0 0.5462963020836469 0.40832159318961203 0.024959742615465075 0.04654443031176925
0 0.5362318897387013 0.35472497646696866 0.024154589627869427 0.03808180661872029
0 0.5016103112720884 0.3300423240289092 0.027375201578252017 0.04513399302959442
0 0.45933977942331694 0.3138222952838987 0.0169082127395086 0.03808180661872029
0 0.5024154642596841 0.2644569904077798 0.01610305975191295 0.02961918292567134
0 0.5797101510688663 0.2905500801280141 0.014492753776721656 0.028208745643496513
0 0.5950080578331836 0.3307475426699966 0.017713365727104247 0.03808180661872029
0 0.6429146605951246 0.33709451043978333 0.02012882468989119 0.04231311846524477
0 0.6908212633570656 0.34273625956848264 0.019323671702295542 0.04231311846524477
0 0.6513687669648789 0.3801128475461155 0.020933977677486837 0.03526093205437064
0 0.6139291530416813 0.43582512019202113 0.02657004859065637 0.04231311846524477
0 0.6086956586223096 0.37517631705850363 0.022544283652678132 0.04513399302959442
0 0.5326087012945209 0.25599436671473086 0.008856682863552123 0.021156559232622385
0 0.5189211005053949 0.29901270382106304 0.012077294813934714 0.028208745643496513
0 0.5193236769991927 0.23765868204645813 0.012882447801530361 0.023977433796972036
0 0.4673913092992734 0.24471086845733225 0.012077294813934714 0.023977433796972036
0 0.5471014550712425 0.23342737019993365 0.012077294813934714 0.026798308361321688
0 0.6034621642029379 0.23201693291775882 0.012077294813934714 0.026798308361321688
0 0.6078905056347139 0.2087447177618742 0.012882447801530361 0.01974612195044756
0 0.5958132108207792 0.2581100226379931 0.012882447801530361 0.02256699651479721
0 0.6268116008432116 0.25599436671473086 0.013687600789126009 0.026798308361321688
0 0.5748792331432924 0.24612130573950708 0.011272141826339066 0.021156559232622385
0 0.6698872856795788 0.23765868204645813 0.008051529875956476 0.023977433796972036
0 0.6823671569873113 0.230606495635584 0.010466988838743418 0.021156559232622385
0 0.6747182036051527 0.2686883022543043 0.012882447801530361 0.03244005749002099
0 0.7000805227144156 0.2595204599201679 0.012077294813934714 0.028208745643496513
0 0.7367149836500175 0.22849083971232176 0.009661835851147771 0.028208745643496513
0 0.7717391386104282 0.24400564981624484 0.010466988838743418 0.025387871079146862
0 0.8031401051266585 0.2517630548682064 0.013687600789126009 0.023977433796972036
0 0.8309178831987083 0.2651622090488672 0.009661835851147771 0.031029620207846165
0 0.8667471911467146 0.2644569904077798 0.007246376888360828 0.03244005749002099
0 0.8446054839878343 0.28208745643496513 0.011272141826339066 0.031029620207846165
0 0.856682778801769 0.28349789371713996 0.009661835851147771 0.031029620207846165
0 0.8844605568738189 0.28772920556366444 0.013687600789126009 0.04231311846524477
0 0.8715781090722885 0.32792666810564697 0.0169082127395086 0.03526093205437064
0 0.8381642600870691 0.3180536071304232 0.01610305975191295 0.02961918292567134
0 0.8095813290274236 0.30606489023193717 0.015297906764317304 0.025387871079146862
0 0.7564412318461109 0.2898448614869267 0.015297906764317304 0.03244005749002099
0 0.7185990414291155 0.2976022665388882 0.015297906764317304 0.031029620207846165
0 0.8152173999405932 0.3455571341328323 0.015297906764317304 0.03949224390089512
0 0.799516916682478 0.372355442494154 0.019323671702295542 0.04231311846524477
0 0.8474235194444191 0.3836389407515526 0.015297906764317304 0.03949224390089512
0 0.8832528273924254 0.40338506270200014 0.017713365727104247 0.03667136933654547
0 0.8365539541118778 0.4386459947563708 0.017713365727104247 0.04231311846524477
0 0.7665056441910565 0.4456981811672449 0.017713365727104247 0.053596616722643375
0 0.7222222298732959 0.3956276576500386 0.01610305975191295 0.04654443031176925
0 0.6578099908656441 0.440761650679633 0.028985507553443313 0.04654443031176925
0 0.6988727932330221 0.5416079163551331 0.0322061195038259 0.07334273867309093
0 0.8188405883847736 0.52609310625121 0.028985507553443313 0.05641749128699303
0 0.9174718293652404 0.35401975782588124 0.012077294813934714 0.033850494772195816
0 0.9259259357349947 0.2757404886651784 0.009661835851147771 0.023977433796972036
0 0.8953301222063601 0.4619182099122554 0.019323671702295542 0.04654443031176925
0 0.8486312489258125 0.3511988832615316 0.022544283652678132 0.028208745643496513
0 0.6276167538308073 0.3025387970265001 0.021739130665082484 0.03808180661872029
0 0.7302737597492523 0.2743300513830036 0.012882447801530361 0.03526093205437064
0 0.7278583007864654 0.24964739894494414 0.014492753776721656 0.033850494772195816
0 0.7669082206848543 0.26657264633104205 0.012077294813934714 0.04231311846524477
0 0.6300322127935942 0.23977433796972036 0.015297906764317304 0.031029620207846165
0 0.5732689271681011 0.22778562107123435 0.017713365727104247 0.023977433796972036
0 0.6590177203470375 0.22708040243014693 0.010466988838743418 0.028208745643496513
0 0.8111916350026149 0.28208745643496513 0.015297906764317304 0.031029620207846165
