0 0.32401574682444334 0.21468532300787047 0.014960629865527153 0.026573427603580058
0 0.34763779398053885 0.21818182663992047 0.014960629865527153 0.02797202905640006
0 0.39330708514899015 0.29860141017707065 0.021259842440485954 0.03776223922614008
0 0.4803149588406086 0.20979021792300045 0.018897637724876404 0.02797202905640006
0 0.45629921089857817 0.15524476126302034 0.013385826721787453 0.02797202905640006
0 0.5704724388197064 0.16643357288558036 0.016535433009266853 0.03356643486768007
0 0.5527559034526348 0.12237762712175027 0.012598425149917603 0.02377622469794005
0 0.793700784444809 0.40209791768575087 0.025196850299835205 0.07972028281074017
0 0.8641732251271605 0.1335664387443103 0.013385826721787453 0.029370630509220064
0 0.9023622013628483 0.12937063438585028 0.012598425149917603 0.034965036320500076
