0 0.1670934723224491 0.26785715483129025 0.032010243739932775 0.04910714505240321
0 0.26120358891785145 0.2031250090803951 0.0230473754927516 0.0357142873108387
0 0.2989756765309721 0.19308036577422172 0.014084507245570421 0.029017858440056443
0 0.31177977402694523 0.18750000838190317 0.016645326744765043 0.04017857322469354
0 0.46862996835261583 0.1774553650757298 0.0230473754927516 0.03348214435391128
0 0.5768245921935886 0.14062500628642738 0.021766965743154287 0.04017857322469354
0 0.5614596751984209 0.26785715483129025 0.021766965743154287 0.05357143096625805
0 0.613316270057112 0.24218751082662493 0.02560819499194622 0.05580357392318547
0 0.6594110210426152 0.18080357951112092 0.015364916995167732 0.04017857322469354
0 0.6792573721613735 0.2131696523865685 0.016645326744765043 0.042410716181620955
0 0.6991037232801318 0.1897321513388306 0.017925736494362354 0.03125000139698386
0 0.7067861817777157 0.2500000111758709 0.020486555993556976 0.044642859138548374
0 0.7413572450168431 0.28013394109439105 0.020486555993556976 0.042410716181620955
0 0.7503201132640243 0.2388392963912338 0.020486555993556976 0.044642859138548374
