0 0.05900000280234963 0.24600001168437302 0.04600000218488276 0.10000000474974513
0 0.08600000408478081 0.5080000241287053 0.05600000265985727 0.10400000493973494
0 0.16900000802706927 0.4700000223238021 0.050000002374872565 0.10800000512972474
0 0.144000006839633 0.2960000140592456 0.04400000208988786 0.08800000417977571
0 0.16900000802706927 0.1460000069346279 0.034000001614913344 0.09200000436976552
0 0.22300001059193164 0.24600001168437302 0.042000001994892955 0.10800000512972474
0 0.2590000123018399 0.24200001149438322 0.034000001614913344 0.09200000436976552
0 0.26400001253932714 0.16600000788457692 0.03600000170990825 0.08400000398978591
0 0.3160000150091946 0.1460000069346279 0.03200000151991844 0.0760000036098063
0 0.3120000148192048 0.27200001291930676 0.04000000189989805 0.0720000034198165
0 0.2300000109244138 0.43400002061389387 0.04400000208988786 0.10800000512972474
0 0.2940000139642507 0.4740000225137919 0.05200000246986747 0.10800000512972474
0 0.37500001781154424 0.26000001234933734 0.03800000180490315 0.09600000455975533
0 0.35200001671910286 0.42800002032890916 0.04800000227987766 0.10400000493973494
0 0.41600001975893974 0.4800000227987766 0.04800000227987766 0.12000000569969416
0 0.4390000208513811 0.5460000259336084 0.06600000313483179 0.17200000816956162
0 0.49400002346374094 0.4560000216588378 0.04400000208988786 0.11200000531971455
0 0.4090000194264576 0.2400000113993883 0.03000000142492354 0.09600000455975533
0 0.38300001819152385 0.13200000626966357 0.03000000142492354 0.0800000037997961
0 0.4290000203764066 0.13600000645965338 0.026000001234933734 0.0720000034198165
0 0.46100002189632505 0.13000000617466867 0.03000000142492354 0.0760000036098063
0 0.44700002123136073 0.2380000113043934 0.03800000180490315 0.09200000436976552
0 0.49400002346374094 0.2200000104494393 0.03200000151991844 0.0720000034198165
0 0.5130000243661925 0.13200000626966357 0.034000001614913344 0.0800000037997961
0 0.5270000250311568 0.26800001272931695 0.03800000180490315 0.08800000417977571
0 0.5640000267885625 0.27800001320429146 0.03200000151991844 0.09200000436976552
0 0.5770000274060294 0.3940000187139958 0.050000002374872565 0.11600000550970435
0 0.5510000261710957 0.5400000256486237 0.06600000313483179 0.1520000072196126
0 0.6600000313483179 0.49600002355873585 0.06000000284984708 0.144000006839633
0 0.61600002925843 0.2500000118743628 0.03600000170990825 0.10000000474974513
0 0.5660000268835574 0.1560000074096024 0.03600000170990825 0.08800000417977571
0 0.6010000285459682 0.13600000645965338 0.03800000180490315 0.0800000037997961
0 0.6440000305883586 0.144000006839633 0.028000001329928637 0.0720000034198165
0 0.6880000326782465 0.20400000968948007 0.03600000170990825 0.08800000417977571
0 0.7150000339606777 0.3680000174790621 0.042000001994892955 0.08800000417977571
0 0.7590000360505655 0.2240000106394291 0.03800000180490315 0.08800000417977571
0 0.7580000360030681 0.4700000223238021 0.05600000265985727 0.1480000070296228
0 0.8230000390904024 0.42800002032890916 0.050000002374872565 0.10400000493973494
0 0.8740000415127724 0.390000018524006 0.03600000170990825 0.10000000474974513
0 0.9300000441726297 0.43000002042390406 0.04400000208988786 0.11600000550970435
0 0.862000040942803 0.26000001234933734 0.04400000208988786 0.10400000493973494
