0 0.02284263912588358 0.4253048622049391 0.027072757482528687 0.05182926636189222
0 0.23942469898611307 0.3452743773814291 0.018612520769238472 0.04115853505209088
0 0.2652284209616482 0.3795731565915048 0.02284263912588358 0.05182926636189222
0 0.29399322578683496 0.31707315891981125 0.01776649709790945 0.03658536449074745
0 0.30626056902110577 0.37042681546881795 0.021996615454554558 0.045731705613434315
0 0.3439086223952472 0.3635670596268028 0.02284263912588358 0.04725609580054879
0 0.37182740354910493 0.33689023135229945 0.019458544440567493 0.039634144864976406
0 0.3667512615211308 0.29954267176799476 0.016074449755251408 0.035060974303632975
0 0.3989001610316336 0.34298779210075736 0.016074449755251408 0.039634144864976406
0 0.4230118356645107 0.34451218228787184 0.021996615454554558 0.04268292523920536
0 0.4221658119931817 0.3041158423293382 0.018612520769238472 0.03810975467786193
0 0.40059220837429166 0.268292672932148 0.014382402412593365 0.0335365841165185
0 0.41962774097919464 0.268292672932148 0.015228426083922386 0.030487803742289543
0 0.4496615813113749 0.31326218345202506 0.01776649709790945 0.035060974303632975
0 0.45939085353165865 0.268292672932148 0.01692047342658043 0.030487803742289543
0 0.44373941561207175 0.24009145447053015 0.014382402412593365 0.03201219392940402
0 0.4885786701925099 0.30487803742289543 0.016074449755251408 0.030487803742289543
0 0.4881556583568454 0.268292672932148 0.015228426083922386 0.0335365841165185
0 0.4851945755071938 0.23780486918985844 0.012690355069935322 0.030487803742289543
0 0.514382392168045 0.265243892557919 0.015228426083922386 0.039634144864976406
0 0.5376480431295931 0.27743901405483484 0.01776649709790945 0.03658536449074745
0 0.5401861141435802 0.24771340540610254 0.014382402412593365 0.028963413555175066
0 0.5626057414337993 0.24923779559321702 0.015228426083922386 0.035060974303632975
0 0.5177664868533611 0.32317071966826916 0.020304568111896515 0.04268292523920536
0 0.4610829008743167 0.3521341332234442 0.0236886627972126 0.05182926636189222
0 0.4809644571505487 0.42606705729849637 0.031302875839173794 0.056402436923235655
0 0.5520304455421865 0.3635670596268028 0.027918781153857708 0.0533536565490067
0 0.571488989982754 0.2919207208324224 0.016074449755251408 0.03810975467786193
0 0.6002537948079407 0.268292672932148 0.016074449755251408 0.039634144864976406
0 0.5909475344233215 0.24771340540610254 0.012690355069935322 0.02591463318094611
0 0.5769881438463926 0.22484755259938538 0.013536378741264343 0.03201219392940402
0 0.5943316291086376 0.22027438203804195 0.012690355069935322 0.028963413555175066
0 0.6167512563988566 0.24923779559321702 0.013536378741264343 0.03201219392940402
0 0.6201353510841727 0.2210365771315992 0.0118443313986063 0.030487803742289543
0 0.6285955877974629 0.20655487035401165 0.013536378741264343 0.02591463318094611
0 0.6459390730597079 0.21417682128958404 0.012690355069935322 0.03201219392940402
0 0.6611674991436303 0.22637194278649986 0.014382402412593365 0.03201219392940402
0 0.6620135228149593 0.24542682012543082 0.014382402412593365 0.03658536449074745
0 0.6789339962415397 0.20655487035401165 0.014382402412593365 0.03201219392940402
0 0.6962774815037847 0.22789633297361434 0.013536378741264343 0.03201219392940402
0 0.7216581916436553 0.2210365771315992 0.013536378741264343 0.030487803742289543
0 0.7225042153149843 0.24847560049965978 0.015228426083922386 0.03658536449074745
0 0.6954314578324556 0.2644816974643618 0.01692047342658043 0.035060974303632975
0 0.6552453334443271 0.30716462270356715 0.01776649709790945 0.04725609580054879
0 0.709813860245049 0.3277438902296126 0.0236886627972126 0.04878048598766327
0 0.6180202919058502 0.3422255970072001 0.026226733811199665 0.05945121729746461
0 0.6142131853848696 0.40396339958533645 0.030456852167844772 0.06402438785880804
0 0.6150592090561986 0.4687499825377017 0.03384094685316086 0.07469511916860938
0 0.5621827295981348 0.41996949655003846 0.03299492318183184 0.06859755842015147
0 0.6649746056646109 0.3551829135976732 0.0236886627972126 0.05487804673612118
0 0.6780879725702107 0.38033535168506205 0.026226733811199665 0.0533536565490067
0 0.6603214754723012 0.4862804696895182 0.03637901786714792 0.06402438785880804
0 0.7335025230422616 0.485518274595961 0.037225041538476944 0.08079267991706729
0 0.7440778189338744 0.4230182769242674 0.03299492318183184 0.05945121729746461
0 0.711505907587707 0.36661584000103176 0.0236886627972126 0.04725609580054879
0 0.7948392392136157 0.4443597395438701 0.03299492318183184 0.07164633879438043
0 0.7483079372905195 0.2903963306453079 0.01776649709790945 0.03810975467786193
0 0.7681894935667515 0.26371950237080455 0.01692047342658043 0.04268292523920536
0 0.7656514225527644 0.2408536495640874 0.015228426083922386 0.030487803742289543
0 0.7863790025003254 0.22865852806717157 0.016074449755251408 0.03658536449074745
0 0.7834179196506739 0.2629573072772473 0.015228426083922386 0.03201219392940402
0 0.7978003220632672 0.28353657480329275 0.020304568111896515 0.04878048598766327
0 0.8041454995982349 0.24466462503187358 0.014382402412593365 0.035060974303632975
0 0.8151438073255122 0.24999999068677425 0.014382402412593365 0.0335365841165185
0 0.8447546358220279 0.2667682827450335 0.01776649709790945 0.039634144864976406
0 0.8430625884793699 0.3124999883584678 0.019458544440567493 0.03658536449074745
0 0.8384094582870603 0.3719512056559324 0.025380710139870644 0.05182926636189222
0 0.8625211329199374 0.3422255970072001 0.021150591783225536 0.04115853505209088
0 0.8650592039339244 0.3178353540133685 0.016074449755251408 0.035060974303632975
0 0.8917089495807886 0.38033535168506205 0.0236886627972126 0.056402436923235655
0 0.8735194406472147 0.45503047085367143 0.02961082849651575 0.06249999767169356
0 0.8616751092486084 0.5381097360514104 0.03468697052448988 0.07926828972995281
0 0.9390862751752138 0.48704266478307545 0.032148899510502815 0.07164633879438043
0 0.9187817070633173 0.3559451086912304 0.01692047342658043 0.04725609580054879
0 0.9162436360493302 0.3178353540133685 0.018612520769238472 0.04115853505209088
0 0.8807106418535113 0.2865853551775217 0.015228426083922386 0.039634144864976406
0 0.868020286783576 0.2545731612481177 0.0118443313986063 0.02743902336806059
0 0.8845177483744919 0.268292672932148 0.014382402412593365 0.030487803742289543
0 0.9005921981297433 0.24542682012543082 0.014382402412593365 0.03658536449074745
0 0.9225888135842979 0.2865853551775217 0.01776649709790945 0.039634144864976406
0 0.9390862751752138 0.3262195000424981 0.020304568111896515 0.045731705613434315
0 0.9568527722731233 0.3620426694396883 0.021996615454554558 0.05945121729746461
0 0.9615059024654329 0.31326218345202506 0.016074449755251408 0.03201219392940402
0 0.9653130089864135 0.2804877944290638 0.013536378741264343 0.024390242993831635
