0 0.1790065630339086 0.48016528942389414 0.03373945690691471 0.06776859506499022
0 0.25304592680186033 0.2661157025722787 0.014995314180850983 0.02314049587585032
0 0.2750702945049852 0.2702479339786805 0.01593252131715417 0.024793388438411057
0 0.319119029911235 0.27190082654124126 0.017806935589760542 0.03471074381377548
0 0.30599813000299037 0.2628099174471572 0.012183692771941423 0.02975206612609327
0 0.301780697889626 0.2338842976023443 0.016869728453457355 0.02809917356353253
0 0.3308341191150248 0.22231404966441914 0.014995314180850983 0.02809917356353253
0 0.3533270903863013 0.2553719009156339 0.01874414272606373 0.031404958688654006
0 0.3716026295442134 0.2652892562909983 0.017806935589760542 0.038016528938896954
0 0.3940956008154899 0.2710743802599609 0.019681349862366915 0.04628099175170064
0 0.357075918931514 0.22396694222697988 0.016869728453457355 0.03471074381377548
0 0.3650421795900911 0.1975206612260081 0.01593252131715417 0.02809917356353253
0 0.3950328079517931 0.2181818182580173 0.017806935589760542 0.02975206612609327
0 0.4128397435415536 0.19669421494472772 0.01593252131715417 0.026446281000971794
0 0.40253046504221857 0.1785123967565596 0.01030927849933505 0.026446281000971794
0 0.43767573265358806 0.1892561984132044 0.016869728453457355 0.02809917356353253
0 0.43252109340392053 0.23801652900874615 0.017806935589760542 0.03636363637633622
0 0.4770384323783219 0.24049586785258725 0.0206185569986701 0.0446280991891399
0 0.49250235012732446 0.20413223147625104 0.017806935589760542 0.031404958688654006
0 0.4489222182892263 0.15206611575558782 0.01312089990824461 0.019834710750728846
0 0.47282100026495755 0.1628099174122326 0.012183692771941423 0.02809917356353253
0 0.4831302787642926 0.16694214881863445 0.014058107044547796 0.026446281000971794
0 0.5093720785807818 0.1652892562560737 0.014058107044547796 0.026446281000971794
0 0.48734771087765694 0.1314049587235786 0.01312089990824461 0.024793388438411057
0 0.5337394641246647 0.16776859509991482 0.014058107044547796 0.031404958688654006
0 0.5716963531449437 0.17190082650631666 0.014995314180850983 0.02975206612609327
0 0.5627928853500634 0.14628099178662524 0.01030927849933505 0.021487603313289583
0 0.5510777961462736 0.1314049587235786 0.01312089990824461 0.024793388438411057
0 0.5248359963297844 0.21239669428905472 0.0206185569986701 0.038016528938896954
0 0.5960637386888266 0.1396694215363823 0.011246485635638237 0.024793388438411057
0 0.5862230637576431 0.13884297525510192 0.01030927849933505 0.02314049587585032
0 0.6077788278926164 0.12809917359845713 0.014058107044547796 0.02809917356353253
0 0.6180881063919514 0.1446280992240645 0.012183692771941423 0.02809917356353253
0 0.6354264384135604 0.14545454550534487 0.01312089990824461 0.02975206612609327
0 0.6396438705269247 0.11652892566053197 0.008434864226728678 0.021487603313289583
0 0.6668228774797171 0.12231404962949455 0.014058107044547796 0.026446281000971794
0 0.507966267876327 0.2834710744791664 0.02624179981648922 0.04793388431426138
0 0.5660731103271246 0.29008264472940937 0.02624179981648922 0.04793388431426138
0 0.6110590528696775 0.3305785125121474 0.02624179981648922 0.049586776876822114
0 0.5520150032825768 0.24876033066539094 0.024367385543882847 0.04132231406401843
0 0.6223055385053158 0.2446280992589891 0.0206185569986701 0.04628099175170064
0 0.6157450885511935 0.20330578519497067 0.016869728453457355 0.03305785125121474
0 0.6565135989803821 0.17685950419399887 0.01593252131715417 0.03636363637633622
0 0.6883786416146904 0.14876033063046634 0.014058107044547796 0.026446281000971794
0 0.6986879201140255 0.17768595047527924 0.014058107044547796 0.031404958688654006
0 0.6949390915688127 0.23305785132106394 0.017806935589760542 0.03636363637633622
0 0.673851931001991 0.24628099182154983 0.0206185569986701 0.042975206626579165
0 0.7127460271585733 0.28512396704172716 0.025304592680186033 0.0446280991891399
0 0.7071227843407542 0.15454545459942892 0.014058107044547796 0.02809917356353253
0 0.7197750806808472 0.1760330579127185 0.014995314180850983 0.03471074381377548
0 0.7352389984298497 0.20330578519497067 0.017806935589760542 0.02975206612609327
0 0.74414246622473 0.14297520666150376 0.014995314180850983 0.024793388438411057
0 0.7432052590884268 0.1181818182230927 0.01312089990824461 0.024793388438411057
0 0.7633552125189453 0.13223140500485897 0.014058107044547796 0.026446281000971794
0 0.7652296267915517 0.16198347113095224 0.01593252131715417 0.03305785125121474
0 0.7778819231316447 0.18760330585064366 0.01874414272606373 0.038016528938896954
0 0.774133094586432 0.2289256199146621 0.01874414272606373 0.054545454564504325
0 0.769447058904916 0.3016528926673345 0.02624179981648922 0.05123966943938285
0 0.8402061976958066 0.3446280992939137 0.025304592680186033 0.04132231406401843
0 0.8566073225811124 0.257851239759475 0.02624179981648922 0.05619834712706506
0 0.9198688042815775 0.27520661166636273 0.017806935589760542 0.04132231406401843
0 0.9165885793045163 0.2314049587585032 0.01874414272606373 0.03966942150145769
0 0.9015932651236653 0.20661157032009214 0.016869728453457355 0.03636363637633622
0 0.8856607438065112 0.18016528931912035 0.016869728453457355 0.03305785125121474
0 0.895032815169543 0.16115702484967187 0.014995314180850983 0.031404958688654006
0 0.8678538082167506 0.15867768600583076 0.016869728453457355 0.03305785125121474
0 0.8472352512180805 0.17685950419399887 0.014995314180850983 0.03636363637633622
0 0.8345829548779875 0.20578512403881177 0.017806935589760542 0.04132231406401843
0 0.8083411550614983 0.18016528931912035 0.01593252131715417 0.03305785125121474
0 0.8341143513098359 0.15289256203686818 0.014995314180850983 0.031404958688654006
0 0.7816307516768575 0.14049586781766266 0.014995314180850983 0.03305785125121474
