0 0.07181719061918557 0.2935606148093939 0.019586506532505155 0.03787878900766373
0 0.3188248007791117 0.23106061294674873 0.019586506532505155 0.0416666679084301
0 0.3503808390814811 0.20170455146580935 0.01741022802889347 0.03598484955728054
0 0.4260065170819871 0.2670454625040293 0.02285092428792268 0.049242425709962845
0 0.4178454726934433 0.21022727899253368 0.019586506532505155 0.03787878900766373
0 0.4276387259596959 0.15625000465661287 0.01741022802889347 0.03977272845804691
0 0.45593034650664777 0.1808712175115943 0.023939063539728522 0.03598484955728054
0 0.45048965024761856 0.23106061294674873 0.019586506532505155 0.0416666679084301
0 0.49129487219033763 0.2225378854200244 0.018498367280699313 0.03977272845804691
0 0.48694231518311426 0.17424242943525314 0.025027202791534364 0.0416666679084301
0 0.47388464416144416 0.13541667070239782 0.014145810273475945 0.028409091755747795
0 0.4934711506939493 0.1382575798779726 0.014145810273475945 0.02651515230536461
0 0.5201305623631924 0.13636364042758942 0.01741022802889347 0.03030303120613098
0 0.5408052081475034 0.13257576152682304 0.015233949525281787 0.03030303120613098
0 0.5478781132842414 0.19128788448870182 0.018498367280699313 0.03787878900766373
0 0.5533188095432706 0.1647727321833372 0.01632208877708763 0.03030303120613098
0 0.5718171768239699 0.14299242850393057 0.014145810273475945 0.028409091755747795
0 0.6028291455004364 0.14204545877873898 0.01741022802889347 0.03030303120613098
0 0.6371055319323204 0.12121212482452393 0.011969531769864261 0.02651515230536461
0 0.6006528669968247 0.2736742505803704 0.023939063539728522 0.04734848625957966
0 0.6349292534287088 0.21401515789330006 0.020674645784310997 0.0416666679084301
0 0.6735581968678162 0.22632576432079077 0.023939063539728522 0.043560607358813286
0 0.6735581968678162 0.18655303586274385 0.019586506532505155 0.043560607358813286
0 0.6392818104359321 0.3039772817865014 0.029379759798757732 0.07386363856494427
0 0.6838955197599716 0.36742425337433815 0.03590859530959278 0.07575757801532745
0 0.6779107538750395 0.2945075845345855 0.023939063539728522 0.05871212296187878
0 0.7399346912279725 0.23295455239713192 0.023939063539728522 0.049242425709962845
0 0.7486398052424192 0.17613636888563633 0.019586506532505155 0.03787878900766373
0 0.7100108618033119 0.17234848998486996 0.020674645784310997 0.0416666679084301
0 0.8101196729694493 0.24621212854981422 0.025027202791534364 0.049242425709962845
0 0.8210010654875077 0.2916666753590107 0.025027202791534364 0.06060606241226196
0 0.8520130341639742 0.31060606986284256 0.02829162054695189 0.07196969911456108
0 0.8786724458332174 0.2888257661834359 0.025027202791534364 0.05113636516034603
0 0.9173013892723247 0.3617424350231886 0.03264417755417526 0.06818182021379471
0 0.9145810411428101 0.43465910386294127 0.042437430820427835 0.08522727526724339
0 0.9341675476753153 0.23011364322155714 0.018498367280699313 0.043560607358813286
