0 0.06612903362838551 0.2461538463830948 0.020430107950232923 0.04230769234709442
0 0.09838709881296381 0.2557692310074344 0.02258064562920481 0.04230769234709442
0 0.21129032695898786 0.25288461562013254 0.024731183308176696 0.05192307697143406
0 0.29301075875991955 0.2298076925217174 0.024731183308176696 0.05576923082116991
0 0.31182796345092356 0.22596153867198154 0.021505376789718866 0.044230769271962345
0 0.35161291051190346 0.1894230770994909 0.015053763752803206 0.032692307722754776
0 0.398387105029542 0.21153846173547208 0.02903225866612047 0.05769230774603784
0 0.41612904088106006 0.19615384633652866 0.01935483911074698 0.05000000004656613
0 0.4397849553497508 0.2557692310074344 0.02580645214766264 0.04615384619683027
0 0.4456989339669235 0.22307692328467965 0.020430107950232923 0.04230769234709442
0 0.4532258158433251 0.17500000016298145 0.018279570271261036 0.03846153849735856
0 0.4623656009789556 0.13557692320318893 0.017204301431775093 0.03653846157249063
0 0.4892473219661042 0.16153846168890595 0.01935483911074698 0.03846153849735856
0 0.49032259080559015 0.2163461540476419 0.01935483911074698 0.0480769231216982
0 0.5591397965326905 0.18076923093758523 0.017204301431775093 0.034615384647622705
0 0.5467742048786022 0.16923076938837767 0.01612903259228915 0.034615384647622705
0 0.6317204431979917 0.11634615395450965 0.01612903259228915 0.032692307722754776
0 0.6290322710992768 0.21250000019790605 0.023655914468690753 0.05192307697143406
0 0.6193548515439034 0.25480769254500046 0.02580645214766264 0.05192307697143406
0 0.6381720562349074 0.30288461566669866 0.03548387170303613 0.07115384622011334
0 0.6715053902589716 0.21826923097250983 0.02258064562920481 0.0480769231216982
0 0.6672043149010278 0.18269230786245316 0.02258064562920481 0.04615384619683027
0 0.702688186604064 0.15673076937673613 0.020430107950232923 0.04038461542222649
0 0.7532258220599033 0.16153846168890595 0.02258064562920481 0.03846153849735856
0 0.7327957141096704 0.21538461558520794 0.02258064562920481 0.04230769234709442
0 0.6715053902589716 0.2884615387301892 0.02258064562920481 0.05000000004656613
0 0.6811828098143451 0.36250000033760443 0.03333333402406424 0.0750000000698492
0 0.8086021672934294 0.28750000026775524 0.027956989826634526 0.05961538467090577
0 0.8026881886762567 0.23653846175875515 0.02258064562920481 0.04615384619683027
0 0.8489247487741522 0.3096153849037364 0.02903225866612047 0.0615384615957737
0 0.8661290502059273 0.2826923079555854 0.024731183308176696 0.04615384619683027
0 0.9279570084763691 0.23173076944658533 0.02580645214766264 0.044230769271962345
0 0.9059139972669072 0.3548076926381327 0.024731183308176696 0.0750000000698492
0 0.9220430298591964 0.3798076926614158 0.02903225866612047 0.06346153852064162
