0 0.10541666921926662 0.27833334007300436 0.06416666822042316 0.07000000169500709
0 0.1462500035413541 0.2600000062957406 0.042500001029111445 0.057777779176831245
0 0.047083334473427385 0.31111111864447594 0.052500001271255314 0.07333333510905504
0 0.2679166731541045 0.30333334067836404 0.06250000151339918 0.08000000193715096
0 0.3433333416469395 0.26388889527879655 0.06500000157393515 0.09888889128342271
0 0.34166667493991554 0.17166667082346976 0.0383333342615515 0.05666666803881526
0 0.42416667693760246 0.18166667106561363 0.03666666755452752 0.05666666803881526
0 0.47208334476454183 0.25722222845070064 0.042500001029111445 0.05222222348675132
0 0.4420833440381102 0.23333333898335695 0.032500000786967576 0.055555556900799274
0 0.5187500125612132 0.28777778474614024 0.05583333468530327 0.08888889104127884
0 0.5175000125309452 0.230000005569309 0.05500000133179128 0.06666666828095913
0 0.5454166798735969 0.16555555956438184 0.04416666773613542 0.06666666828095913
0 0.6066666813567281 0.20166667154990137 0.043333334382623434 0.05888889031484723
0 0.6729166829609312 0.24944445048458874 0.04416666773613542 0.07000000169500709
0 0.7350000177975744 0.2744444510899484 0.06500000157393515 0.09777778014540672
0 0.9570833565085195 0.1616666705813259 0.05750000139232725 0.10777778038755059
0 0.6637500160722993 0.20166667154990137 0.034166667493991554 0.05222222348675132
