0 0.7681307774037123 0.5534420392941684 0.08580184215679765 0.1467391331680119
0 0.8937691891333088 0.4103260945994407 0.03881511907093227 0.10326087148860097
0 0.5444331174949184 0.19293478620238602 0.020429010037332773 0.04166666744276881
0 0.5985699940938503 0.1585144957061857 0.014300307026132941 0.03442029049620032
0 0.6741573312319815 0.24094203347340226 0.018386109033599496 0.050724638625979424
0 0.6792645837413147 0.19293478620238602 0.018386109033599496 0.03442029049620032
0 0.6996935937786475 0.1865942063741386 0.018386109033599496 0.043478261679410934
0 0.7272727573290467 0.2028985545039177 0.01634320802986622 0.036231884732842445
0 0.6869254625053145 0.22192029398865998 0.01532175752799958 0.03804347896948457
0 0.7471910421154462 0.2753623239696026 0.02962206455413252 0.05797101557254791
0 0.7589377228869125 0.20108696026727557 0.01634320802986622 0.036231884732842445
0 0.7671093269018456 0.2581521787215024 0.018386109033599496 0.04166666744276881
0 0.8319714337703772 0.23007246805354953 0.01532175752799958 0.05434782709926367
0 0.7379979875986464 0.35960145597346127 0.02962206455413252 0.07427536370232701
0 0.8421859387890436 0.3641304415650666 0.027579163550399244 0.06884058099240065
0 0.6322778606554493 0.2327898594085127 0.02247191104106605 0.04166666744276881
