0 0.16435184894362465 0.27175698039354756 0.019444444100372493 0.04761904792394489
0 0.22268518124474213 0.2799671610700898 0.03055555501487106 0.04761904792394489
0 0.39074073382653296 0.288177341746632 0.022222221828997135 0.037766831112094223
0 0.3601851788116619 0.3021346488967538 0.022222221828997135 0.03612479497678578
0 0.35416666039964184 0.25862069131108 0.019444444100372493 0.037766831112094223
0 0.31342592037981376 0.23152709507849067 0.01388888864312321 0.026272578164935112
0 0.32777777197770774 0.22824302280787379 0.014814814552664757 0.029556650435552
0 0.3462962901685387 0.23399014928145334 0.012962962733581662 0.034482758841477334
0 0.3777777710929513 0.236453203484416 0.01666666637174785 0.03284072270616889
0 0.38055554882157594 0.18637110135750845 0.011111110914498568 0.024630542029626667
0 0.3953703633742407 0.1880131374928169 0.011111110914498568 0.027914614300243556
0 0.4143518445198424 0.19129720976343378 0.015740740462206304 0.034482758841477334
0 0.46435184363508597 0.23891625768737867 0.019444444100372493 0.044334975653328
0 0.4546296215848997 0.199507390439976 0.01666666637174785 0.027914614300243556
0 0.47175925091141835 0.20197044464293867 0.01388888864312321 0.03284072270616889
0 0.445833325444255 0.18144499295158312 0.01388888864312321 0.027914614300243556
0 0.4569444363587536 0.23070607701083645 0.01388888864312321 0.027914614300243556
0 0.4879629543283954 0.15599343285430223 0.012962962733581662 0.029556650435552
0 0.5222222129814327 0.17487684841034934 0.018518518190830946 0.034482758841477334
0 0.5467592495842837 0.16174055932788178 0.01388888864312321 0.034482758841477334
0 0.587037026649341 0.16666666773380712 0.012962962733581662 0.031198686570860445
0 0.5736111009609886 0.13546798116294667 0.015740740462206304 0.027914614300243556
0 0.4916666579665616 0.302955666964408 0.022222221828997135 0.04761904792394489
0 0.617592581664212 0.25205254676984623 0.018518518190830946 0.044334975653328
0 0.6249999889405444 0.20853858918417245 0.014814814552664757 0.04269293951801956
0 0.6550925810006447 0.20197044464293867 0.01388888864312321 0.03612479497678578
0 0.6754629510105588 0.21921182406367734 0.0175925922812894 0.04105090338271111
0 0.6518518403172493 0.27175698039354756 0.02037037000991404 0.05418719246517867
0 0.6902777655632235 0.162561577395536 0.01388888864312321 0.029556650435552
0 0.7277777648996562 0.199507390439976 0.018518518190830946 0.037766831112094223
0 0.7634259124170057 0.16338259546319023 0.01388888864312321 0.034482758841477334
0 0.705555543070659 0.2766830887994729 0.018518518190830946 0.04105090338271111
0 0.7513888755929656 0.24548440222861245 0.019444444100372493 0.044334975653328
0 0.7555555421859026 0.31198686570860445 0.022222221828997135 0.052545156329870224
0 0.8319444297230802 0.3275862089940347 0.023148147738538682 0.060755337006412446
0 0.916203687491361 0.23481116734910756 0.019444444100372493 0.049261084059253335
