0 0.16852367401588708 0.34808012342546135 0.0362116985488683 0.06510851229541004
0 0.15784586546942592 0.3706176853738725 0.029712162911891937 0.06010016519576311
0 0.25951717293355614 0.2871452337130904 0.01578458654694259 0.03672787873074412
0 0.30919219530187547 0.24791318143252283 0.01857010181993246 0.03505842969752848
0 0.29619312402792275 0.2746243659639731 0.016713091637939215 0.03505842969752848
0 0.33611884294077754 0.2871452337130904 0.022284122183918953 0.04006677679717541
0 0.3342618327587843 0.21702837431803346 0.012999071273952723 0.02671118453145027
0 0.347260904032737 0.2186978233512491 0.014856081455945969 0.02671118453145027
0 0.3537604396697134 0.24791318143252283 0.016713091637939215 0.0317195316310972
0 0.3820798449451104 0.21452420076821 0.019498606910929084 0.04173622583039105
0 0.4080779874930158 0.1752921484876424 0.01578458654694259 0.02671118453145027
0 0.4233983214944601 0.18948246526997536 0.020427112001925707 0.03505842969752848
0 0.42618383676745 0.22787979303393513 0.020427112001925707 0.04507512389682233
0 0.4521819793153554 0.2303839665837586 0.01857010181993246 0.03672787873074412
0 0.4716805862262845 0.2579298756318167 0.025998142547905445 0.04507512389682233
0 0.4480037064058706 0.19365608785301447 0.019498606910929084 0.03338898066431284
0 0.45357473695185035 0.1786310465540737 0.017641596728935838 0.030050082597881556
0 0.46518105058930814 0.16110183170530945 0.012999071273952723 0.028380633564665914
0 0.4800371320452541 0.19365608785301447 0.022284122183918953 0.04006677679717541
0 0.5143918204121292 0.21452420076821 0.022284122183918953 0.038397327763959765
0 0.4832868998637423 0.13355592265725136 0.0120705661829561 0.02671118453145027
0 0.5088207898661494 0.15776293363887817 0.020427112001925707 0.03505842969752848
0 0.5389972053235397 0.1310517491074279 0.013927576364949346 0.028380633564665914
0 0.5566388020524755 0.13272119814064354 0.013927576364949346 0.028380633564665914
0 0.5501392664154992 0.16193655622191727 0.019498606910929084 0.04006677679717541
0 0.56638810550794 0.1669449033215642 0.020427112001925707 0.03672787873074412
0 0.5701021258719265 0.13272119814064354 0.016713091637939215 0.0317195316310972
0 0.6146703702397645 0.14774623943958431 0.020427112001925707 0.03505842969752848
0 0.5928505006013438 0.1235392284579575 0.01578458654694259 0.030050082597881556
0 0.5923862480558455 0.10100166650954634 0.014856081455945969 0.028380633564665914
0 0.6053853193297982 0.06677796132862568 0.012999071273952723 0.02671118453145027
0 0.6323119669687003 0.07679465552791953 0.016713091637939215 0.03338898066431284
0 0.6634168875170872 0.07095158391166478 0.01578458654694259 0.028380633564665914
0 0.48560816259123385 0.3063438975950703 0.029712162911891937 0.0517529200296849
0 0.5324976696865633 0.3530884705251083 0.026926647638902068 0.04841402196325362
0 0.5654596004169434 0.24874790594913065 0.020427112001925707 0.046744572930037975
0 0.603528309147805 0.27212019241414964 0.022284122183918953 0.05008347099646926
0 0.6327762195141986 0.20868112915195525 0.025069637456908822 0.046744572930037975
0 0.6597028671531007 0.21535892528481781 0.02135561709292233 0.05008347099646926
0 0.6624883824260905 0.18363939365372062 0.019498606910929084 0.03672787873074412
0 0.6866295147920027 0.15442403557244688 0.017641596728935838 0.03505842969752848
0 0.6922005453379825 0.191151914303191 0.017641596728935838 0.038397327763959765
0 0.6857010097010061 0.22036727238446474 0.023212627274915576 0.04006677679717541
0 0.6541318366071209 0.303004999528639 0.026926647638902068 0.0517529200296849
0 0.5933147531468421 0.35642736859153956 0.03156917309388518 0.06844741036184132
0 0.6629526349715889 0.36393988924100995 0.03156917309388518 0.07011685939505696
0 0.7279479913413525 0.28797995822969824 0.02785515272989869 0.05843071616254747
0 0.7516248711617664 0.2671118453145027 0.023212627274915576 0.05008347099646926
0 0.7428040727972984 0.18447411817032844 0.01857010181993246 0.038397327763959765
0 0.7223769607953727 0.17278797493781894 0.022284122183918953 0.038397327763959765
0 0.7441968304337934 0.14774623943958431 0.017641596728935838 0.0317195316310972
0 0.7363045371603221 0.12938230007421225 0.014856081455945969 0.0317195316310972
0 0.7544103864347562 0.1711185259046033 0.017641596728935838 0.03505842969752848
0 0.7646239424357191 0.13272119814064354 0.017641596728935838 0.04173622583039105
0 0.7776230137096718 0.12520867749117315 0.013927576364949346 0.04006677679717541
0 0.7906220849836245 0.14858096395619214 0.013927576364949346 0.03338898066431284
0 0.8026926511665806 0.14607679040636867 0.013927576364949346 0.028380633564665914
0 0.786908064619638 0.19616026140283793 0.019498606910929084 0.038397327763959765
0 0.8022283986210823 0.2504173549823463 0.022284122183918953 0.05342236906290054
0 0.7827297917101532 0.31636059179436415 0.0241411323659122 0.0517529200296849
0 0.8198699953500181 0.1627712807385251 0.014856081455945969 0.03505842969752848
0 0.8296192988054827 0.1435726168565452 0.013927576364949346 0.03672787873074412
0 0.8430826226249337 0.1469115149229765 0.016713091637939215 0.030050082597881556
0 0.8579387040808797 0.15275458653923124 0.014856081455945969 0.03505842969752848
0 0.8467966429889202 0.17696159752085805 0.020427112001925707 0.04340567486360669
0 0.865830997354351 0.24457428336609155 0.019498606910929084 0.04173622583039105
0 0.8820798364467919 0.18196994462050498 0.020427112001925707 0.046744572930037975
0 0.8922933924477547 0.1393989942735061 0.012999071273952723 0.028380633564665914
0 0.8556174413533881 0.13272119814064354 0.0120705661829561 0.02504173549823463
0 0.9229340604506433 0.158597658155486 0.011142061091959476 0.030050082597881556
0 0.9192200400866568 0.20200333301909268 0.016713091637939215 0.04006677679717541
0 0.9094707366311923 0.2871452337130904 0.023212627274915576 0.05342236906290054
0 0.8857938568107784 0.1752921484876424 0.014856081455945969 0.04006677679717541
