0 0.03750000090803951 0.40888888807967305 0.05666666803881526 0.12444444419816136
0 0.07833333523012698 0.5170370360137895 0.061666668159887195 0.14518518489785492
0 0.1308333365013823 0.5592592581524514 0.076666668523103 0.16148148116189986
0 0.19791667145909742 0.6540740727796219 0.11916666955221444 0.22666666621807963
0 0.22541667212499306 0.7340740726212971 0.12416666967328638 0.19111111073289067
0 0.26333333970978856 0.4170370362116955 0.06666666828095913 0.0962962961057201
0 0.31875000771833584 0.4970370360533707 0.07916666858363897 0.13481481454800814
0 0.38583334267605096 0.5148148137959652 0.06833333498798311 0.11407407384831458
0 0.43291667714947835 0.16444444411899894 0.06750000163447112 0.15999999968335032
0 0.5612500135903247 0.4318518509971909 0.05583333468530327 0.11703703680541366
0 0.6570833492442034 0.7251851837499999 0.12750000308733433 0.25333333283197135
0 0.6600000159814954 0.48814814718207344 0.1000000024214387 0.18814814777579159
0 0.690000016707927 0.41925925842951983 0.05833333474583924 0.12148148124106228
0 0.7395833512418903 0.38888888811925426 0.05750000139232725 0.11999999976251274
0 0.7912500191596337 0.40666666586184874 0.050833334564231336 0.09925925906281918
0 0.7895833524526097 0.5148148137959652 0.08250000199768692 0.13481481454800814
0 0.9308333558728918 0.4303703695186414 0.08166666864417493 0.15851851820480078
0 0.9637500233366154 0.3829629622050561 0.06250000151339918 0.1111111108912155
