0 0.09416666894685477 0.38624999136663973 0.04500000108964741 0.0824999981559813
0 0.07083333504851907 0.5637499873992056 0.0383333342615515 0.05749999871477485
0 0.08166666864417493 0.6299999859184027 0.07000000169500709 0.08999999798834324
0 0.17000000411644578 0.6087499863933772 0.04666666779667139 0.06749999849125743
0 0.19583333807531744 0.6974999844096601 0.07500000181607902 0.1149999974295497
0 0.3300000079907477 0.6049999864771962 0.0533333346247673 0.08999999798834324
0 0.25583333952818066 0.5374999879859388 0.041666667675599456 0.06499999854713678
0 0.3225000078091398 0.5124999885447323 0.0383333342615515 0.0549999987706542
0 0.3658333421917632 0.5399999879300594 0.041666667675599456 0.06499999854713678
0 0.3925000095041469 0.5324999880976975 0.03500000084750354 0.06999999843537807
0 0.38750000938307494 0.7449999833479524 0.08500000205822289 0.13999999687075615
0 0.47250001144129783 0.6362499857787043 0.05833333474583924 0.09749999782070518
0 0.5116666790563613 0.5787499870639294 0.05000000121071935 0.06749999849125743
0 0.5300000128336251 0.5249999882653356 0.04000000096857548 0.0549999987706542
0 0.616666681598872 0.6999999843537807 0.060000001452863216 0.08499999810010195
0 0.6516666824463755 0.5949999867007136 0.0533333346247673 0.07499999832361937
0 0.6391666821436957 0.5424999878741801 0.041666667675599456 0.05999999865889549
0 0.7950000192504376 0.5712499872315675 0.05000000121071935 0.07249999837949872
0 0.8375000202795491 0.6012499865610152 0.06500000157393515 0.09749999782070518
0 0.9375000227009878 0.5674999873153865 0.051666667917743325 0.07999999821186066
