0 0.04619984602322802 0.5483217633445747 0.05574845720548183 0.09085648215841502
0 0.18055555690079927 0.5810185228474438 0.10262345755472779 0.1539351863320917
0 0.2349537054542452 0.5736400505702477 0.06944444496184587 0.14149305660976097
0 0.40817901538684964 0.6206597268464975 0.11033950699493289 0.15509259374812245
0 0.36487268790369853 0.5633680597529747 0.06616512394975871 0.09201388957444578
0 0.47704475664068013 0.2854456039785873 0.045524691697210073 0.08998842659639195
0 0.5273919792380184 0.5866608840005938 0.05246913619339466 0.09288194513646886
0 0.47434413933660835 0.8233507005788852 0.15007716161198914 0.24392361292848364
0 0.5828510845894925 0.6290509306127205 0.08468364260625094 0.12210648239124566
0 0.6989776286645792 0.6688368105387781 0.1047453711507842 0.1727430568425916
0 0.7065007768687792 0.5964988470368553 0.07851080305408686 0.10214120446471497
0 0.8525270125246607 0.6368634306709282 0.08815586485434324 0.149884260375984
0 0.9138696055742912 0.6057581063651014 0.06886574125383049 0.11660879716509953
