0 0.15187499660532922 0.5691666804486886 0.07874999823980033 0.1150000027846545
0 0.13312499702442437 0.49500001198612154 0.05374999879859388 0.08000000193715096
0 0.07187499839346856 0.4508333442499861 0.03624999918974936 0.061666668159887195
0 0.04499999899417162 0.4358333438867703 0.042499999050050974 0.06500000157393515
0 0.011874999734573066 0.38666667602956295 0.021249999525025487 0.04000000096857548
0 0.08124999818392098 0.36500000883825123 0.01749999960884452 0.023333333898335695
0 0.09812499780673534 0.3591666753636673 0.016249999636784196 0.02833333401940763
0 0.09687499783467501 0.4141666766954586 0.028749999357387424 0.04500000108964741
0 0.1262499971780926 0.4216666768770665 0.03499999921768904 0.04666666779667139
0 0.17562499607447535 0.4533333443105221 0.0437499990221113 0.07333333510905504
0 0.16562499629799277 0.3466666750609875 0.026249999413266778 0.043333334382623434
0 0.13062499708030373 0.3583333420101553 0.016249999636784196 0.023333333898335695
0 0.20437499543186277 0.37833334249444306 0.021249999525025487 0.030000000726431608
0 0.23187499481718987 0.4358333438867703 0.033749999245628715 0.051666667917743325
0 0.2312499948311597 0.5016666788142174 0.042499999050050974 0.06333333486691117
0 0.3074999931268394 0.5541666800854728 0.07249999837949872 0.10500000254251063
0 0.3249999927356839 0.4883333451580256 0.03749999916180968 0.060000001452863216
0 0.2568749942583963 0.4066666765138507 0.01874999958090484 0.033333334140479565
0 0.27124999393709004 0.41583334340248257 0.024999999441206455 0.03500000084750354
0 0.30312499322462827 0.4050000098068267 0.01874999958090484 0.03666666755452752
0 0.30687499314080924 0.38500000932253897 0.016249999636784196 0.023333333898335695
0 0.3362499924842268 0.4133333433419466 0.02249999949708581 0.03666666755452752
0 0.3318749925820157 0.3741666757268831 0.01374999969266355 0.021666667191311717
0 0.36499999184161425 0.44083334400784224 0.0274999993853271 0.04500000108964741
0 0.42124999058432877 0.5166666791774333 0.04499999899417162 0.07000000169500709
0 0.5274999882094562 0.534166679601185 0.047499998938292265 0.08500000205822289
0 0.3624999918974936 0.3750000090803951 0.014999999664723873 0.030000000726431608
0 0.4081249908776954 0.382500009262003 0.01374999969266355 0.01833333377726376
0 0.42187499057035893 0.3991666763322428 0.016249999636784196 0.02833333401940763
0 0.4074999908916652 0.4208333435235545 0.024999999441206455 0.03500000084750354
0 0.42312499054241925 0.4350000105332583 0.03124999930150807 0.04000000096857548
0 0.4543749898439273 0.4208333435235545 0.01874999958090484 0.031666667433455586
0 0.45874998974613845 0.3891666760900989 0.012499999720603228 0.01833333377726376
0 0.48812498908955604 0.38666667602956295 0.01374999969266355 0.023333333898335695
0 0.49937498883809894 0.3975000096252188 0.01874999958090484 0.025000000605359674
0 0.5318749881116673 0.43416667717974633 0.028749999357387424 0.041666667675599456
0 0.5056249886984006 0.44000001065433025 0.023749999469146132 0.043333334382623434
0 0.4856249891454354 0.44083334400784224 0.026249999413266778 0.04833333450369537
0 0.46499998960644007 0.4358333438867703 0.019999999552965164 0.031666667433455586
0 0.5512499876786023 0.38500000932253897 0.012499999720603228 0.02666666731238365
0 0.5549999875947833 0.40083334303926677 0.014999999664723873 0.025000000605359674
0 0.5681249873014167 0.4050000098068267 0.016249999636784196 0.030000000726431608
0 0.5818749869940802 0.4200000101700425 0.021249999525025487 0.03666666755452752
0 0.5931249867426232 0.3966666762717068 0.016249999636784196 0.02666666731238365
0 0.5518749876646325 0.42333334358409047 0.01874999958090484 0.02666666731238365
0 0.5406249879160896 0.4733333447948098 0.033749999245628715 0.0533333346247673
0 0.6012499865610152 0.47833334491588175 0.029999999329447746 0.0533333346247673
0 0.6262499860022217 0.47916667826939374 0.03499999921768904 0.06500000157393515
0 0.6224999860860407 0.4366666772402823 0.0274999993853271 0.03666666755452752
0 0.6481249855132774 0.4150000100489706 0.021249999525025487 0.033333334140479565
0 0.6731249849544838 0.40333334309980273 0.01374999969266355 0.02666666731238365
0 0.6731249849544838 0.46250001119915396 0.03124999930150807 0.05500000133179128
0 0.6987499843817204 0.4275000103516504 0.024999999441206455 0.04500000108964741
0 0.7262499837670475 0.4191666768165305 0.014999999664723873 0.025000000605359674
0 0.751249983208254 0.43333334382623434 0.019999999552965164 0.03666666755452752
0 0.7331249836133793 0.4841666783904657 0.03624999918974936 0.061666668159887195
0 0.7737499827053398 0.458333344431594 0.019999999552965164 0.03666666755452752
0 0.7974999821744859 0.43416667717974633 0.0274999993853271 0.0383333342615515
0 0.7856249824399129 0.4150000100489706 0.016249999636784196 0.02666666731238365
0 0.8218749816296622 0.43916667730081826 0.01874999958090484 0.03500000084750354
0 0.8243749815737829 0.4191666768165305 0.016249999636784196 0.025000000605359674
0 0.8399999812245369 0.4350000105332583 0.01749999960884452 0.030000000726431608
0 0.8631249807076529 0.458333344431594 0.021249999525025487 0.04000000096857548
0 0.7987499821465462 0.5025000121677294 0.042499999050050974 0.06833333498798311
0 0.8312499814201146 0.4966666786931455 0.03499999921768904 0.07000000169500709
0 0.8874999801628292 0.48750001180451363 0.03749999916180968 0.05833333474583924
0 0.8924999800510705 0.4525000109570101 0.0274999993853271 0.041666667675599456
0 0.9174999794922769 0.4900000118650496 0.024999999441206455 0.060000001452863216
0 0.9443749788915738 0.48666667845100164 0.026249999413266778 0.060000001452863216
0 0.9343749791150913 0.43416667717974633 0.016249999636784196 0.02833333401940763
0 0.944999978877604 0.43250001047272235 0.014999999664723873 0.02833333401940763
