0 0.4129180936142802 0.21010101959109306 0.02076124493032694 0.03636363800615072
0 0.44463666225783527 0.2363636470399797 0.019607842434197664 0.03232323378324509
0 0.4636678034439683 0.17171717947348952 0.01614763494580984 0.02828282956033945
0 0.48327564587816596 0.17676768475212157 0.013840829953551292 0.03030303167179227
0 0.47981543838977814 0.1343434404116124 0.01614763494580984 0.026262627448886633
0 0.546712783165276 0.17878788686357439 0.011534024961292744 0.026262627448886633
0 0.5622837168630213 0.18787879636511207 0.012687427457422018 0.03232323378324509
0 0.6372548791114241 0.3373737526126206 0.019607842434197664 0.044444446451961994
0 0.6182237379252911 0.2848484977148473 0.02076124493032694 0.03636363800615072
0 0.6337946716230363 0.22727273753844202 0.021914647426456213 0.034343435894697905
0 0.6799307714682072 0.2242424343712628 0.019607842434197664 0.03232323378324509
0 0.6949250039178878 0.2949495082721114 0.02422145241871476 0.04040404222905636
0 0.7387542987708002 0.2353535459842533 0.017301037441939116 0.042424244340509176
0 0.6758938627317548 0.17676768475212157 0.01845443993806839 0.034343435894697905
0 0.6378315803594887 0.13232323830015957 0.013840829953551292 0.034343435894697905
0 0.9429065405856818 0.24444445548579097 0.017301037441939116 0.04040404222905636
