0 0.841111131478101 0.6301369816064835 0.228888894431293 0.30821917578577995
0 0.610000014770776 0.45890410616993904 0.14000000339001417 0.2328767105937004
0 0.43111112155020237 0.3681506821885705 0.12888889200985432 0.18835616298019886
0 0.32666667457669973 0.28082191571593285 0.09333333559334278 0.15753424540162086
0 0.26333333970978856 0.26198629941791296 0.06444444600492716 0.1472602728754282
0 0.13333333656191826 0.17294520419090986 0.06222222372889519 0.08561643771827221
0 0.08111111307516694 0.17979451920837164 0.04666666779667139 0.08561643771827221
0 0.04222222324460745 0.17636986169964075 0.04444444552063942 0.08561643771827221
0 0.06333333486691117 0.10616438277065754 0.04666666779667139 0.07534246519207954
0 0.016666667070239782 0.13698630034923553 0.028888889588415623 0.06849315017461777
0 0.2377777835354209 0.1284246565774083 0.0533333346247673 0.08561643771827221
0 0.3600000087171793 0.11472602654248476 0.0533333346247673 0.09246575273573399
0 0.3288888968527317 0.10787671152502298 0.031111111864447594 0.06506849266588688
0 0.31666667433455586 0.09075342398136854 0.02444444503635168 0.051369862630963326
0 0.40111112082377076 0.13356164284050465 0.03777777869254351 0.07534246519207954
0 0.4211111213080585 0.09589041024446487 0.033333334140479565 0.06164383515715599
0 0.45555556658655405 0.11301369778811932 0.04444444552063942 0.08219178020954132
0 0.5022222343832254 0.17636986169964075 0.04000000096857548 0.07876712270081043
0 0.535555568523705 0.18493150547146797 0.07555555738508701 0.1164383552968502
0 0.5077777900733054 0.1164383552968502 0.033333334140479565 0.054794520139694214
0 0.47777778934687376 0.10616438277065754 0.031111111864447594 0.06849315017461777
0 0.5555555690079927 0.11986301280558109 0.04000000096857548 0.06849315017461777
0 0.5966666811145842 0.13869862910360098 0.033333334140479565 0.06506849266588688
0 0.6188889038749039 0.1164383552968502 0.028888889588415623 0.054794520139694214
0 0.6366666820831597 0.2243150668218732 0.1000000024214387 0.1472602728754282
0 0.7822222411632538 0.2636986281722784 0.08888889104127884 0.15753424540162086
0 0.7533333515748382 0.15410958789288998 0.06222222372889519 0.09589041024446487
0 0.7033333503641188 0.1284246565774083 0.028888889588415623 0.06506849266588688
0 0.6544444602914155 0.14212328661233187 0.04222222324460745 0.07191780768334866
0 0.6677777939476073 0.11472602654248476 0.033333334140479565 0.051369862630963326
0 0.9588889121077955 0.32363013457506895 0.08222222421318293 0.1746575329452753
0 0.8788889101706445 0.17294520419090986 0.08222222421318293 0.11301369778811932
0 0.9311111336573958 0.17294520419090986 0.04444444552063942 0.09246575273573399
0 0.8833333547227085 0.10958904027938843 0.04222222324460745 0.054794520139694214
0 0.9800000237300992 0.07534246519207954 0.031111111864447594 0.054794520139694214
0 0.8344444646500051 0.1010273965075612 0.028888889588415623 0.051369862630963326
0 0.8077777973376215 0.09417808149009943 0.02444444503635168 0.051369862630963326
0 0.7922222414053977 0.09760273899883032 0.028888889588415623 0.051369862630963326
0 0.7600000184029341 0.09589041024446487 0.031111111864447594 0.04109589010477066
0 0.7455555736087263 0.08561643771827221 0.02000000048428774 0.04109589010477066
0 0.7111111283302307 0.09589041024446487 0.02222222276031971 0.04109589010477066
