0 0.17343750258442014 0.32435595837887377 0.08437500125728548 0.1522248180117458
0 0.30937500461004674 0.461358294589445 0.1406250020954758 0.2295081871561706
0 0.4632812569034286 0.24824354937300086 0.04218750062864274 0.07494144886732101
0 0.5515625082189217 0.21311474521644413 0.05000000074505806 0.09367681108415127
0 0.6515625097090378 0.4250585302943364 0.1312500019557774 0.24590162909589708
0 0.7000000104308128 0.27868851297535 0.05312500079162419 0.10772833274677396
0 0.8164062621654011 0.31498827727045864 0.06406250095460564 0.1147540935780853
0 0.8921875132946298 0.3454332408728078 0.10000000149011612 0.1522248180117458
0 0.9054687634925358 0.28922715422231704 0.07343750109430403 0.11007025302387774
0 0.8687500129453838 0.21428570535499603 0.06250000093132257 0.12412177468650043
0 0.9640625143656507 0.22833722701761872 0.07187500107102096 0.14285713690333068
