0 0.04750000115018338 0.7231249838368967 0.09333333559334278 0.16374999633990228
0 0.03458333417074755 0.5937499867286533 0.06416666822042316 0.07749999826774001
0 0.03291666746372357 0.553749987622723 0.0458333344431594 0.06499999854713678
0 0.10041666909819469 0.6656249851221219 0.07416666846256703 0.13374999701045454
0 0.14750000357162207 0.5562499875668436 0.051666667917743325 0.10249999770894647
0 0.12041666958248243 0.5312499881256372 0.04750000115018338 0.08499999810010195
0 0.1833333377726376 0.5893749868264422 0.061666668159887195 0.10624999762512743
0 0.22375000541796908 0.6656249851221219 0.0841666687047109 0.1312499970663339
0 0.28583334025461227 0.5274999882094562 0.05000000121071935 0.07249999837949872
0 0.33416667475830764 0.5493749877205119 0.051666667917743325 0.09624999784864485
0 0.383333342615515 0.646874985541217 0.06833333498798311 0.10124999773688614
0 0.40208334306953475 0.5987499866168946 0.060833334806375206 0.08999999798834324
0 0.4000000096857548 0.5199999883770943 0.043333334382623434 0.06999999843537807
0 0.4366666772402823 0.5193749883910641 0.03666666755452752 0.06874999846331775
0 0.37833334249444306 0.7787499825935811 0.1000000024214387 0.16249999636784196
0 0.5316666795406491 0.39562499115709215 0.09000000217929482 0.15124999661929905
0 0.6029166812659241 0.4899999890476465 0.042500001029111445 0.07249999837949872
0 0.6233333484269679 0.4887499890755862 0.02666666731238365 0.05999999865889549
0 0.6570833492442034 0.530624988139607 0.04083333432208747 0.08374999812804163
0 0.688333350000903 0.5012499887961894 0.0383333342615515 0.05999999865889549
0 0.7129166839295067 0.5762499871198088 0.05416666797827929 0.1149999974295497
0 0.7416666846256703 0.549999987706542 0.060000001452863216 0.09749999782070518
0 0.8000000193715096 0.4856249891454354 0.04000000096857548 0.061249998630955815
0 0.8512500206124969 0.44249999010935426 0.04083333432208747 0.06249999860301614
0 0.8937500216416083 0.5562499875668436 0.060833334806375206 0.1099999975413084
0 0.9016666884999722 0.5099999886006117 0.05000000121071935 0.06749999849125743
0 0.9133333554491401 0.47499998938292265 0.03500000084750354 0.06249999860301614
0 0.9520833563874476 0.553749987622723 0.05750000139232725 0.09249999793246388
0 0.9312500225496478 0.7562499830964953 0.12750000308733433 0.22749999491497874
0 0.9479166896198876 0.6499999854713678 0.09750000236090273 0.12999999709427357
