0 0.01750000042375177 0.5549999875947833 0.031666667433455586 0.06499999854713678
0 0.06750000163447112 0.557499987538904 0.0383333342615515 0.0549999987706542
0 0.0691666683414951 0.5324999880976975 0.021666667191311717 0.04999999888241291
0 0.10833333595655859 0.5312499881256372 0.030000000726431608 0.052499998826533556
0 0.15833333716727793 0.5399999879300594 0.033333334140479565 0.04499999899417162
0 0.17500000423751771 0.5237499882932752 0.02000000048428774 0.03249999927356839
0 0.21083333843853325 0.549999987706542 0.041666667675599456 0.06499999854713678
0 0.26416667306330055 0.5587499875109643 0.041666667675599456 0.06749999849125743
0 0.26333333970978856 0.5099999886006117 0.02666666731238365 0.03999999910593033
0 0.30166667397134006 0.5349999880418181 0.030000000726431608 0.04499999899417162
0 0.304166674031876 0.5174999884329736 0.021666667191311717 0.03499999921768904
0 0.34166667493991554 0.549999987706542 0.030000000726431608 0.04999999888241291
0 0.34833334176801145 0.5262499882373959 0.02666666731238365 0.03749999916180968
0 0.380833342554979 0.5237499882932752 0.025000000605359674 0.03749999916180968
0 0.4225000102305785 0.5837499869521707 0.051666667917743325 0.07249999837949872
0 0.39333334285765886 0.5512499876786023 0.030000000726431608 0.047499998938292265
0 0.5000000121071935 0.5762499871198088 0.05666666803881526 0.09249999793246388
0 0.46416667790617794 0.5424999878741801 0.025000000605359674 0.04499999899417162
0 0.47750001156236976 0.5212499883491546 0.025000000605359674 0.03749999916180968
0 0.5416666797827929 0.5612499874550849 0.033333334140479565 0.06249999860301614
0 0.5308333461871371 0.5212499883491546 0.02833333401940763 0.042499999050050974
0 0.6183333483058959 0.5762499871198088 0.04000000096857548 0.05749999871477485
0 0.612500014831312 0.5412499879021198 0.031666667433455586 0.052499998826533556
0 0.6491666823858395 0.41499999072402716 0.025000000605359674 0.04999999888241291
0 0.686666683293879 0.6162499862257391 0.05000000121071935 0.09249999793246388
0 0.6975000168895349 0.5562499875668436 0.02833333401940763 0.052499998826533556
0 0.6716666829306632 0.5512499876786023 0.02666666731238365 0.052499998826533556
0 0.7333333510905504 0.5774999870918691 0.043333334382623434 0.06499999854713678
0 0.7541666849283502 0.5349999880418181 0.031666667433455586 0.04999999888241291
0 0.7950000192504376 0.6224999860860407 0.060000001452863216 0.09499999787658453
0 0.7933333525434136 0.5487499877344817 0.03666666755452752 0.047499998938292265
0 0.8666666876524687 0.5912499867845327 0.04666666779667139 0.07249999837949872
0 0.844166687107645 0.5487499877344817 0.031666667433455586 0.052499998826533556
0 0.9016666884999722 0.5524999876506627 0.030000000726431608 0.05999999865889549
0 0.9325000225799158 0.5512499876786023 0.031666667433455586 0.052499998826533556
0 0.9075000219745561 0.4462499900255352 0.03500000084750354 0.047499998938292265
