0 0.055908009060658514 0.4537815232761204 0.03568596323020756 0.07843137439340353
0 0.23076922888867557 0.33683474181452766 0.015860428102314472 0.0378151269396767
0 0.25297382823191583 0.3648459469550289 0.01744647091254592 0.04621848848182708
0 0.2906423449749127 0.35924370592692867 0.01982553512789309 0.043417367967776954
0 0.2866772379493341 0.30112045526038855 0.015067406697198749 0.039215687196701765
0 0.32870737242046744 0.35224090464180335 0.022997620748355985 0.04621848848182708
0 0.34734337544068694 0.32773110014386475 0.019032513722777367 0.03361344616860151
0 0.34932592895347625 0.29201681358972564 0.016653449507430196 0.0378151269396767
0 0.375892146024853 0.3305322206579149 0.019032513722777367 0.039215687196701765
0 0.3818398065632209 0.26750700909178704 0.016653449507430196 0.030812325654551387
0 0.4036478952039033 0.29621849436080083 0.014274385292083025 0.035014006425626576
0 0.4008723202859983 0.26820728922029957 0.013481363886967301 0.03221288591157645
0 0.4028548737987876 0.3382353020715527 0.02220459934324026 0.04061624745372683
0 0.42505947314202785 0.3039215757744387 0.01744647091254592 0.03641456668265164
0 0.44052339054178447 0.3403361424570903 0.01982553512789309 0.039215687196701765
0 0.46471054339781404 0.3067226962884888 0.01744647091254592 0.03641456668265164
0 0.42307691962923855 0.23879552382277325 0.013481363886967301 0.029411765397526324
0 0.43655828351620585 0.26120448793517426 0.013481363886967301 0.03221288591157645
0 0.46233147918246686 0.23599440330872312 0.012688342481851578 0.029411765397526324
0 0.4659000755054876 0.2647058885777369 0.015067406697198749 0.03641456668265164
0 0.49762093171011657 0.2647058885777369 0.010309278266504407 0.02801120514050126
0 0.5095162527868524 0.2731092501198873 0.016653449507430196 0.03641456668265164
0 0.4920697818743065 0.3137254975736141 0.015067406697198749 0.03361344616860151
0 0.45519428653642535 0.40756303479429334 0.026962727773934603 0.05602241028100252
0 0.5162569347303361 0.25210084626451135 0.014274385292083025 0.03641456668265164
0 0.5348929377505556 0.24579832510789856 0.013481363886967301 0.029411765397526324
0 0.5459952374221757 0.2268907616380602 0.011895321076735854 0.02801120514050126
0 0.559476601309143 0.22128852060995996 0.013481363886967301 0.02801120514050126
0 0.5614591548219323 0.2443977648508735 0.01110229967162013 0.026610644883476198
0 0.5670103046577424 0.25630252703558654 0.014274385292083025 0.03641456668265164
0 0.5511498765554279 0.2759103706339374 0.015860428102314472 0.03361344616860151
0 0.5844567755702883 0.2485994456219487 0.014274385292083025 0.029411765397526324
0 0.5876288611907512 0.22268908086698502 0.012688342481851578 0.02801120514050126
0 0.5975416287546977 0.20798319816822186 0.013481363886967301 0.029411765397526324
0 0.6106264819391072 0.2177871199673973 0.01110229967162013 0.03221288591157645
0 0.6249008672311902 0.22759104176657274 0.014274385292083025 0.035014006425626576
0 0.6296589956618845 0.24579832510789856 0.015860428102314472 0.035014006425626576
0 0.6463124451693147 0.2198879603529349 0.01110229967162013 0.02801120514050126
0 0.6578112555434927 0.22759104176657274 0.013481363886967301 0.03221288591157645
0 0.6764472585637122 0.2219888007384725 0.014274385292083025 0.03221288591157645
0 0.6839809619123116 0.2464986052364111 0.013481363886967301 0.03361344616860151
0 0.6578112555434927 0.2640056084492244 0.018239492317661643 0.035014006425626576
0 0.6736716836458072 0.3018207353889011 0.018239492317661643 0.0378151269396767
0 0.6205392495030537 0.30532213603146374 0.018239492317661643 0.03641456668265164
0 0.6292624849593267 0.343837543099653 0.018239492317661643 0.043417367967776954
0 0.6423473381437361 0.3627451065694913 0.025376684963703156 0.053221289766952395
0 0.6740681943483651 0.3508403443847783 0.020618556533008814 0.049019608995877206
0 0.7034099863376468 0.41036415530834347 0.02379064215347171 0.05602241028100252
0 0.5836637541651726 0.33683474181452766 0.02379064215347171 0.043417367967776954
0 0.5828707327600569 0.3914565918385051 0.02379064215347171 0.057422970538027585
0 0.5864393290830776 0.4271708783926442 0.027755749179050326 0.06722689233720303
0 0.6237113351235166 0.4600840444327332 0.034099920419976115 0.06582633208017796
0 0.694290240178816 0.4726890867459588 0.0436161772813648 0.06582633208017796
0 0.7537668455624953 0.4404762008343823 0.03092783479951322 0.06022409105207771
0 0.8251387720229104 0.43837536044884473 0.029341791989281774 0.05602241028100252
0 0.8072957904078066 0.4936974906013347 0.03489294182509184 0.06302521156612784
0 0.7149087967118248 0.25420168665004894 0.016653449507430196 0.0378151269396767
0 0.7212529679527506 0.24579832510789856 0.013481363886967301 0.03221288591157645
0 0.7386994388652965 0.22619048150954768 0.013481363886967301 0.03221288591157645
0 0.7069785826606676 0.28361345204757527 0.016653449507430196 0.03221288591157645
0 0.7620935703162104 0.2422969244653359 0.012688342481851578 0.02801120514050126
0 0.7739888913929462 0.24509804497938603 0.015860428102314472 0.03641456668265164
0 0.7624900810187683 0.2871148526901379 0.018239492317661643 0.039215687196701765
0 0.7997620870592073 0.2689075693488121 0.016653449507430196 0.03361344616860151
0 0.8199841328896582 0.25420168665004894 0.014274385292083025 0.03221288591157645
0 0.8275178362382576 0.2801120514050126 0.015067406697198749 0.03361344616860151
0 0.8334654967766255 0.26820728922029957 0.012688342481851578 0.03221288591157645
0 0.8505154569866136 0.25630252703558654 0.011895321076735854 0.030812325654551387
0 0.8695479707093909 0.27661065076244995 0.015067406697198749 0.035014006425626576
0 0.8925455914577469 0.31022409693105146 0.015067406697198749 0.035014006425626576
0 0.9072164874523878 0.3025210155174136 0.014274385292083025 0.03361344616860151
0 0.9115781051805243 0.28151261166203767 0.013481363886967301 0.03361344616860151
0 0.7981760442489758 0.30532213603146374 0.01982553512789309 0.04201680771075189
0 0.8172085579717532 0.3116246571880765 0.01982553512789309 0.04061624745372683
0 0.8560666068224236 0.3088235366740264 0.016653449507430196 0.04061624745372683
0 0.8830293345963582 0.32352941937278956 0.018239492317661643 0.03641456668265164
0 0.9135606586933136 0.35644258541287854 0.019032513722777367 0.043417367967776954
0 0.8524980104994029 0.3536414648988284 0.02220459934324026 0.049019608995877206
0 0.8160190258640796 0.3354341815575026 0.02220459934324026 0.043417367967776954
0 0.8374306038022041 0.36764706746907905 0.02379064215347171 0.05462185002397746
0 0.7902458301978186 0.3571428655413911 0.024583663558587432 0.04481792822480202
0 0.8862014202168211 0.46078432456124574 0.02616970636881888 0.06722689233720303
0 0.5317208521300927 0.39845939312363043 0.027755749179050326 0.049019608995877206
0 0.5241871487814933 0.35014006425626576 0.02379064215347171 0.04201680771075189
