0 0.17833333765156567 0.2180451115127653 0.06666666828095913 0.10025062598288059
0 0.47083334473427385 0.38095237873494625 0.031666667433455586 0.050125312991440296
0 0.4958333453396335 0.37969924591016024 0.03500000084750354 0.05764410994015634
0 0.5266666794195771 0.41353383217938244 0.04000000096857548 0.06516290688887239
0 0.5600000135600567 0.4586466138716787 0.04000000096857548 0.07518796948716044
0 0.613333348184824 0.4874686688417569 0.0533333346247673 0.08270676643587649
0 0.6691666828701273 0.5463659116066992 0.061666668159887195 0.09523809468373656
0 0.6208333483664319 0.3596491207135841 0.02833333401940763 0.04761904734186828
0 0.6733333496376872 0.36466165201272815 0.030000000726431608 0.05263157864101231
0 0.691666683414951 0.40100250393152237 0.02666666731238365 0.06516290688887239
0 0.7150000173132867 0.4085213008802384 0.04000000096857548 0.07518796948716044
0 0.7266666842624545 0.338345862692222 0.02666666731238365 0.04511278169229627
0 0.7600000184029341 0.3546365894144401 0.030000000726431608 0.06265664123930037
0 0.8116666863206774 0.4561403482221067 0.05000000121071935 0.07518796948716044
0 0.8275000200374052 0.6441102719400078 0.0916666688863188 0.14035087637603283
0 0.8866666881367564 0.5350877161836252 0.060000001452863216 0.10275689163245261
0 0.8516666872892529 0.37719298026058823 0.04000000096857548 0.06265664123930037
0 0.919166688923724 0.4072681680554524 0.041666667675599456 0.06265664123930037
0 0.9825000237906352 0.43233082455117255 0.031666667433455586 0.07268170383758843
0 0.9833333571441472 0.3709273161366582 0.033333334140479565 0.055137844290584326
