0 0.06693306507077068 0.3104982181102969 0.02797202719375491 0.06227757956366986
0 0.0874125849804841 0.2775800689123571 0.024975024280138314 0.053380782483145595
0 0.20479519909713417 0.22953736467752606 0.02397602330893278 0.053380782483145595
0 0.2592407520278357 0.21352312993258238 0.01898101845290512 0.04626334481872618
0 0.2802197724231519 0.23932384146610275 0.02297702233772725 0.048042704234831035
0 0.3061937976744957 0.2313167240936309 0.020979020395316184 0.04626334481872618
0 0.3151848064153455 0.4083629859960638 0.04695304564666003 0.10854092438239604
0 0.37662336614448577 0.435943056945689 0.0459540446754545 0.09252668963745236
0 0.4045953933382407 0.23220640380168334 0.02397602330893278 0.048042704234831035
0 0.4430569307296537 0.24822063854662701 0.024975024280138314 0.04448398540262133
