0 0.039223783096531406 0.4866385271307081 0.04541701200651005 0.08157524443231523
0 0.23245252508786507 0.34036567504517734 0.01899256865726784 0.03656821302138269
0 0.2592898503644392 0.3720112440059893 0.024772915639914572 0.04922644060570747
0 0.28736582142300904 0.31645568960811943 0.019818332511931658 0.03938115248456597
0 0.29686210575164296 0.3663853650796227 0.020644096366595477 0.03797468275297433
0 0.3364987707755063 0.3586497815558687 0.020644096366595477 0.04219409194774926
0 0.3554913394327741 0.33122362178983167 0.015689513238612562 0.03516174328979105
0 0.3600330406334251 0.29395217390265316 0.01651527709327638 0.033755273558199406
0 0.3864574839826673 0.3424753796425648 0.01816680480260402 0.03797468275297433
0 0.41329480925924145 0.3396624401793815 0.022295624075923115 0.03797468275297433
0 0.45293147428310476 0.3431786145083606 0.022295624075923115 0.03938115248456597
0 0.43435178755316883 0.30731363635277376 0.01651527709327638 0.02953586436342448
0 0.40999175384058617 0.3052039317553863 0.01899256865726784 0.030942334095016122
0 0.40916598998592235 0.2693389535997994 0.015689513238612562 0.032348803826607764
0 0.3934764767473098 0.274964832526166 0.015689513238612562 0.040787622216157615
0 0.4500413007917814 0.2644163095392287 0.014863749383948743 0.033755273558199406
0 0.43517755140783265 0.23909985437057912 0.011560693965293467 0.030942334095016122
0 0.47853015377768315 0.24331926356535405 0.014037985529284924 0.028129394631832838
0 0.47316268872236833 0.2756680673919618 0.01651527709327638 0.030942334095016122
0 0.4710982790857088 0.3213783336686902 0.022295624075923115 0.03797468275297433
0 0.5082576525455806 0.3185653942055069 0.020644096366595477 0.03516174328979105
0 0.5144508814555593 0.2693389535997994 0.014863749383948743 0.026722924900241196
0 0.5239471657841932 0.2721518930629827 0.014037985529284924 0.032348803826607764
0 0.5309661585488357 0.25316455168649554 0.011560693965293467 0.025316455168649554
0 0.5499587272061035 0.2510548470891081 0.01651527709327638 0.026722924900241196
0 0.5681255320087075 0.2791842417209409 0.01651527709327638 0.03797468275297433
0 0.5611065392440651 0.2313642708468251 0.0173410409479402 0.026722924900241196
0 0.5780346982646734 0.22573839192045853 0.014863749383948743 0.02953586436342448
0 0.584227927174652 0.2623066049418412 0.0173410409479402 0.032348803826607764
0 0.6065235512505751 0.2454289681627415 0.014037985529284924 0.02109704597387463
0 0.6056977873959113 0.2250351570546627 0.014037985529284924 0.028129394631832838
0 0.6131296620878857 0.20886075514135882 0.014037985529284924 0.026722924900241196
0 0.6304707030358259 0.22362868732307106 0.014037985529284924 0.028129394631832838
0 0.643682924710447 0.22925456624943763 0.014037985529284924 0.025316455168649554
0 0.6494632716930937 0.24613220302853733 0.015689513238612562 0.02250351570546627
0 0.6659785487863701 0.22011251299409196 0.014037985529284924 0.023909985437057912
0 0.6804294162429869 0.23417721031000838 0.014863749383948743 0.026722924900241196
0 0.7018992764642462 0.22222221759147942 0.013212221674621105 0.028129394631832838
0 0.707679623446893 0.2524613168206997 0.01651527709327638 0.02953586436342448
0 0.6796036523883231 0.2679324838682078 0.019818332511931658 0.03797468275297433
0 0.6957060475542676 0.30661040148697793 0.022295624075923115 0.04219409194774926
0 0.6399669873644598 0.3080168712185696 0.01816680480260402 0.03656821302138269
0 0.6494632716930937 0.35021096316631883 0.022295624075923115 0.04500703141093254
0 0.6019818500499241 0.3389592053135857 0.021469860221259296 0.04219409194774926
0 0.6011560861952603 0.3867791761877015 0.029727498767897487 0.047819970874115825
0 0.6102394885965623 0.4268635635380633 0.03303055418655276 0.06610407738480717
0 0.5466556717874482 0.4092826918931678 0.029727498767897487 0.056258789263665676
0 0.5363336236041505 0.35443037236109376 0.02725020720390603 0.04500703141093254
0 0.46903386944904923 0.41420533595373854 0.03303055418655276 0.05766525899525732
0 0.6478117439837661 0.4571026627672836 0.03385631804121658 0.06469760765321553
0 0.6597853198763914 0.3755274183349684 0.02642444334924221 0.047819970874115825
0 0.6915772282809485 0.36708859994541854 0.020644096366595477 0.04500703141093254
0 0.7246077824675012 0.4156118056853302 0.032204790331888944 0.06610407738480717
0 0.7068538595922291 0.48101264820434153 0.03633360960520804 0.07876230496913195
0 0.7762180233839899 0.42475385894067585 0.029727498767897487 0.06469760765321553
0 0.8175062161171809 0.3621659558848478 0.023121387930586934 0.04641350114252418
0 0.7312138933048118 0.29043599957367405 0.01899256865726784 0.03797468275297433
0 0.7365813583601266 0.2545710214180872 0.019818332511931658 0.03938115248456597
0 0.7642444474913646 0.26652601413661614 0.01899256865726784 0.03797468275297433
0 0.7630058017093688 0.2313642708468251 0.01816680480260402 0.032348803826607764
0 0.7865400715672877 0.25035161222331226 0.015689513238612562 0.030942334095016122
0 0.7997522932419088 0.2482419076259248 0.014037985529284924 0.02953586436342448
0 0.8245252088818233 0.27426159766037017 0.020644096366595477 0.030942334095016122
0 0.7861271896399558 0.29043599957367405 0.019818332511931658 0.032348803826607764
0 0.8212221534631681 0.31082981068175286 0.022295624075923115 0.030942334095016122
0 0.8418662498297635 0.3396624401793815 0.01899256865726784 0.03516174328979105
0 0.844343541393755 0.31645568960811943 0.015689513238612562 0.030942334095016122
0 0.8567299992137123 0.2855133555131033 0.014037985529284924 0.033755273558199406
0 0.8484723606670741 0.25949366547865793 0.012386457819957286 0.02953586436342448
0 0.8794385052169673 0.25738396088127047 0.014863749383948743 0.033755273558199406
0 0.9004954835108947 0.2812939463183284 0.015689513238612562 0.033755273558199406
0 0.8843930883449502 0.3115330455475487 0.014863749383948743 0.03516174328979105
0 0.8823286787082907 0.36146272101905197 0.022295624075923115 0.047819970874115825
0 0.8678778112516738 0.3720112440059893 0.024772915639914572 0.04922644060570747
0 0.8521882980130613 0.4395217911223881 0.029727498767897487 0.05766525899525732
0 0.8340214932104573 0.5056258685071953 0.03303055418655276 0.06891701684799045
0 0.9178365244588349 0.4725738298147917 0.032204790331888944 0.08157524443231523
0 0.912881941330852 0.3284106823266484 0.01899256865726784 0.0436005616793409
0 0.9244426352961455 0.31434598501073197 0.0173410409479402 0.032348803826607764
0 0.9384806208254304 0.30661040148697793 0.014037985529284924 0.033755273558199406
0 0.9430223220260814 0.28410688578151166 0.011560693965293467 0.025316455168649554
0 0.9483897870813962 0.3600562512874603 0.01899256865726784 0.04219409194774926
