0 0.1417968771129381 0.6640625346335582 0.17890625266591087 0.26145834696944803
0 0.47187500703148544 0.6281250327592716 0.10000000149011612 0.1354166737291962
0 0.1394531270780135 0.432291689212434 0.09140625136205927 0.13333334028720856
0 0.24023437857977115 0.27395834762137383 0.06484375096624717 0.10208333865739405
0 0.04218750062864274 0.2854166815523058 0.07656250114087015 0.2041666773147881
0 0.20078125299187377 0.14062500733416528 0.08437500125728548 0.1541666747070849
0 0.47617188209551387 0.22604167845565826 0.07109375105937943 0.12291667307727039
0 0.42890625639120117 0.3338541840785183 0.05000000074505806 0.0927083381684497
0 0.758203136298107 0.5312500277068466 0.13046875194413587 0.19375001010484993
0 0.9246093887777533 0.4078125212690793 0.09765625145519152 0.11562500603031367
0 0.8121093871013727 0.39218752045417204 0.07421875110594556 0.12812500668223947
0 0.6558593847730663 0.39270835381466895 0.06171875091968104 0.09583333833143115
0 0.6871093852387276 0.284375014831312 0.07265625108266249 0.11458333930931985
