0 0.27166505064815283 0.23143350542522967 0.01752677746117115 0.03454231424257159
0 0.3213242534548044 0.20898100116755813 0.013631938025355339 0.027633851394057274
0 0.34761441964656115 0.23488773684948683 0.015579357743263245 0.027633851394057274
0 0.36173321260139346 0.19689119118265808 0.012658228166401386 0.03799654566682875
0 0.37877313513308764 0.17962003406137228 0.013631938025355339 0.024179619969800115
0 0.39483934780582786 0.1943005176144652 0.012658228166401386 0.025906735681928694
0 0.40749757597222924 0.2366148525616154 0.016553067602217197 0.04490500851534307
0 0.4182083844207227 0.21416234830394387 0.014605647884309292 0.027633851394057274
0 0.4109055604785681 0.16666666622040793 0.011684518307447433 0.025906735681928694
0 0.4274586280807853 0.14766839338699356 0.011684518307447433 0.025906735681928694
0 0.44060371117666364 0.17184801335679367 0.01071080844849348 0.029360967106185853
0 0.44888024497777224 0.20466321188723668 0.01752677746117115 0.029360967106185853
0 0.43865629145875573 0.25993091467535123 0.016553067602217197 0.03972366137895733
0 0.4829600900411606 0.22279792686458677 0.01752677746117115 0.03454231424257159
0 0.5408958266489208 0.29101899749366567 0.03602726478129625 0.0673575127730146
0 0.5715676872059703 0.27720207179663703 0.019474197179079056 0.06044904992450029
0 0.4703018618747592 0.18221070762956515 0.01752677746117115 0.029360967106185853
0 0.46932815201580524 0.14248704625060782 0.009737098589539528 0.025906735681928694
0 0.4868549294769764 0.151986182667315 0.011684518307447433 0.03454231424257159
0 0.5189873548224568 0.13039723626570776 0.011684518307447433 0.025906735681928694
0 0.5107108210213482 0.18998272833414376 0.012658228166401386 0.03799654566682875
0 0.5258033238351345 0.1692573397886008 0.011684518307447433 0.031088082818314433
0 0.5457643759436905 0.18480138119775802 0.012658228166401386 0.03454231424257159
0 0.5842259153723717 0.1701208976446651 0.011684518307447433 0.029360967106185853
0 0.5705939773470163 0.14075993053847924 0.011684518307447433 0.029360967106185853
0 0.557448894251138 0.12176165770506486 0.01071080844849348 0.025906735681928694
0 0.5428432463668287 0.13385146768996492 0.01071080844849348 0.022452504257671535
0 0.5029211421497166 0.13298790983390063 0.01071080844849348 0.017271157121285796
0 0.5910418843850493 0.1183074262808077 0.013631938025355339 0.018998272833414376
0 0.5939630139619112 0.13730569911422208 0.011684518307447433 0.025906735681928694
0 0.6110029364936054 0.11398963700048625 0.008763388730585575 0.024179619969800115
0 0.6017526928335428 0.10362694272771478 0.007789678871631622 0.020725388545542955
0 0.6343719731085002 0.12521588912932202 0.01071080844849348 0.018998272833414376
0 0.638753667473793 0.11226252128835768 0.011684518307447433 0.024179619969800115
0 0.66017528437078 0.11398963700048625 0.013631938025355339 0.024179619969800115
0 0.6835443209856749 0.10276338487165049 0.011684518307447433 0.018998272833414376
0 0.6874391604214907 0.12176165770506486 0.009737098589539528 0.025906735681928694
0 0.7142161815427244 0.11398963700048625 0.014605647884309292 0.027633851394057274
0 0.640214232262224 0.14939550909912214 0.01071080844849348 0.025906735681928694
0 0.6548198801465333 0.1433506041066721 0.01071080844849348 0.031088082818314433
0 0.6231743097305298 0.1450777198188007 0.013631938025355339 0.024179619969800115
0 0.5886076097376645 0.23402417899342254 0.014605647884309292 0.03281519853044301
0 0.6124635012820363 0.25820379896322265 0.019474197179079056 0.04663212422747165
0 0.6343719731085002 0.20207253831904382 0.014605647884309292 0.04490500851534307
0 0.6582278646528721 0.18825561262201518 0.015579357743263245 0.03799654566682875
0 0.6665043984539807 0.2202072532963939 0.018500487320125103 0.04317789280321449
0 0.6854917407035828 0.2607944725314155 0.01752677746117115 0.04490500851534307
0 0.7083739223890007 0.23316062113735825 0.018500487320125103 0.04835923993960023
0 0.7103213421069086 0.1943005176144652 0.012658228166401386 0.025906735681928694
0 0.6966894040815532 0.1683937819325365 0.014605647884309292 0.03281519853044301
0 0.7297955392859876 0.14594127767486498 0.01071080844849348 0.03281519853044301
0 0.741480057593435 0.14075993053847924 0.01071080844849348 0.025906735681928694
0 0.7604673998430371 0.12867012055357918 0.013631938025355339 0.025906735681928694
0 0.7580331251956522 0.15544041409157217 0.012658228166401386 0.031088082818314433
0 0.7390457829460502 0.1778929183492437 0.013631938025355339 0.024179619969800115
0 0.7551119956187904 0.2029360961751081 0.016553067602217197 0.04663212422747165
0 0.7804284519515932 0.21675302187213674 0.016553067602217197 0.03626942995470017
0 0.7935735350474715 0.15803108765976503 0.009737098589539528 0.03281519853044301
0 0.782862726598978 0.13903281482635066 0.013631938025355339 0.029360967106185853
0 0.8076923280023038 0.15889464551582932 0.012658228166401386 0.031088082818314433
0 0.8188899913802743 0.13816925697028637 0.013631938025355339 0.027633851394057274
0 0.8315482195466757 0.17357512906892225 0.013631938025355339 0.03626942995470017
0 0.7867575660347939 0.2867012082133442 0.01752677746117115 0.05181347136385739
0 0.763388529419899 0.2556131253950298 0.019474197179079056 0.03454231424257159
0 0.742453767452389 0.2616580303874798 0.022395326755940914 0.05699481850024313
0 0.8485881420783699 0.3203799645998515 0.018500487320125103 0.05008635565172881
0 0.9109055730514228 0.3238341960241087 0.02044790703803301 0.05008635565172881
0 0.9298929153010249 0.27374784037237987 0.015579357743263245 0.03972366137895733
0 0.9099318631924689 0.25993091467535123 0.018500487320125103 0.04663212422747165
0 0.8836416970007122 0.23920552612980828 0.018500487320125103 0.029360967106185853
0 0.8602726603858173 0.26597581966780126 0.022395326755940914 0.04490500851534307
0 0.8393378984183073 0.23316062113735825 0.01752677746117115 0.04490500851534307
0 0.8476144322194159 0.19084628619020805 0.014605647884309292 0.03281519853044301
0 0.8407984632067382 0.15544041409157217 0.01071080844849348 0.031088082818314433
0 0.8495618519373238 0.14680483553092927 0.014605647884309292 0.027633851394057274
0 0.887049681507051 0.15630397194763646 0.011684518307447433 0.029360967106185853
0 0.8704966139048338 0.17098445550072938 0.013631938025355339 0.024179619969800115
0 0.8641674998216331 0.19257340190233663 0.012658228166401386 0.025906735681928694
0 0.9031158941797912 0.20811744331149384 0.014605647884309292 0.03281519853044301
0 0.9104187181219459 0.1606217612279579 0.011684518307447433 0.027633851394057274
0 0.947906547691673 0.20725388545542955 0.01071080844849348 0.027633851394057274
0 0.9391431589610875 0.18134714977350086 0.012658228166401386 0.027633851394057274
0 0.928919205442071 0.2202072532963939 0.011684518307447433 0.03281519853044301
