0 0.17644183756783605 0.49489794904366136 0.0459433039650321 0.0952380932867527
0 0.25806451588869095 0.18027210514992476 0.015640273690223694 0.03061224427074194
0 0.3919843593612313 0.2687074774876237 0.02346041053533554 0.037414965219795704
0 0.36559139750897884 0.19642856740392745 0.017595307901501656 0.03231292450800538
0 0.3787878784351051 0.21683673025108874 0.020527859218418598 0.03231292450800538
0 0.4100684258155525 0.22534013143740594 0.02248289342969656 0.03231292450800538
0 0.44232649030163884 0.2193877506069839 0.020527859218418598 0.037414965219795704
0 0.4198435968719423 0.1615646225400269 0.014662756584584713 0.027210883796215057
0 0.5107526876963675 0.1284013579133898 0.012707722373306751 0.025510203558951616
0 0.5273704784922302 0.13010203815065324 0.014662756584584713 0.0289115640334785
0 0.5547409574501216 0.13095237826928496 0.014662756584584713 0.027210883796215057
0 0.5654936456121504 0.10969387530349195 0.012707722373306751 0.0289115640334785
0 0.5855327462777495 0.12159863696433604 0.013685239478945732 0.0289115640334785
0 0.6163245351053774 0.15221088123507798 0.018572825007140636 0.039115645457059145
0 0.5166177903302014 0.15051020099781454 0.026392961852252483 0.04251700593158603
0 0.564027369953692 0.19217686681076884 0.02346041053533554 0.04761904664337635
0 0.6686217002570629 0.12329931720159948 0.02150537632405758 0.04251700593158603
0 0.6593352877534926 0.22278911108151078 0.02443792764097452 0.04421768616884947
0 0.6163245351053774 0.2568027158267796 0.026392961852252483 0.04421768616884947
0 0.5425219936296344 0.3265306055545807 0.029325513169169426 0.057823128066957
0 0.4902248284779489 0.31207482353784144 0.028347996063530445 0.052721087355166674
0 0.6808406640775502 0.3222789049614221 0.026392961852252483 0.06292516877874732
0 0.7179863140918314 0.2865646199788898 0.026392961852252483 0.04931972688063979
0 0.7326490706764162 0.115646256133914 0.02248289342969656 0.04421768616884947
0 0.7609970667399466 0.2193877506069839 0.020527859218418598 0.04761904664337635
0 0.7839687187224627 0.12329931720159948 0.02150537632405758 0.04591836640611291
0 0.8049853364937007 0.12925169803202152 0.018572825007140636 0.03061224427074194
0 0.8362658838741481 0.1411564596928656 0.014662756584584713 0.023809523321688175
0 0.843108503613621 0.12585033755749464 0.012707722373306751 0.03061224427074194
0 0.8724340167827904 0.12074829684570432 0.014662756584584713 0.027210883796215057
0 0.8641251213848591 0.1403061195742339 0.013685239478945732 0.0289115640334785
0 0.9173998036421835 0.15136054111644626 0.016617790795862675 0.03401360474526882
0 0.9325513187795877 0.15816326206550002 0.01173020526766777 0.03061224427074194
0 0.9071358740329742 0.2440476140473038 0.04301075264811516 0.09013605257496238
0 0.8176930588670075 0.2568027158267796 0.02443792764097452 0.04761904664337635
0 0.8225806443952024 0.2984693816397339 0.028347996063530445 0.056122447829693556
0 0.8157380246557295 0.3520408091135323 0.03616813290864229 0.06802720949053764
0 0.7258064509369433 0.3486394486390054 0.03225806448608637 0.08163265138864517
0 0.7771260989829898 0.28741496009752154 0.029325513169169426 0.06122448854148388
