0 0.2614035141887143 0.2536912851501256 0.06315789604559541 0.1261745016090572
0 0.31710526972892694 0.19731544400565326 0.04298245703103021 0.09932886296883225
0 0.38903509578085504 0.23355705616995692 0.05701754504116252 0.10738255456089973
0 0.43684211431536824 0.20469799463171512 0.04210526403039694 0.09261745330877602
0 0.4921052733552642 0.20939598139375448 0.050877194036729634 0.08859060751274228
0 0.5456140463938937 0.2671141044702381 0.049122808035463095 0.10469799069687724
0 0.6710526454844512 0.1953020211076364 0.050877194036729634 0.08993288944475353
0 0.6780701894895174 0.2852349105523899 0.04385965003166348 0.103355708764866
0 0.7570175595465116 0.2986577298725024 0.047368422034196556 0.09798658103682101
0 0.8131579115870409 0.155033563147299 0.06140351004432887 0.11946309194900095
0 0.8793859831348527 0.2932886021444574 0.07807017705636099 0.1382550389971584
0 0.21096491665230133 0.2617449767421931 0.04473684303229675 0.07785235205665231
