0 0.35156250261934474 0.5457899346220074 0.0717592597939074 0.12109375090221874
0 0.4403935217997059 0.48654514251393266 0.05787037080153823 0.08680555620230734
0 0.5727719950082246 0.5329861150821671 0.06336805602768436 0.09288194513646886
0 0.6508969955903012 0.5436197957169497 0.041956018831115216 0.06727430605678819
0 0.6715856531518511 0.49826389260124415 0.03356481506489217 0.059027778217568994
0 0.6762152828159742 0.4162326419900637 0.028935185400769114 0.04774305591126904
0 0.6957465329614934 0.5427517401549267 0.036747685458976775 0.06293402824667282
0 0.7456597277778201 0.5477430596365593 0.05787037080153823 0.09201388957444578
0 0.8972800992778502 0.6738281300204108 0.14178240846376866 0.2139756960386876
0 0.880642367672408 0.5364583373302594 0.0523726855753921 0.08767361176433042
