0 0.06646455069130752 0.6762640518718399 0.08069029662874527 0.12640449567697942
0 0.024253730778582394 0.6144662984297611 0.030783581372816116 0.053370787063613534
0 0.17933768239163328 0.7910814687784296 0.10494402740732767 0.16924157476751134
0 0.20359141317021567 0.6741573102772236 0.059235073247691616 0.07865168619900942
0 0.1490205189184053 0.62464888280374 0.029384327674051747 0.05126404546899721
0 0.12196828074229416 0.6555477595247794 0.027518656075699255 0.04143258469412103
0 0.28428170979896095 0.6716994450835045 0.06949626703863032 0.10463483253261074
0 0.3747667823190568 0.6594101191149093 0.043376864661695436 0.07724719180259854
0 0.45872200424491894 0.5386236010235734 0.03311567087075673 0.06882022542413324
0 0.5265858086349908 0.6594101191149093 0.028917909774463624 0.04494382068514824
0 0.5566697631584248 0.6815309058583807 0.043376864661695436 0.05547752865822986
0 0.6301305823435541 0.6938202318269759 0.054104476352222264 0.08426966378465295
0 0.6947294614365092 0.759129221260082 0.10307835580897518 0.15870786679442972
0 0.785214533956605 0.6980337150162086 0.027518656075699255 0.05196629266720265
0 0.9006529641046654 0.8321629298734479 0.19216417463030666 0.3356741607422009
0 0.823227592773037 0.6903089958359487 0.03358208877034485 0.06320224783848971
