0 0.1259469734504819 0.5705979930935428 0.06060606241226196 0.11794019653461874
0 0.2736742505803704 0.2574750769417733 0.013257576152682304 0.029900331515818834
0 0.28645834187045693 0.2499999940628186 0.016098485328257084 0.028239201987162232
0 0.29545455425977707 0.28571427892893553 0.02083333395421505 0.03322259057313204
0 0.37878789007663727 0.2790697608143091 0.017045455053448677 0.03322259057313204
0 0.3641098593361676 0.264950159820728 0.012310606427490711 0.01827242481522262
0 0.3499053134582937 0.23338869877625257 0.016098485328257084 0.028239201987162232
0 0.3750000111758709 0.23754152259789407 0.017045455053448677 0.02657807245850563
0 0.3844697084277868 0.1843853776808828 0.013257576152682304 0.02657807245850563
0 0.39772728458046913 0.19269102532416582 0.011363636702299118 0.02657807245850563
0 0.42376895202323794 0.1785714243305847 0.012310606427490711 0.028239201987162232
0 0.42376895202323794 0.15282391663640738 0.014204545877873898 0.02657807245850563
0 0.4545454680919647 0.1835548129165545 0.013257576152682304 0.02491694292984903
0 0.45028410432860255 0.15946843475103378 0.010416666977107525 0.019933554343879223
0 0.4706439534202218 0.19019933103118092 0.013257576152682304 0.031561461044475436
0 0.4602272864431143 0.23421926354058087 0.018939394503831863 0.03654484963044524
0 0.4829545598477125 0.22591361589729786 0.017045455053448677 0.03322259057313204
0 0.5014204694889486 0.19518271961715072 0.014204545877873898 0.03488372010178864
0 0.5303030461072922 0.20598006155341864 0.018939394503831863 0.03322259057313204
0 0.5156250153668225 0.1719269062159583 0.014204545877873898 0.02491694292984903
0 0.48058713553473353 0.15199335187207907 0.012310606427490711 0.021594683872535825
0 0.47632577177137136 0.13289036229252815 0.011363636702299118 0.019933554343879223
0 0.5132575910538435 0.13039866799954325 0.009469697251915932 0.021594683872535825
0 0.530776530969888 0.13787375087849796 0.010416666977107525 0.023255813401192427
0 0.5497159254737198 0.12126245559193194 0.014204545877873898 0.02657807245850563
0 0.5601325924508274 0.10382059554103762 0.014204545877873898 0.02491694292984903
0 0.5809659264050424 0.15365448140073568 0.012310606427490711 0.02491694292984903
0 0.5601325924508274 0.1744186005089432 0.016098485328257084 0.023255813401192427
0 0.5662878956645727 0.13205979752819985 0.011363636702299118 0.02491694292984903
0 0.5899621387943625 0.10215946601238102 0.009469697251915932 0.01827242481522262
0 0.6065341089852154 0.10797341936267912 0.012310606427490711 0.019933554343879223
0 0.5961174420081079 0.1752491652732715 0.014204545877873898 0.028239201987162232
0 0.6188447154127061 0.16029899951536208 0.012310606427490711 0.02491694292984903
0 0.6287878975272179 0.12541527941357344 0.011363636702299118 0.02491694292984903
0 0.6245265337638557 0.09551494789775461 0.008522727526724339 0.01827242481522262
0 0.6557765346951783 0.13372092705685645 0.010416666977107525 0.02491694292984903
0 0.6614583530463278 0.11544850224163383 0.010416666977107525 0.014950165757909417
0 0.6614583530463278 0.09717607742641121 0.008522727526724339 0.01827242481522262
0 0.6841856264509261 0.10132890124805272 0.012310606427490711 0.023255813401192427
0 0.7078598695807159 0.11378737271297723 0.014204545877873898 0.028239201987162232
0 0.5014204694889486 0.29734218562953174 0.021780303679406643 0.04651162680238485
0 0.5487689557485282 0.3247508228523657 0.019886364229023457 0.04152823821641505
0 0.581912896130234 0.24501660547684878 0.019886364229023457 0.03488372010178864
0 0.6311553218401968 0.24584717024117708 0.021780303679406643 0.04318936774507165
0 0.6406250190921128 0.19933554343879223 0.019886364229023457 0.03654484963044524
0 0.660984868183732 0.1661129528656602 0.01515151560306549 0.029900331515818834
0 0.6756628989242017 0.21013288537506014 0.021780303679406643 0.03488372010178864
0 0.6396780493669212 0.31727573997341096 0.025568182580173016 0.04983388585969806
0 0.7054924452677369 0.30897009233012795 0.02651515230536461 0.05315614491701126
0 0.7523674466647208 0.38205979159101844 0.027462122030556202 0.06312292208895087
0 0.8229166911914945 0.41112955834250897 0.03030303120613098 0.06478405161760747
0 0.9086174513213336 0.4144518173998222 0.031250000931322575 0.07142856973223388
0 0.9251894215121865 0.30813952756579965 0.024621212854981422 0.05149501538835466
0 0.8555871467106044 0.29485049133654684 0.02367424312978983 0.048172756331041455
0 0.8214962366037071 0.24252491118386388 0.019886364229023457 0.03654484963044524
0 0.7689394168555737 0.256644512177445 0.024621212854981422 0.048172756331041455
0 0.7765151746571064 0.22508305113296956 0.02651515230536461 0.031561461044475436
0 0.7845644173212349 0.1843853776808828 0.01799242477864027 0.029900331515818834
0 0.7391098705120385 0.2541528178844601 0.019886364229023457 0.05315614491701126
0 0.7121212333440781 0.24252491118386388 0.02651515230536461 0.039867108687758446
0 0.7083333544433117 0.14784052805043757 0.01515151560306549 0.029900331515818834
0 0.719223506283015 0.1818936833878979 0.016098485328257084 0.031561461044475436
0 0.7428977494128048 0.20099667296744883 0.01799242477864027 0.03654484963044524
0 0.7367424461990595 0.1677740823943168 0.013257576152682304 0.02657807245850563
0 0.7509469920769334 0.14451826899312437 0.01515151560306549 0.03654484963044524
0 0.7566288104280829 0.11295680794864893 0.013257576152682304 0.029900331515818834
0 0.7722538108937442 0.13205979752819985 0.014204545877873898 0.03488372010178864
0 0.7902462356723845 0.13205979752819985 0.014204545877873898 0.031561461044475436
0 0.8257576003670692 0.14202657470013946 0.01515151560306549 0.038205979159101844
0 0.8442235100083053 0.13621262134984136 0.010416666977107525 0.029900331515818834
0 0.8754735109396279 0.1636212585726753 0.014204545877873898 0.031561461044475436
0 0.87973487470299 0.14617939852178097 0.011363636702299118 0.023255813401192427
0 0.866003813687712 0.11960132606327534 0.012310606427490711 0.02657807245850563
0 0.8839962384663522 0.11544850224163383 0.012310606427490711 0.02491694292984903
0 0.8475379040464759 0.21013288537506014 0.017045455053448677 0.04485049727372825
0 0.8991477540694177 0.20348836726043373 0.016098485328257084 0.03488372010178864
0 0.8958333600312471 0.2624584655277431 0.018939394503831863 0.04983388585969806
0 0.9280303306877613 0.264950159820728 0.017045455053448677 0.038205979159101844
0 0.9469697251915932 0.24584717024117708 0.02083333395421505 0.04318936774507165
0 0.9389204825274646 0.21179401490371674 0.016098485328257084 0.038205979159101844
0 0.9479166949167848 0.15531561092939228 0.011363636702299118 0.02491694292984903
0 0.9152462393976748 0.13205979752819985 0.012310606427490711 0.02491694292984903
0 0.9043560875579715 0.1686046471586451 0.017045455053448677 0.028239201987162232
0 0.9128788150846958 0.1652823881013319 0.011363636702299118 0.028239201987162232
