0 0.04150390625 0.6686198115930893 0.0771484375 0.1184895868645981
0 0.16943359375 0.47265626408625394 0.0615234375 0.06770833535119891
0 0.244140625 0.5123698069364764 0.0546875 0.076822918956168
0 0.298828125 0.6126302265911363 0.064453125 0.08723958593327552
0 0.25927734375 0.700520854210481 0.0673828125 0.10677083651535213
0 0.34130859375 0.5104166818782687 0.0361328125 0.07291666883975267
0 0.36083984375 0.4687500139698386 0.0341796875 0.04687500139698386
0 0.4619140625 0.5540364748449065 0.0390625 0.06119791849050671
0 0.41796875 0.6940104373497888 0.060546875 0.07291666883975267
0 0.56103515625 0.42838542943354696 0.0263671875 0.052083334885537624
0 0.52099609375 0.46354168048128486 0.0283203125 0.04687500139698386
0 0.59912109375 0.4576823053066619 0.0224609375 0.04296875128056854
0 0.650390625 0.5091145985061303 0.046875 0.0833333358168602
0 0.72607421875 0.5195312654832378 0.0419921875 0.06250000186264515
0 0.7705078125 0.5592448083334602 0.056640625 0.08723958593327552
0 0.72314453125 0.4720052224001847 0.0224609375 0.04557291802484542
0 0.7890625 0.6627604364184663 0.078125 0.11458333674818277
0 0.93603515625 0.7994791904930025 0.1044921875 0.14322917093522847
0 0.93408203125 0.5449218912399374 0.0810546875 0.10807291988749057
0 0.8720703125 0.5279948074021377 0.044921875 0.06901041872333735
0 0.8671875 0.47981772263301536 0.03125 0.04557291802484542
