0 0.7691886022221297 0.4444901348906569 0.045687134843319654 0.07702850934583694
0 0.7083333386108279 0.7487664529471658 0.10526315867900848 0.18777412420604378
0 0.7561220816569403 0.6654331189929508 0.06048976653255522 0.11376096575986594
0 0.8284905032487586 0.8134594358853064 0.14053362677805126 0.23930921230930835
0 0.974323837668635 0.7560307073872536 0.05135233956389129 0.18530701892450452
0 0.8298611172940582 0.7245065843453631 0.09137426968663931 0.13486842205747962
0 0.6042580454377457 0.7160087772645056 0.08570906496606767 0.1452850888017565
0 0.5779422557679936 0.6848958384362049 0.05975877237506211 0.12746710621286184
0 0.5217470799107105 0.6648848733748309 0.05409356765449047 0.10663377272430807
0 0.43777412606868893 0.7876918918336742 0.14345760340802372 0.22998903680127114
0 0.3228252948028967 0.7671326811541803 0.1145833341870457 0.16748903633560985
0 0.36741593840997666 0.6707785137696192 0.059027778217568994 0.10745614115148783
0 0.20824196061585099 0.6606359698344022 0.0667032168712467 0.10032894811592996
0 0.16008772049099207 0.6969572420348413 0.06871345080435276 0.10115131654310971
0 0.08433845092076808 0.7160087772645056 0.09703947440721095 0.13706140452995896
0 0.02001096506137401 0.6404879433684982 0.03965643304400146 0.08360745676327497
