0 0.11621405545156449 0.29570636292919517 0.018370606703683734 0.03462603781372309
0 0.17492012470029294 0.24584486847743392 0.01757188467308879 0.03185595478862524
0 0.2016773127252236 0.24584486847743392 0.019968050764873624 0.03462603781372309
0 0.23682108207140118 0.22229916276410222 0.016773162642493844 0.029085871763527393
0 0.3059105377178639 0.27216065721586347 0.01916932873427868 0.04293628688901663
0 0.3398562240181491 0.2209141212515533 0.015175718581303954 0.029085871763527393
0 0.3566293866606429 0.21398891368880868 0.011980830458924174 0.029085871763527393
0 0.36182107985951006 0.2659279704093933 0.01916932873427868 0.03601107932627201
0 0.413338650832884 0.28324098931625485 0.023162938887253404 0.045706369914114475
0 0.42452075926121324 0.22576176654547453 0.016773162642493844 0.033240996301174164
0 0.3861821017926559 0.2029085815884173 0.015175718581303954 0.029085871763527393
0 0.40575079154223204 0.19598337402567267 0.01757188467308879 0.029085871763527393
0 0.47244408109690994 0.1627423777244985 0.016773162642493844 0.03462603781372309
0 0.4976038250606507 0.2119113514199853 0.01916932873427868 0.041551245376467705
0 0.5015974352136254 0.2873961138539016 0.02076677279546857 0.045706369914114475
0 0.529952067299746 0.19944597780704498 0.016773162642493844 0.03601107932627201
0 0.5439297028351575 0.17451523058116436 0.01277955248951912 0.033240996301174164
0 0.5247603741008788 0.14958448335528374 0.01757188467308879 0.02770083025097847
0 0.5754792230436578 0.1717451475560665 0.019968050764873624 0.030470913276076317
0 0.5678913637530059 0.14542935881763697 0.01277955248951912 0.02770083025097847
0 0.5866613314719871 0.15789473243057728 0.016773162642493844 0.033240996301174164
0 0.6110223534051329 0.11011080024763942 0.01118210842832923 0.0235457057133317
0 0.5702875298447907 0.30332409124821424 0.02715654904022813 0.04432132840156555
0 0.6661341735161841 0.3490304611623287 0.030351437162607908 0.06371190957725048
0 0.573881778982468 0.24168974393978715 0.018370606703683734 0.037396120838820934
0 0.601837050053291 0.25415511755272746 0.019968050764873624 0.045706369914114475
0 0.6058306602062657 0.22368420427665114 0.019968050764873624 0.03462603781372309
0 0.6505590939195827 0.1862880834378302 0.013578274520114064 0.04293628688901663
0 0.6637380074243993 0.21329639293253422 0.02236421685665846 0.0470914114266634
0 0.6785143649904057 0.16204985696822405 0.018370606703683734 0.02770083025097847
0 0.7643769832793623 0.36288087628781796 0.02875399310141802 0.05540166050195694
0 0.7268370478413999 0.25277007604017854 0.02875399310141802 0.054016618989408016
0 0.7096645241836086 0.22714680805802345 0.019968050764873624 0.03601107932627201
0 0.6545527040725574 0.2700830949470401 0.023162938887253404 0.04432132840156555
0 0.7056709140306339 0.18767312495037913 0.016773162642493844 0.03185595478862524
0 0.7336261851014569 0.1952908532693982 0.018370606703683734 0.03878116235136986
0 0.7627795392181724 0.22853184957057238 0.01757188467308879 0.033240996301174164
0 0.7795527018606663 0.20844874763861299 0.01757188467308879 0.03462603781372309
0 0.7679712324170396 0.18005539663136005 0.015175718581303954 0.030470913276076317
0 0.7819488679524511 0.13088642293587327 0.0159744406118989 0.03185595478862524
0 0.8091054169926792 0.1412742342799902 0.01437699655070901 0.033240996301174164
0 0.8126996661303565 0.23614957788959146 0.018370606703683734 0.05124653596431017
0 0.7863418391207233 0.2963988836854696 0.023162938887253404 0.049861494451761246
0 0.8550319337518886 0.2873961138539016 0.026357827009633183 0.04847645293921232
0 0.8742012624861673 0.25761772133409977 0.018370606703683734 0.0470914114266634
0 0.9081469487864524 0.2638504081405699 0.01916932873427868 0.04847645293921232
0 0.8961661183275282 0.19667589478194714 0.0159744406118989 0.033240996301174164
0 0.8302715508034453 0.22368420427665114 0.015175718581303954 0.04293628688901663
0 0.8518370456295088 0.19252077024430037 0.011980830458924174 0.033240996301174164
0 0.8642172371037304 0.1502770041115582 0.01437699655070901 0.03462603781372309
0 0.8270766626810655 0.1703601060435176 0.015175718581303954 0.033240996301174164
