0 0.33943513775011525 0.2086466217879206 0.017782426322810352 0.033834587316960096
0 0.47437237278791144 0.20394737354945391 0.028242677100934088 0.06203007674776018
0 0.5496861783904023 0.19172932812944055 0.017782426322810352 0.033834587316960096
0 0.5507322034682147 0.232142862980254 0.028242677100934088 0.06203007674776018
0 0.5842050059582107 0.2246240657987073 0.021966526634059846 0.050751880975440145
0 0.6182008209871128 0.2011278246063739 0.02301255171187222 0.04511278308928013
0 0.6359832473099232 0.23590226157102734 0.02301255171187222 0.050751880975440145
0 0.6600418240996078 0.2114661707310006 0.020920501556247473 0.0469924823846668
0 0.6987447519786656 0.21334587002638727 0.018828451400622725 0.03947368520312011
0 0.7259414040017873 0.26973684888798743 0.02301255171187222 0.05827067815698683
0 0.8226987236994319 0.2922932404326275 0.02615062694530934 0.050751880975440145
0 0.8718619023566134 0.2603383524110541 0.021966526634059846 0.05827067815698683
0 0.9325313568697311 0.2922932404326275 0.028242677100934088 0.06578947533853352
0 0.9116108553134836 0.30451128585264087 0.024058576789684594 0.060150377452373505
0 0.904288679768797 0.33552632422652096 0.030334727256558836 0.06578947533853352
