0 0.3762195125455037 0.17826086143031716 0.013414634158834815 0.03913043299689889
0 0.711585366516374 0.3239130286965519 0.040243902476504445 0.0826086918823421
0 0.4207317077089101 0.17499999201390892 0.017073170747607946 0.04130434594117105
0 0.4347560979658738 0.13913042843341827 0.015853658551350236 0.03478260710835457
0 0.45000000041909516 0.14456521079409868 0.017073170747607946 0.03260869416408241
0 0.45426829310599715 0.1597826014040038 0.018292682943865657 0.028260868275538087
0 0.47195121995173395 0.148913036682643 0.019512195140123367 0.03695652005262673
0 0.5006097565637901 0.12499999429564923 0.0231707317288965 0.03260869416408241
0 0.49085365899372846 0.14456521079409868 0.02560975612141192 0.028260868275538087
0 0.4865853663068265 0.17717390495818108 0.021951219532638788 0.03695652005262673
0 0.505487805348821 0.18043477437458932 0.015853658551350236 0.021739129442721605
0 0.5243902443908155 0.1326086896006018 0.019512195140123367 0.030434781219810247
0 0.5469512200215831 0.1271739072399214 0.015853658551350236 0.028260868275538087
0 0.5743902444373816 0.13913042843341827 0.017073170747607946 0.03478260710835457
0 0.5993902444606647 0.1271739072399214 0.020731707336381078 0.03695652005262673
0 0.6018292688531801 0.16304347082041204 0.02560975612141192 0.04782608477398753
0 0.62317073228769 0.14130434137769043 0.019512195140123367 0.04347825888544321
0 0.6304878054652363 0.11956521193496883 0.017073170747607946 0.030434781219810247
0 0.6682926835492253 0.11956521193496883 0.012195121962577105 0.030434781219810247
0 0.7030487811425701 0.11956521193496883 0.013414634158834815 0.03478260710835457
0 0.6256097566802055 0.21739129442721605 0.017073170747607946 0.03478260710835457
0 0.6591463420772925 0.18804346967954189 0.018292682943865657 0.04999999771825969
0 0.6963414640631527 0.17499999201390892 0.014634146355092525 0.03260869416408241
0 0.6731707323342562 0.22173912031576037 0.017073170747607946 0.03478260710835457
0 0.7103658543201163 0.23586955445352942 0.018292682943865657 0.04565217182971537
0 0.732926829950884 0.14565216726623476 0.021951219532638788 0.03913043299689889
0 0.732926829950884 0.17391303554177284 0.012195121962577105 0.03478260710835457
0 0.7524390250910074 0.13043477665632963 0.017073170747607946 0.026086955331265926
0 0.766463415347971 0.13043477665632963 0.020731707336381078 0.030434781219810247
0 0.7701219519367442 0.18586955673526973 0.02560975612141192 0.04565217182971537
0 0.7969512202544138 0.16739129670895636 0.018292682943865657 0.04347825888544321
0 0.7890243909787387 0.21086955559439957 0.017073170747607946 0.03913043299689889
0 0.8121951227076352 0.148913036682643 0.017073170747607946 0.03695652005262673
0 0.8201219519833103 0.13586955901701003 0.013414634158834815 0.028260868275538087
0 0.8243902446702123 0.18043477437458932 0.009756097570061684 0.03478260710835457
0 0.9048780496232212 0.17717390495818108 0.017073170747607946 0.04999999771825969
0 0.8707317081280053 0.26630433567333966 0.021951219532638788 0.04565217182971537
0 0.9262195130577311 0.23043477209284902 0.013414634158834815 0.030434781219810247
0 0.9329268301371485 0.21086955559439957 0.012195121962577105 0.030434781219810247
0 0.9310975618427619 0.17717390495818108 0.015853658551350236 0.028260868275538087
0 0.5420731712365523 0.1434782543219626 0.013414634158834815 0.026086955331265926
0 0.8975609764456749 0.2097825991222635 0.009756097570061684 0.04130434594117105
