0 0.16214057221077383 0.47972029831726104 0.04472843371331692 0.07552447845228016
0 0.29113418015185744 0.2678321782150306 0.019968050764873624 0.04055944213178009
0 0.31829072919208556 0.21258742082864046 0.016773162642493844 0.03356643486768007
0 0.32867411558981985 0.2272727360832505 0.018370606703683734 0.03776223922614008
0 0.32987219863571227 0.2734265840263106 0.02396166091784835 0.043356645037420094
0 0.35183705447707325 0.2300699389888905 0.019968050764873624 0.043356645037420094
0 0.3714057442266494 0.2265734353568405 0.01916932873427868 0.04195804358460009
0 0.3630191629054025 0.2720279825734906 0.023162938887253404 0.043356645037420094
0 0.3993610152974725 0.2279720368096605 0.02076677279546857 0.03636363777332008
0 0.4049520695116371 0.19370630121557042 0.01916932873427868 0.034965036320500076
0 0.42611820332240313 0.24895105860196054 0.021565494826063514 0.0447552464902401
0 0.4484824201790616 0.21608392446069047 0.016773162642493844 0.03776223922614008
0 0.42851436941418797 0.21328672155505046 0.015175718581303954 0.03776223922614008
0 0.42891373042948544 0.17342658014968038 0.02076677279546857 0.03636363777332008
0 0.47523960820399225 0.2272727360832505 0.02396166091784835 0.04055944213178009
0 0.4876197996782139 0.19300700048916042 0.021565494826063514 0.03636363777332008
0 0.45207666931673884 0.16503497143276036 0.0159744406118989 0.02797202905640006
0 0.44888178119435906 0.1398601452820003 0.01437699655070901 0.02797202905640006
0 0.46525558282155544 0.1433566489140503 0.015175718581303954 0.029370630509220064
0 0.4916134098311886 0.15664336271584034 0.016773162642493844 0.02797202905640006
0 0.4944089369382709 0.12587413075380027 0.01277955248951912 0.025174826150760055
0 0.5083865724736825 0.12727273220662028 0.010383386397734284 0.019580420339480042
0 0.5203674029326066 0.15804196416866034 0.016773162642493844 0.03356643486768007
0 0.5347443994833156 0.17412588087609038 0.018370606703683734 0.04055944213178009
0 0.5411341757280752 0.12447552930098027 0.013578274520114064 0.030769231962040067
0 0.5567092553246766 0.1440559496404603 0.01437699655070901 0.02797202905640006
0 0.5754792230436578 0.16083916707430035 0.021565494826063514 0.03636363777332008
0 0.5591054214164615 0.12167832639534026 0.01277955248951912 0.02237762324512005
0 0.5642971146153286 0.11258741695201024 0.011980830458924174 0.020979021792300045
0 0.580670916242525 0.12097902566893026 0.01757188467308879 0.029370630509220064
0 0.5894568585790694 0.10209790605586022 0.01277955248951912 0.025174826150760055
0 0.6058306602062657 0.15524476126302034 0.016773162642493844 0.030769231962040067
0 0.6042332161450759 0.1335664387443103 0.011980830458924174 0.020979021792300045
0 0.6174121296498924 0.0944055980653502 0.01437699655070901 0.026573427603580058
0 0.6353833753382787 0.10139860532945022 0.013578274520114064 0.02377622469794005
0 0.6465654837666079 0.12657343148021027 0.015175718581303954 0.026573427603580058
0 0.6665335345314816 0.10139860532945022 0.015175718581303954 0.029370630509220064
0 0.6649360904702917 0.1321678372914903 0.016773162642493844 0.029370630509220064
0 0.6916932784952223 0.10139860532945022 0.01277955248951912 0.029370630509220064
0 0.7124600512906909 0.1321678372914903 0.01916932873427868 0.034965036320500076
0 0.6984824157552794 0.1825174895930104 0.021565494826063514 0.043356645037420094
0 0.6537539820419624 0.22097902954556048 0.021565494826063514 0.04195804358460009
0 0.6597443972714245 0.2692307796678506 0.02875399310141802 0.057342659565620124
0 0.6082268262980506 0.25664336659247056 0.031150159193202853 0.06013986247126013
0 0.6186102126957849 0.20979021792300045 0.023162938887253404 0.05034965230152011
0 0.5650958366459236 0.24755245714914054 0.026357827009633183 0.05034965230152011
0 0.5203674029326066 0.29160840291297063 0.03434504731558263 0.06573426828254014
0 0.6062300212215632 0.34895106247859076 0.0319488812237978 0.06573426828254014
0 0.6988817767705768 0.2286713375360705 0.02555910497903824 0.048951050848700106
0 0.732028741040267 0.1839160910458304 0.023162938887253404 0.048951050848700106
0 0.7224440766731277 0.16223776852712035 0.013578274520114064 0.03356643486768007
0 0.7496006257133558 0.1433566489140503 0.018370606703683734 0.03776223922614008
0 0.7488019036827609 0.11398601840483025 0.019968050764873624 0.026573427603580058
0 0.7867412001360208 0.10629371041432023 0.0159744406118989 0.030769231962040067
0 0.8087060559773818 0.11678322131047025 0.019968050764873624 0.034965036320500076
0 0.827476023696363 0.11748252203688025 0.01757188467308879 0.030769231962040067
0 0.826677301665768 0.15174825763097033 0.01437699655070901 0.03216783341486007
0 0.8031150017632172 0.1790209859609604 0.024760382948443294 0.0447552464902401
0 0.7855431170901284 0.15454546053661034 0.018370606703683734 0.03216783341486007
0 0.762380178202875 0.17692308378173038 0.016773162642493844 0.034965036320500076
0 0.7771565357688814 0.20209790993249044 0.01916932873427868 0.057342659565620124
0 0.7507987087592483 0.2356643448001705 0.030351437162607908 0.06013986247126013
0 0.7871405611513183 0.2643356745829806 0.024760382948443294 0.06713286973536015
0 0.8115015830844641 0.24755245714914054 0.02396166091784835 0.053146855207160115
0 0.8426517422776669 0.21258742082864046 0.02396166091784835 0.053146855207160115
0 0.8570287388283759 0.16503497143276036 0.01757188467308879 0.03636363777332008
0 0.8650159591343254 0.15104895690456033 0.01757188467308879 0.03356643486768007
0 0.871405735379085 0.1321678372914903 0.0159744406118989 0.026573427603580058
0 0.9057507826946676 0.1391608445555903 0.01437699655070901 0.03216783341486007
0 0.8985622844193131 0.15664336271584034 0.01277955248951912 0.03356643486768007
0 0.8913737861439586 0.1874125946778804 0.0159744406118989 0.03636363777332008
0 0.8690095692873001 0.21538462373428047 0.01437699655070901 0.04195804358460009
0 0.8789935946697369 0.24615385569632053 0.023162938887253404 0.05034965230152011
0 0.8658146811649203 0.3125874247052707 0.0319488812237978 0.057342659565620124
0 0.8430511032929644 0.3727272871765308 0.04073482356034219 0.07692307990510017
0 0.8929712302051485 0.44195805909112096 0.04313098965212703 0.0895104929804802
0 0.9109424758935347 0.3314685443183407 0.03434504731558263 0.06993007264100015
0 0.9201277792453766 0.2321678411681205 0.02555910497903824 0.05034965230152011
0 0.9273162775207311 0.20279721065890044 0.01757188467308879 0.030769231962040067
0 0.9396964689949527 0.16783217433840036 0.016773162642493844 0.03356643486768007
