0 0.031135531258769333 0.4095607342896983 0.05494505516253412 0.11111111403442919
0 0.32600732729770243 0.282945743878372 0.13186813239008188 0.2093023310881108
0 0.3946886462508701 0.43023256945889443 0.0787545790662989 0.15762274316512048
0 0.4386446903808974 0.4741602191934362 0.03846153861377388 0.08527132007293403
0 0.48626373818842694 0.45994833251461387 0.056776557001285255 0.06718346429988742
0 0.45970696152653545 0.3979328270070255 0.021978022065013647 0.04651162913069129
0 0.5576923098997213 0.4715762397972867 0.03846153861377388 0.080103361280635
0 0.5796703319647349 0.43927649734541774 0.03846153861377388 0.06201550550758839
0 0.5183150203665718 0.4186046621762216 0.029304029420018196 0.04651162913069129
0 0.5357142878347076 0.277777785086073 0.11538461584132165 0.15762274316512048
0 0.7793040323886089 0.5051679719472304 0.0641025643562898 0.11111111403442919
0 0.7463369992910884 0.44573644583579153 0.049450549646280706 0.09043927886523306
0 0.7985348016954958 0.443152466439642 0.04029304045252502 0.07493540248833597
0 0.8287545820348896 0.4780361882876605 0.05311355332378298 0.09302325826138258
0 0.8617216151324101 0.44444445613771677 0.056776557001285255 0.08785529946908355
0 0.921245424891822 0.48449613677803427 0.04761904780752957 0.07493540248833597
0 0.9386446923599578 0.46382430160883814 0.03479853493627161 0.05426356731913984
