0 0.4710145090939477 0.3430232545360923 0.028985508251935244 0.03875968977808952
0 0.9166666984674521 0.5852713156491518 0.04492753779049963 0.058139534667134285
0 0.9094203214044683 0.6463178270496428 0.056521741091273725 0.07558139506727457
0 0.9000000312225893 0.7635658886283636 0.08985507558099926 0.12015503831207752
0 0.8869565525092185 0.7131782919168472 0.05507246567867696 0.06976744160056114
0 0.834782637655735 0.9040697640739381 0.1420289904344827 0.16472868155688047
0 0.5014492927584797 0.8352713147178292 0.10144927888177335 0.1705426350235939
0 0.6260869782418013 0.6986434082500637 0.08695652475580573 0.12596899177879095
0 0.7086956767598167 0.6405038735829294 0.06956521980464458 0.11046511586755514
0 0.749275388312526 0.5959302303381264 0.04637681320309639 0.07558139506727457
0 0.779710171977058 0.5765503854490817 0.04637681320309639 0.06782945711165667
0 0.6565217619063333 0.5552325560711324 0.04637681320309639 0.06395348813384771
0 0.6057971224654466 0.6027131760492921 0.04637681320309639 0.06589147262275219
0 0.5485507436678745 0.6056201527826488 0.056521741091273725 0.07945736404508352
0 0.5500000190804712 0.5368217034265399 0.036231885314919055 0.06589147262275219
0 0.4869565386325121 0.5755813932046294 0.049275364028289914 0.0736434105783701
0 0.4673913205624558 0.6705426331609488 0.0652173935668543 0.09302325546741486
0 0.40434784011449665 0.6007751915603876 0.05217391485348344 0.08527131751179695
0 0.2760869660996832 0.7713178265839815 0.09710145264398307 0.1472868211567402
0 0.31159421370830387 0.6249999976716936 0.07826087228022516 0.10658914688974619
0 0.34347827278543264 0.5261627887375653 0.03768116072751582 0.05620155017822981
0 0.25869566114852205 0.5281007732264698 0.03913043614011258 0.06007751915603876
0 0.26304348738631234 0.5009689903818071 0.036231885314919055 0.04457364324480295
0 0.09057971328729764 0.6850775168277323 0.08260869851801544 0.122093022800982
0 0.031159421370830387 0.5436046491377056 0.050724639440886676 0.07558139506727457
0 0.0420289869653061 0.4835271299816668 0.03768116072751582 0.048449612222611904
0 0.10652174282586202 0.5096899205818772 0.03333333448972553 0.05426356568932533
0 0.14710145437857136 0.5387596879154444 0.036231885314919055 0.058139534667134285
0 0.14275362814078107 0.4864341067150235 0.03333333448972553 0.05038759671151638
0 0.18478261510608718 0.5116279050707817 0.036231885314919055 0.058139534667134285
