0 0.22004791942890733 0.4249649334233254 0.05191693198867142 0.09817671729251742
0 0.27036740735638887 0.2580645140260458 0.018370606703683734 0.03646563785150647
0 0.28634184796828777 0.2517531536286697 0.016773162642493844 0.03786816238425672
0 0.3166932851308957 0.25315567816141993 0.016773162642493844 0.04067321144975722
0 0.3266773105133325 0.2755960706854239 0.02555910497903824 0.046283309580758214
0 0.3306709206663072 0.2152875157771632 0.01916932873427868 0.043478260515257716
0 0.39816293225158006 0.2496493668295443 0.019968050764873624 0.044880785048007965
0 0.4153354559093714 0.26297334989067167 0.02396166091784835 0.046283309580758214
0 0.3957667661597952 0.18863954965490848 0.019968050764873624 0.03506311331875622
0 0.406549513572827 0.17040673072915524 0.01277955248951912 0.02384291705675423
0 0.4221245931694284 0.1753155665937811 0.016773162642493844 0.03646563785150647
0 0.43170925753656775 0.15638148540165275 0.018370606703683734 0.029453015187755227
0 0.4556709184544161 0.21107994217891246 0.019968050764873624 0.03506311331875622
0 0.457268362515606 0.18302945152390748 0.016773162642493844 0.029453015187755227
0 0.4596645286073908 0.15708274766802788 0.016773162642493844 0.02524544158950448
0 0.4772364132804796 0.21669004030991346 0.021565494826063514 0.04067321144975722
0 0.5083865724736825 0.1781206156592816 0.016773162642493844 0.03646563785150647
0 0.48841852170880884 0.1318373060785234 0.013578274520114064 0.022440392524003983
0 0.5207667639479041 0.11851332301739603 0.01277955248951912 0.029453015187755227
0 0.5315495113609359 0.13043478154577315 0.013578274520114064 0.022440392524003983
0 0.5379392876056954 0.1605890589999035 0.015175718581303954 0.032258064253255725
0 0.5447284248657525 0.18793828738853335 0.01757188467308879 0.033660588786005974
0 0.5507188400952145 0.1402524532750249 0.013578274520114064 0.033660588786005974
0 0.5722843349212781 0.15988779673352838 0.016773162642493844 0.03927068691700697
0 0.5834664433496073 0.14866760047152638 0.016773162642493844 0.033660588786005974
0 0.5974440788850188 0.1002805040916428 0.01437699655070901 0.02384291705675423
0 0.6058306602062657 0.09046283236239105 0.013578274520114064 0.02664796612225473
0 0.6118210754357278 0.12412342114839703 0.01757188467308879 0.02664796612225473
0 0.6206070177722722 0.14235624007415026 0.01757188467308879 0.029453015187755227
0 0.6461661227513105 0.11360448715277016 0.01437699655070901 0.028050490655004978
0 0.666932895546779 0.1234221588820219 0.01916932873427868 0.030855539720505476
0 0.6138178805122152 0.20266479498241097 0.023162938887253404 0.03786816238425672
0 0.6437699566595256 0.1753155665937811 0.02076677279546857 0.044880785048007965
0 0.6501597329042852 0.2237026629736647 0.02396166091784835 0.04908835864625871
0 0.6545527040725574 0.2552594649605453 0.027955271070823073 0.05049088317900896
0 0.6625399243785068 0.3015427745413035 0.031150159193202853 0.058906030375510454
0 0.4964057420147583 0.2952314141439274 0.031150159193202853 0.05189340771175921
0 0.5351437604986131 0.309957921737805 0.02875399310141802 0.06171107944101095
0 0.565495197661221 0.2440392686985433 0.02396166091784835 0.04768583411350846
0 0.616214046604 0.24894810456316918 0.026357827009633183 0.057503505842760205
0 0.6920926395105198 0.18793828738853335 0.019968050764873624 0.03927068691700697
0 0.6861022242810577 0.15988779673352838 0.01757188467308879 0.028050490655004978
0 0.7212459936272353 0.14866760047152638 0.01437699655070901 0.033660588786005974
0 0.740415322361514 0.1430575023405254 0.0159744406118989 0.022440392524003983
0 0.7627795392181724 0.12692847021389753 0.01437699655070901 0.029453015187755227
0 0.7611820951569825 0.1718092552619055 0.01757188467308879 0.03506311331875622
0 0.7452076545450836 0.18022440245840698 0.01757188467308879 0.03506311331875622
0 0.753993596881628 0.22159887617453933 0.02076677279546857 0.04207573598250747
0 0.7056709140306339 0.22230013844091445 0.023162938887253404 0.046283309580758214
0 0.7028753869235516 0.27699859521817416 0.02555910497903824 0.057503505842760205
0 0.7420127664227039 0.3583450181176886 0.03514376934617758 0.0687237021047622
0 0.8051118068397045 0.29102384054567665 0.0319488812237978 0.0603085549082607
0 0.813099027145654 0.25105189136229455 0.02555910497903824 0.05049088317900896
0 0.782747589983046 0.2089761553797871 0.02076677279546857 0.03927068691700697
0 0.7963258645031601 0.15287517406977713 0.0159744406118989 0.033660588786005974
0 0.8003194746561348 0.13253856834489852 0.01437699655070901 0.029453015187755227
0 0.8262779406504706 0.1493688627379015 0.015175718581303954 0.032258064253255725
0 0.848642157507129 0.14165497780777514 0.013578274520114064 0.030855539720505476
0 0.8546325727365911 0.304347823606804 0.02715654904022813 0.058906030375510454
0 0.8642172371037304 0.25315567816141993 0.01916932873427868 0.057503505842760205
0 0.8338657999411225 0.21949508937541395 0.01757188467308879 0.03786816238425672
0 0.8374600490787998 0.1809256647247821 0.015175718581303954 0.03646563785150647
0 0.8841852878686041 0.23141654790379107 0.02076677279546857 0.04207573598250747
0 0.8837859268533066 0.18863954965490848 0.015175718581303954 0.043478260515257716
0 0.9157348080771044 0.26507713668979704 0.019968050764873624 0.04768583411350846
0 0.8777955116238445 0.1430575023405254 0.01277955248951912 0.030855539720505476
