0 0.18000000016763806 0.4168377968017012 0.07384615391492844 0.09856263175606728
0 0.2323076925240457 0.5184805108001456 0.11384615395218134 0.17864477005787194
0 0.3261538464576006 0.4127310204785317 0.0615384615957737 0.0821355264633894
0 0.41538461577147245 0.38398358621634543 0.0400000000372529 0.06981519749388099
0 0.5084615389350802 0.5472279450623319 0.0907692308537662 0.1581108884420246
0 0.5753846159204841 0.4425051488215104 0.0800000000745058 0.1416837831493467
0 0.5207692312542349 0.3880903625395149 0.0507692308165133 0.08624230278655887
0 0.570769231300801 0.35215606971178204 0.03692307695746422 0.05544148036278784
0 0.7192307699006051 0.33572896441910416 0.03230769233778119 0.05954825668595731
0 0.7400000006891787 0.41786449088249356 0.06769230775535107 0.11704312521032989
0 0.826923077693209 0.4188911849632859 0.06307692313566804 0.10266940807923675
0 0.8161538469139487 0.37679672765079886 0.0507692308165133 0.08418891462497413
0 0.9223076931666583 0.38295689213555306 0.053846153896301985 0.09240246727131307
