0 0.7336090945900651 0.38337418746959884 0.06954657108872198 0.09763072009081952
0 0.5955882563721389 0.491421574348351 0.03431372670456767 0.054738562728744
0 0.5723039418226108 0.5028594829782378 0.028186275507323444 0.05964052357012406
0 0.5520833528717048 0.5173611171339871 0.04779411933850497 0.0706699354632292
0 0.42264094632992055 0.5761846472305479 0.06648284549009986 0.09844771356438287
0 0.33394609024981037 0.5810866080719279 0.05514706077519804 0.09681372661725618
0 0.27680760783550795 0.5945670003857231 0.07996323812403716 0.12132353082415648
0 0.34405638472526334 0.4773284369293833 0.030637255986221135 0.05678104641265236
0 0.3702512385934824 0.5108251693454804 0.03645833462360315 0.055964052939089015
0 0.4071691320568789 0.4973447770316852 0.037377452303189784 0.05269607904483564
0 0.447916682518553 0.49979575745237526 0.03186274622566998 0.0518790855712723
0 0.2755821175960591 0.4783496787713375 0.03584558950387873 0.05882353009656072
0 0.2428002536908025 0.48161765266559087 0.03890931510250084 0.06290849746437743
0 0.20312500718864612 0.5145016399765154 0.04779411933850497 0.08455882451380603
0 0.21783089006203227 0.46670752177305985 0.02757353038759902 0.04289215736207552
0 0.18412990847718902 0.480187914086855 0.034926471824292094 0.04779411820345558
0 0.15211397597158793 0.48100490756041836 0.04258578582084738 0.053513072518398985
0 0.12591912210336886 0.5447303984983591 0.051470590056851506 0.0878267984080594
0 0.06311274733161554 0.5637254967587069 0.06801470828941092 0.1037581711425446
0 0.04289215838070959 0.49285131292708684 0.053308825416024774 0.06985294198966585
0 0.05422794309561141 0.45751634519547224 0.04105392302153632 0.04493464104598388
0 0.09558823867700994 0.4577205935638631 0.03431372670456767 0.04289215736207552
