0 0.12400000588968396 0.33832336589694023 0.05600000265985727 0.09580838680267334
0 0.21500001021195203 0.38922157138586044 0.04600000218488276 0.07784431427717209
0 0.2360000112093985 0.3562874384224415 0.04400000208988786 0.06586826592683792
0 0.2790000132517889 0.39371258951723576 0.04600000218488276 0.07485030218958855
0 0.32800001557916403 0.39820360764861107 0.04000000189989805 0.07784431427717209
0 0.3140000149141997 0.3443113900721073 0.028000001329928637 0.06586826592683792
0 0.33800001605413854 0.37275450490415096 0.03600000170990825 0.06287425383925438
0 0.3720000176690519 0.38772456534206867 0.04400000208988786 0.0928143747150898
0 0.4270000202814117 0.359281450510025 0.042000001994892955 0.07784431427717209
0 0.45500002161134034 0.35329342633485794 0.034000001614913344 0.06586826592683792
0 0.47100002237129956 0.4011976197361946 0.042000001994892955 0.07784431427717209
0 0.4930000234162435 0.3757485169917345 0.03000000142492354 0.06287425383925438
0 0.5200000246986747 0.3757485169917345 0.028000001329928637 0.06287425383925438
0 0.5430000257911161 0.39820360764861107 0.034000001614913344 0.07784431427717209
0 0.5470000259811059 0.3562874384224415 0.03800000180490315 0.05988024175167084
0 0.5710000271210447 0.4011976197361946 0.03800000180490315 0.07784431427717209
0 0.5890000279759988 0.35329342633485794 0.03800000180490315 0.071856290102005
0 0.6170000293059275 0.36826348677277565 0.034000001614913344 0.06586826592683792
0 0.6390000303508714 0.40868264995515347 0.034000001614913344 0.06287425383925438
0 0.6130000291159377 0.4431137889623642 0.042000001994892955 0.06586826592683792
0 0.6750000320607796 0.42964073456823826 0.03800000180490315 0.06886227801442146
0 0.6600000313483179 0.36377246864140034 0.03200000151991844 0.06287425383925438
0 0.6930000329157338 0.3817365411669016 0.034000001614913344 0.06886227801442146
0 0.7280000345781446 0.41017965599894524 0.03200000151991844 0.06586826592683792
0 0.7590000360505655 0.40868264995515347 0.03800000180490315 0.06886227801442146
0 0.8130000386154279 0.37275450490415096 0.03800000180490315 0.06886227801442146
0 0.8250000391853973 0.43413175269961357 0.04600000218488276 0.07784431427717209
0 0.873000041465275 0.41467067413032055 0.04600000218488276 0.08083832636475563
0 0.913000043365173 0.4026946257799864 0.042000001994892955 0.08083832636475563
0 0.9530000452650711 0.3967066016048193 0.058000002754852176 0.09880239889025688
