0 0.8334690264600795 0.2578347565140575 0.012214983289595693 0.028490028344094753
0 0.8424266808724497 0.2813390298979357 0.013843647728208452 0.032763532595708966
0 0.851791501394473 0.2678062664344907 0.013029315508902073 0.03133903117850423
0 0.8709283085481729 0.260683759348467 0.010586318850982934 0.03133903117850423
0 0.8884364512632601 0.2784900270635262 0.014657979947514832 0.03561253543011844
0 0.9303745605575386 0.31623931461945176 0.012214983289595693 0.028490028344094753
0 0.9307817266671918 0.2856125341495499 0.009771986631676555 0.027065526926890016
0 0.9254885672417004 0.35042734863236547 0.013843647728208452 0.04273504251614213
0 0.8827361257281154 0.33689458516892046 0.014657979947514832 0.03846153826452792
0 0.8644136507937219 0.334045582334511 0.013843647728208452 0.04131054109893739
0 0.9071660923073068 0.48076922830659896 0.024429966579191387 0.06695156660862267
0 0.8420195147627965 0.4636752113001421 0.024429966579191387 0.05555555527098477
0 0.8293973653635476 0.39601139398291707 0.02035830548265949 0.05413105385378003
0 0.8147393854160327 0.5106837580678985 0.025244298798497766 0.06695156660862267
0 0.8029315682360902 0.2443019930506125 0.009771986631676555 0.02991452976129949
0 0.8159608837449923 0.27279202139470726 0.011400651070289314 0.02991452976129949
0 0.798045574920252 0.2920227905269712 0.014657979947514832 0.034188034012913704
0 0.8179967142932583 0.34401709225494415 0.01710097660543397 0.04415954393334687
0 0.8074103954422753 0.35968660784419626 0.023615634359885007 0.04985754960216582
0 0.7703582794638351 0.4366096843732521 0.024429966579191387 0.0641025637742132
0 0.7373778245819267 0.2542735029710457 0.013843647728208452 0.032763532595708966
0 0.7593647945031989 0.25712250580545515 0.012214983289595693 0.02991452976129949
0 0.7630292894900776 0.2856125341495499 0.013029315508902073 0.04131054109893739
0 0.7764657711086329 0.23860398738179356 0.012214983289595693 0.02421652409248054
0 0.6978827119455673 0.25925925793126225 0.013029315508902073 0.03133903117850423
0 0.7060260341386311 0.2991452976129949 0.01628664438612759 0.04273504251614213
0 0.7141693563316949 0.41452991240657866 0.024429966579191387 0.05982905952259898
0 0.6913680541911162 0.5277777750743553 0.030944624333642423 0.0754985751118511
0 0.6266286427562591 0.4821937297238037 0.028501627675723284 0.06980056944303215
0 0.6632735926250461 0.36680911493021995 0.021986969921272248 0.04700854676775634
0 0.637214961607242 0.35327635146677494 0.01710097660543397 0.04273504251614213
0 0.5940553539840039 0.3995726475259289 0.021986969921272248 0.04985754960216582
0 0.5732898823916912 0.46011395775713027 0.027687295456416905 0.06552706519141793
0 0.6754885759146418 0.320512818871066 0.02035830548265949 0.03703703684732318
0 0.6840390642173588 0.3589743571355939 0.01954397326335311 0.04843304818496108
0 0.6620520942960866 0.20940170832909644 0.009771986631676555 0.019943019840866327
0 0.6763029081339482 0.2172364661237225 0.012214983289595693 0.02421652409248054
0 0.6636807587346993 0.2813390298979357 0.014657979947514832 0.03846153826452792
0 0.6331433005107101 0.22293447179254144 0.012214983289595693 0.027065526926890016
0 0.6054560050542932 0.2079772069118917 0.008957654412370175 0.022792022675275803
0 0.5936481878743507 0.25213675084523857 0.011400651070289314 0.028490028344094753
0 0.5981270150805358 0.23148148029576987 0.010586318850982934 0.027065526926890016
0 0.5594462346634828 0.21866096754092723 0.009771986631676555 0.02421652409248054
0 0.5671823907468934 0.24786324659362435 0.013843647728208452 0.03703703684732318
0 0.5447882547159679 0.24572649446781725 0.011400651070289314 0.03561253543011844
0 0.549267081922153 0.27564102422911674 0.013843647728208452 0.03846153826452792
0 0.5032573115313426 0.2699430185602978 0.013029315508902073 0.02991452976129949
0 0.5146579626016319 0.27991452848073095 0.01628664438612759 0.03846153826452792
0 0.49674265377689153 0.32763532595708966 0.014657979947514832 0.04273504251614213
0 0.5268729458912276 0.38461538264527917 0.02117263770196587 0.051282051019370556
0 0.5394950952904765 0.41025640815496445 0.026872963237110525 0.05698005668818951
0 0.46864819221082143 0.4131054109893739 0.028501627675723284 0.06267806235700846
0 0.4385179000964854 0.26424501289147884 0.012214983289595693 0.02991452976129949
0 0.4572475411405321 0.24786324659362435 0.013843647728208452 0.028490028344094753
0 0.4539902122633066 0.27777777635492384 0.015472312166821212 0.034188034012913704
0 0.4617263683467172 0.320512818871066 0.01954397326335311 0.039886039681732655
0 0.44421822563163005 0.35113959934096783 0.02035830548265949 0.04131054109893739
0 0.40472311299527064 0.33475783304311335 0.01791530882474035 0.03703703684732318
0 0.42874591346480884 0.31410256249364465 0.01710097660543397 0.04415954393334687
0 0.3872149702801835 0.2678062664344907 0.015472312166821212 0.034188034012913704
0 0.34812702375347726 0.2998575483215973 0.012214983289595693 0.027065526926890016
0 0.3815146447450388 0.33974358800332993 0.013843647728208452 0.03846153826452792
0 0.4014657841180451 0.3019943004474044 0.011400651070289314 0.028490028344094753
0 0.31351790443295613 0.3910256390227005 0.022801302140578628 0.04700854676775634
0 0.2833876123186201 0.31623931461945176 0.014657979947514832 0.03133903117850423
0 0.29356676505994983 0.36039885855279863 0.01872964104404673 0.045584045350551605
0 0.25732898130081594 0.36253561067860574 0.01791530882474035 0.04415954393334687
0 0.22597719085752033 0.3447293429635465 0.013843647728208452 0.034188034012913704
0 0.1429153044882696 0.5434472906636074 0.03338762099156156 0.0754985751118511
