0 0.13813920866232365 0.45265152864158154 0.09303977550007403 0.10984848812222481
0 0.25266335980268195 0.4713541807141155 0.06640625197906047 0.11505682161077857
0 0.02148437564028427 0.4547822105232626 0.039417614811100066 0.07339015370234847
0 0.36647728364914656 0.46448865020647645 0.04900568327866495 0.09280303306877613
0 0.4415838199784048 0.3882575873285532 0.03302556916605681 0.04734848625957966
0 0.46661933208815753 0.46543561993166804 0.03480113740079105 0.046401516534388065
0 0.6841264408431016 0.4467329678591341 0.028764205402694643 0.0553977289237082
0 0.741299738001544 0.45028410432860255 0.06356534280348569 0.08143939636647701
0 0.80539775127545 0.442234861664474 0.050426137866452336 0.08049242664128542
0 0.8750000260770321 0.44981061946600676 0.09446023008786142 0.111742427572608
