0 0.06500000308733433 0.39789790753275156 0.03800000180490315 0.06906907074153423
0 0.12600000598467886 0.4024024121463299 0.04000000189989805 0.06606606766581535
0 0.16700000793207437 0.5090090213343501 0.03800000180490315 0.06906907074153423
0 0.21300001011695713 0.399399409070611 0.03800000180490315 0.06606606766581535
0 0.2510000119218603 0.512012024410069 0.034000001614913344 0.06306306459009647
0 0.28200001339428127 0.40840841829776764 0.03600000170990825 0.054054055362939835
0 0.3260000154841691 0.4174174275249243 0.03600000170990825 0.06606606766581535
0 0.34600001643411815 0.512012024410069 0.04000000189989805 0.06906907074153423
0 0.38700001838151366 0.41291292291134596 0.034000001614913344 0.057057058438658714
0 0.4270000202814117 0.5060060182586312 0.042000001994892955 0.06906907074153423
0 0.4660000221338123 0.4099099198356271 0.03600000170990825 0.06306306459009647
0 0.5120000243186951 0.5000000121071935 0.04000000189989805 0.07507507689297199
0 0.49400002346374094 0.399399409070611 0.028000001329928637 0.048048049211502075
0 0.5370000255061314 0.4099099198356271 0.03000000142492354 0.06306306459009647
0 0.5680000269785523 0.4039039136841893 0.03200000151991844 0.06306306459009647
0 0.6070000288309529 0.5150150274857879 0.04600000218488276 0.08708708919584751
0 0.6000000284984708 0.3963964059948921 0.03600000170990825 0.06606606766581535
0 0.6630000314908102 0.4069069167599082 0.03800000180490315 0.06306306459009647
0 0.6730000319657847 0.5030030151829123 0.03800000180490315 0.06906907074153423
0 0.7340000348631293 0.40540541522204876 0.04000000189989805 0.07207207381725311
0 0.7660000363830477 0.5210210336372256 0.04000000189989805 0.06906907074153423
0 0.8060000382829458 0.40090091060847044 0.04400000208988786 0.06906907074153423
0 0.842000039992854 0.40540541522204876 0.04000000189989805 0.07207207381725311
