0 0.170364506484475 0.7672209360171109 0.13470681908074766 0.24228029558435082
0 0.1767036509118043 0.4406175963813439 0.04278922488447279 0.06888361345045269
0 0.018225040228571743 0.4501187844434753 0.033280508243478835 0.06888361345045269
0 0.2171156966360286 0.3942993045784533 0.025356577709317207 0.04275534627959132
0 0.2662440659478307 0.4263658142881468 0.028526149922981858 0.04513064329512417
0 0.2654516728944145 0.399049898609519 0.023771791602484882 0.03325415821745992
0 0.32171157968696207 0.4275534627959132 0.028526149922981858 0.05225653434172273
0 0.31537243525963277 0.5760095262667164 0.08240887755528092 0.13064133585430682
0 0.36450080457143486 0.4881235366920009 0.053882727632299066 0.07363420748151839
0 0.40887481556273997 0.40973873517941684 0.025356577709317207 0.04513064329512417
0 0.42393028357764706 0.3942993045784533 0.02060221938882023 0.03800475224852562
0 0.5610142818186432 0.5118765068473294 0.057052299845963717 0.0878859895747155
0 0.6061806858633645 0.34560571576002985 0.036450080457143486 0.06888361345045269
0 0.6846275981515646 0.519002397893928 0.06339144427329302 0.1068883656989783
0 0.7496038285316899 0.6662708128569648 0.11093502747826278 0.21615202841348946
0 0.866878000437282 0.5225653434172273 0.09191759419627488 0.11876485077664256
0 0.9033280808944255 0.3052256664959714 0.06973058870062232 0.1068883656989783
