0 0.11409127080696635 0.5214626472443342 0.052041632297914475 0.10492845950648189
0 0.2289831821108237 0.2559618481900543 0.017614090931601822 0.05087440460920334
0 0.23979182881885208 0.2591414984781295 0.02481985540362075 0.04769475432112813
0 0.28422737639630213 0.22893482074141502 0.019215371925383806 0.04769475432112813
0 0.31265011403593235 0.22734499559737742 0.020016012422274798 0.05087440460920334
0 0.3166533165203873 0.20349761843681335 0.021617293416056782 0.04451510403305292
0 0.34147317192400806 0.21383148187305778 0.020016012422274798 0.0365659783128649
0 0.3550840603711549 0.20031796814873815 0.01681345043471083 0.04133545374497771
0 0.37069655006052926 0.19316375500056893 0.017614090931601822 0.03974562860094011
0 0.3771016740356572 0.2543720230460167 0.022417933912947774 0.05405405489727855
0 0.40992793440818787 0.22893482074141502 0.02081665291916579 0.038155803456902504
0 0.4267413848428987 0.17329094070009887 0.01601280993781984 0.034976153168827295
0 0.4347477898118086 0.16057233954779804 0.014411528944037855 0.04133545374497771
0 0.443955155526055 0.1812400664202869 0.018414731428492814 0.04451510403305292
0 0.44195355428382754 0.293322739074938 0.02562049590051174 0.05564388004131615
0 0.47918333738925867 0.22972973331343383 0.021617293416056782 0.046104929177090526
0 0.46236988695454784 0.15580286411568522 0.01681345043471083 0.034976153168827295
0 0.48278621962526813 0.16136725211981684 0.01601280993781984 0.04292527888901532
0 0.50040031055687 0.1454690006794408 0.014411528944037855 0.03338632802478969
0 0.5056044737866614 0.19634340528864413 0.018414731428492814 0.046104929177090526
0 0.5244195254635997 0.1478537383954972 0.017614090931601822 0.038155803456902504
0 0.5624499490659218 0.13354531209915876 0.01681345043471083 0.038155803456902504
0 0.5672537920472678 0.144674088107422 0.018414731428492814 0.038155803456902504
0 0.5360288126685191 0.2241653453093022 0.020016012422274798 0.038155803456902504
0 0.5820656412397511 0.12957074923906475 0.017614090931601822 0.0365659783128649
0 0.6016813334135804 0.12241653609089553 0.015212169440928847 0.03179650288075209
0 0.6128903003700543 0.1462639132514596 0.018414731428492814 0.034976153168827295
0 0.5868694842210971 0.19077901728451252 0.01601280993781984 0.04451510403305292
0 0.5888710854633246 0.16136725211981684 0.020016012422274798 0.0365659783128649
0 0.6136909408669453 0.20270270586479455 0.020016012422274798 0.03974562860094011
0 0.6200960648420732 0.17170111555606127 0.015212169440928847 0.038155803456902504
0 0.643314639251912 0.12321144866291434 0.015212169440928847 0.03338632802478969
0 0.6557245669537224 0.1422893503913656 0.014411528944037855 0.03974562860094011
0 0.6693354554008693 0.12162162351887673 0.014411528944037855 0.03338632802478969
0 0.6657325731648598 0.17408585327211767 0.013610888447146863 0.03338632802478969
0 0.6741392983822152 0.217011132161133 0.022417933912947774 0.04292527888901532
0 0.6220976660843007 0.2655007990542799 0.02562049590051174 0.05405405489727855
0 0.5864691639726516 0.31796502880752087 0.028022417391184717 0.060413355473428965
0 0.6156925421091728 0.35294118197634816 0.027221776894293725 0.060413355473428965
0 0.6669335339101963 0.37837838428094983 0.02882305788807571 0.05405405489727855
0 0.6977581930404995 0.13434022467117757 0.01681345043471083 0.0365659783128649
0 0.695756591798272 0.1478537383954972 0.01601280993781984 0.038155803456902504
0 0.7237790091894567 0.1510333886835724 0.019215371925383806 0.04133545374497771
0 0.6945556310529355 0.20667726872488856 0.023218574409838766 0.04133545374497771
0 0.7381905381334946 0.19634340528864413 0.01601280993781984 0.04292527888901532
0 0.7570055898104329 0.1868044544244185 0.015212169440928847 0.03338632802478969
0 0.7806244844687171 0.17408585327211767 0.01601280993781984 0.03338632802478969
0 0.7850280072016176 0.19554849271662533 0.01681345043471083 0.04133545374497771
0 0.8158526663319208 0.1836248041363433 0.01601280993781984 0.03974562860094011
0 0.8366693192510866 0.20349761843681335 0.017614090931601822 0.04133545374497771
0 0.8234587510523852 0.21303656930103898 0.01681345043471083 0.038155803456902504
0 0.8034427386301104 0.23131955845747143 0.018414731428492814 0.049284579465165734
0 0.8078462613630109 0.2965023893630132 0.02562049590051174 0.06200318061746657
0 0.7493995050899684 0.2201907824492082 0.019215371925383806 0.04292527888901532
0 0.7610087922948878 0.27821940020658076 0.023218574409838766 0.04769475432112813
0 0.7233786889410112 0.2662957116262987 0.026421136397402734 0.05564388004131615
0 0.8738991023565177 0.2217806075932458 0.013610888447146863 0.03974562860094011
0 0.9095276044681668 0.2154213070170954 0.017614090931601822 0.03974562860094011
0 0.9083266437228303 0.24642289732582867 0.01681345043471083 0.034976153168827295
0 0.8963170362694655 0.26709062419831753 0.01681345043471083 0.04451510403305292
0 0.8815051870769821 0.27901431277859956 0.017614090931601822 0.046104929177090526
0 0.8738991023565177 0.3203497665235773 0.023218574409838766 0.05246422975324094
0 0.9343474598717876 0.31319555337540805 0.017614090931601822 0.05405405489727855
0 0.9355484206171241 0.2527821979019791 0.013610888447146863 0.038155803456902504
0 0.9603682760207448 0.23529412131756544 0.01681345043471083 0.038155803456902504
0 0.9875900529150385 0.24880763504188508 0.013610888447146863 0.03974562860094011
0 0.9783826872007921 0.293322739074938 0.01601280993781984 0.049284579465165734
0 0.9823858896852471 0.2861685259267688 0.01281024795025587 0.04133545374497771
0 0.9807846086914651 0.34658188140019774 0.019215371925383806 0.05405405489727855
0 0.9583666747785173 0.3648648705566302 0.024019214906729758 0.05882353032939136
0 0.9555644330393989 0.42368840088602155 0.023218574409838766 0.0747217817697674
0 0.894315435027238 0.37837838428094983 0.024019214906729758 0.0731319566257298
0 0.8698958998720627 0.4864864940755069 0.031224979378748685 0.07949125720188022
0 0.7990392158972099 0.4395866523263976 0.030424338881857693 0.08426073263399303
0 0.7273818914254662 0.38871224771719426 0.0296236983849667 0.06836248119361699
