0 0.09751157480059192 0.5944010460952995 0.09317129699047655 0.16449652900337242
0 0.2434895851474721 0.5618489625194343 0.06568287085974589 0.11328125084401108
0 0.321325233875541 0.5516493096656632 0.04774305591126904 0.08680555620230734
0 0.36617477124673314 0.5245225733524421 0.041956018831115216 0.07421875055297278
0 0.4130497715959791 0.4973958370392211 0.03501157433493063 0.06510416715173051
0 0.5655381986580323 0.47569444798864424 0.034432870626915246 0.06510416715173051
0 0.6872106532682665 0.5230034761189017 0.051504630013369024 0.09635416738456115
0 0.7041377367277164 0.4780816007842077 0.04832175961928442 0.07248263942892663
0 0.715711810888024 0.43728298936912324 0.041377315123099834 0.06901041718083434
0 0.8376736173522659 0.5666232681105612 0.11979166755918413 0.20963541822857223
