0 0.8762089224765077 0.1493174015195109 0.009671180159784853 0.032423207187093794
0 0.8317214937414974 0.13907849398674443 0.011605416191741824 0.032423207187093794
0 0.8481625000131316 0.1834470932953991 0.015473888255655766 0.039249145542271435
0 0.8839458666043356 0.19197951623937115 0.011605416191741824 0.032423207187093794
0 0.8786267175164539 0.2158703004824929 0.01644100627163425 0.039249145542271435
0 0.8675048603327014 0.23805460013682023 0.019342360319569707 0.05290102225262672
0 0.9115087300597224 0.2696245650295168 0.01644100627163425 0.05119453766383231
0 0.8554158851329703 0.29095562238944694 0.022243714367505163 0.05631399143021554
0 0.8384913198533468 0.2150170581880957 0.017408124287612736 0.05119453766383231
0 0.823017431597691 0.23037541948724538 0.021276596351526678 0.047781568486243486
0 0.8036750712781213 0.17406142805702984 0.015473888255655766 0.040955630131065845
0 0.7969052451662719 0.133105797925964 0.015473888255655766 0.030716722598299384
0 0.7683752636949066 0.12457337498199195 0.01257253420772031 0.034129691775888205
0 0.7848162699665409 0.1501706438139081 0.01644100627163425 0.040955630131065845
0 0.7828820339345839 0.18856654706178233 0.020309478335548192 0.0494880530750379
0 0.7267891890078317 0.1493174015195109 0.01257253420772031 0.032423207187093794
0 0.741295959247509 0.1518771284027025 0.01644100627163425 0.034129691775888205
0 0.7379110461915843 0.19539248541695997 0.015473888255655766 0.035836176364682615
0 0.6803675242408644 0.1646757628186606 0.01257253420772031 0.035836176364682615
0 0.711315300752176 0.18941978935617954 0.01644100627163425 0.037542660953477025
0 0.7045454746403266 0.22866893489845097 0.01644100627163425 0.047781568486243486
0 0.7059961516642943 0.2832764417398721 0.02321083238348365 0.05802047601900995
0 0.7422630772634875 0.23720135784242302 0.01450677023967728 0.044368599308654666
0 0.77901356187067 0.2849829263286665 0.024177950399462134 0.05802047601900995
0 0.7814313569106162 0.34556312923086807 0.02901354047935456 0.07337883731815964
0 0.6590909278893378 0.22098975424887612 0.01644100627163425 0.042662114719860256
0 0.6305609464179724 0.2525597191415727 0.021276596351526678 0.05460750684142113
0 0.6474855116975959 0.2696245650295168 0.01644100627163425 0.044368599308654666
0 0.6639265179692302 0.3353242216981016 0.028046422463376075 0.066552898962982
0 0.5701160704193171 0.24573378078639507 0.020309478335548192 0.044368599308654666
0 0.5232108466443606 0.2824231994454749 0.02321083238348365 0.05290102225262672
0 0.5546421821636613 0.3029010145110078 0.024177950399462134 0.05972696060780436
0 0.6445841576496605 0.17491467035142705 0.01644100627163425 0.042662114719860256
0 0.6247582383221015 0.2150170581880957 0.017408124287612736 0.040955630131065845
0 0.6508704247535206 0.11262798286043108 0.009671180159784853 0.027303753420710564
0 0.661508722929284 0.12627985957078636 0.011605416191741824 0.027303753420710564
0 0.5923597847868223 0.1646757628186606 0.010638298175763339 0.029010238009504974
0 0.6068665550264996 0.15443685528589413 0.010638298175763339 0.025597268831916153
0 0.5033849273168016 0.12542661727638915 0.008704062143806368 0.018771330476738513
0 0.5111218714446295 0.13822525169234723 0.010638298175763339 0.027303753420710564
0 0.5488394740677904 0.1501706438139081 0.010638298175763339 0.030716722598299384
0 0.5415860889479518 0.19197951623937115 0.013539652223698795 0.032423207187093794
0 0.5072533993807156 0.1851535778841935 0.01450677023967728 0.039249145542271435
0 0.4497098774299957 0.15870306675788015 0.011605416191741824 0.030716722598299384
0 0.4724371508054901 0.15699658216908574 0.01257253420772031 0.030716722598299384
0 0.47775629989337176 0.2013651814777404 0.015473888255655766 0.034129691775888205
0 0.46083173461374827 0.23634811554802582 0.01837524230359122 0.046075083897449076
0 0.4235976909985766 0.19027303165057674 0.013539652223698795 0.032423207187093794
0 0.4260154860385228 0.2525597191415727 0.01837524230359122 0.034129691775888205
0 0.4047388896869961 0.17747439723461866 0.01257253420772031 0.027303753420710564
0 0.3795938212715555 0.20392490836093202 0.01450677023967728 0.029010238009504974
0 0.4032882126630284 0.2790102302678861 0.019342360319569707 0.046075083897449076
0 0.37234043615171686 0.2713310496183112 0.017408124287612736 0.044368599308654666
0 0.33123792047263123 0.2320819040760398 0.01257253420772031 0.030716722598299384
0 0.30560929304920137 0.22952217719284818 0.011605416191741824 0.029010238009504974
0 0.2843326966976747 0.2517064768471755 0.013539652223698795 0.039249145542271435
0 0.31092844213708304 0.25938565749675035 0.01450677023967728 0.040955630131065845
0 0.32253385832882486 0.27303753420710564 0.01837524230359122 0.037542660953477025
0 0.3399419826164376 0.27730374567909166 0.01837524230359122 0.042662114719860256
0 0.25676983324228786 0.270477807323914 0.01450677023967728 0.032423207187093794
0 0.20309478335548192 0.42491466260980815 0.03675048460718244 0.08191126026213169
