0 0.03750000090803951 0.5811111251823604 0.06500000157393515 0.10444444697350264
0 0.12750000308733433 0.5544444578699768 0.05500000133179128 0.07333333510905504
0 0.18833333789370954 0.5800000140443444 0.09333333559334278 0.12888889200985432
0 0.2841666735475883 0.5711111249402165 0.0916666688863188 0.13333333656191826
0 0.3966666762717068 0.5277777905575931 0.10333333583548665 0.13555555883795023
0 0.4458333441289142 0.537777790799737 0.041666667675599456 0.07555555738508701
0 0.5191666792379692 0.5422222353518009 0.07166666840203106 0.10222222469747066
0 0.5733333472162485 0.5066666789352894 0.05000000121071935 0.07555555738508701
0 0.5966666811145842 0.5455555687658489 0.060000001452863216 0.08222222421318293
0 0.6583333492744714 0.535555568523705 0.07333333510905504 0.11111111380159855
0 0.7075000171316788 0.5033333455212414 0.05833333474583924 0.08666666876524687
0 0.7983333526644856 0.4900000118650496 0.08666666876524687 0.13555555883795023
0 0.7800000188872218 0.3433333416469395 0.02666666731238365 0.04666666779667139
0 0.9350000226404518 0.5033333455212414 0.06666666828095913 0.08666666876524687
0 0.9725000235484913 0.4744444559328258 0.05500000133179128 0.10888889152556658
0 0.8466666871681809 0.5022222343832254 0.05000000121071935 0.07555555738508701
