0 0.054081630310975015 0.5885558500885963 0.07142856833525002 0.09809264168143272
0 0.18469386955257505 0.5231607556343079 0.06734693585895002 0.09264305047690868
0 0.2755101921502501 0.49727519741281867 0.057142854668200016 0.07901907246559858
0 0.3357142711756751 0.4904632084071636 0.051020405953750014 0.07084468565881252
0 0.4163265125826001 0.4632152523845434 0.04081632476300001 0.07084468565881252
0 0.4469387561548501 0.45367846777662635 0.03673469228670001 0.0681198900565505
0 0.49999997834675014 0.43732969416305423 0.03673469228670001 0.06267029885202646
0 0.5428571193479002 0.43732969416305423 0.03673469228670001 0.05177111644297838
0 0.5938775253016502 0.42643051175400615 0.028571427334100008 0.05177111644297838
0 0.6183673201594502 0.41144413594156504 0.028571427334100008 0.04359672963619232
0 0.6775509910658002 0.403269749134779 0.028571427334100008 0.04904632084071636
0 0.7806122110923752 0.45367846777662635 0.07551020081155002 0.08991825487464666
