0 0.04483925458043814 0.5798192555084825 0.07952622510492802 0.3343373369425535
0 0.12436547968536615 0.5542168468236923 0.1065989825874567 0.3012048080563545
0 0.06429779902100563 0.43222889956086874 0.043993230909109116 0.11144577898085117
0 0.19035532604902983 0.4954819092527032 0.06598984636366367 0.17771083675324917
0 0.2250422965735197 0.5286144381389022 0.04060913622379303 0.09939758665859699
0 0.2326565096154809 0.4774096207693219 0.049069372937083244 0.10542168281972408
0 0.25380710139870644 0.5225903419777751 0.0236886627972126 0.06927710585296154
0 0.28172588255256414 0.503012029454112 0.032148899510502815 0.08433734625577927
0 0.42470388300716877 0.6054216641932726 0.08460236713290215 0.132530115544796
0 0.4890016820281744 0.5978915439918637 0.06429779902100563 0.14156625978648663
0 0.45939085353165865 0.530120462179184 0.0355329941958189 0.09638553857803345
0 0.394247030839324 0.5286144381389022 0.05076142027974129 0.0933734904974699
0 0.8307952452450991 0.2816264955326915 0.118443313986063 0.18373493291437626
