0 0.3119999966584146 0.5845195681904443 0.039999999571591616 0.04448398540262133
0 0.3906666624825448 0.5667259740293957 0.0346666662953794 0.05516014189925045
0 0.4066666623111814 0.508896793005988 0.029333333019167185 0.04982206365093589
0 0.4226666621398181 0.5747330914018676 0.02399999974295497 0.042704625986516476
0 0.4486666618613526 0.5791814899421297 0.02799999970011413 0.05160142306704074
0 0.483333328156732 0.5604982160730287 0.019999999785795808 0.03558718832209706
0 0.49933332798536867 0.5542704581166618 0.014666666509583592 0.03380782890599221
0 0.5373333275783807 0.5373665436636657 0.0346666662953794 0.0569395013153553
0 0.5466666608117521 0.5649466146132909 0.02399999974295497 0.05160142306704074
0 0.5633333272999153 0.5613878957810812 0.022666666423901916 0.037366547738201916
0 0.5726666605332866 0.5587188566569239 0.019999999785795808 0.02846975065767765
0 0.6066666601691395 0.556939497240819 0.026666666381061077 0.04626334481872618
0 0.6599999929312617 0.563167255197186 0.026666666381061077 0.037366547738201916
0 0.6839999926742166 0.5533807784086093 0.0346666662953794 0.04626334481872618
0 0.7206666589481756 0.5667259740293957 0.025333333062008023 0.04448398540262133
0 0.7659999917959794 0.5640569349052384 0.0173333331476897 0.03202846948988736
0 0.7939999914960936 0.5622775754891336 0.022666666423901916 0.03202846948988736
0 0.8339999910676852 0.5676156537374482 0.025333333062008023 0.042704625986516476
0 0.853999990853481 0.57562277110992 0.025333333062008023 0.05516014189925045
0 0.8766666572773829 0.5774021305260248 0.02799999970011413 0.05160142306704074
0 0.877999990596436 0.5524910987005569 0.022666666423901916 0.030249110073782504
0 0.927333323401399 0.5969750841031782 0.04399999952875078 0.06583629839587957
0 0.9659999896539375 0.6085409203078598 0.05466666608117521 0.06405693897977471
0 0.9133333235513419 0.5444839813280851 0.02399999974295497 0.03202846948988736
0 0.9373333232942969 0.5453736610361375 0.02133333310484886 0.030249110073782504
