0 0.05916666809935123 0.6012499865610152 0.10833333595655859 0.21249999525025487
0 0.2216666720341891 0.6799999848008156 0.1300000031478703 0.21499999519437551
0 0.18000000435858965 0.47624998935498297 0.0533333346247673 0.09249999793246388
0 0.4150000100489706 0.4512499899137765 0.060000001452863216 0.11249999748542905
0 0.18166667106561363 0.5399999879300594 0.07000000169500709 0.08499999810010195
0 0.4458333441289142 0.6212499861139804 0.10166666912846267 0.17749999603256583
0 0.384166675969027 0.8437499811407179 0.18166667106561363 0.27749999379739165
0 0.5016666788142174 0.2587499942164868 0.030000000726431608 0.06749999849125743
0 0.4916666785720736 0.4549999898299575 0.06666666828095913 0.11999999731779099
0 0.5766666806302965 0.4462499900255352 0.05666666803881526 0.11749999737367034
0 0.6316666819620878 0.42624999047257006 0.07000000169500709 0.12249999726191163
0 0.6516666824463755 0.6574999853037298 0.12666666973382235 0.18499999586492777
0 0.8016666860785335 0.712499984074384 0.14000000339001417 0.23999999463558197
0 0.7741666854126379 0.48499998915940523 0.061666668159887195 0.08999999798834324
0 0.841666687047109 0.472499989438802 0.07000000169500709 0.12999999709427357
0 0.9108333553886041 0.4562499898020178 0.041666667675599456 0.07749999826774001
