0 0.107680126093328 0.3298755267751403 0.020585906459018588 0.03181189566385001
0 0.18725257221376523 0.29875519406050444 0.02454473462421447 0.04426002874970436
0 0.32462390954606235 0.22199170669773594 0.017418843926861882 0.03181189566385001
0 0.3392715737572871 0.23858921747887507 0.016627078293822706 0.03181189566385001
0 0.42240696522640064 0.27662517968565226 0.022961203358136117 0.047026280546560884
0 0.38242280075792223 0.2074688847642392 0.017418843926861882 0.03596127335913479
0 0.45922406716272235 0.26486860954901204 0.019002375192940235 0.03457814746070653
0 0.524940614704974 0.21369295130716637 0.020585906459018588 0.037344399257563055
0 0.5641330135404132 0.17980636679567397 0.016627078293822706 0.03596127335913479
0 0.6452889909269288 0.20193638117052615 0.02216943772509694 0.04149377695284784
