0 0.41941392107401043 0.2165861536632292 0.02014652022626251 0.04025764937978238
0 0.6286630061513279 0.14331723179202527 0.015567765629384667 0.025764895603060722
0 0.6469780245388392 0.14412238477962092 0.015567765629384667 0.027375201578252017
0 0.6584249110310338 0.12560386606492102 0.01282051287125796 0.025764895603060722
0 0.7550366330251563 0.1473429967300035 0.01373626379063353 0.030595813528634608
0 0.7715201495739166 0.15136876166798174 0.01373626379063353 0.0322061195038259
0 0.8273809556558263 0.26006441499339417 0.01923076930688694 0.05314009718131274
0 0.8727106261649169 0.196457328973338 0.01282051287125796 0.038647343404591084
0 0.8956043991493061 0.22141707158880308 0.014652014710009098 0.03703703742939979
0 0.893772897310555 0.25281803810503334 0.016483516548760235 0.038647343404591084
0 0.9221611758111976 0.25603865005541593 0.018315018387511373 0.045088567305356264
