0 0.19557021500077099 0.4652892563608475 0.04806786007247865 0.10743801656644791
0 0.25447690626606345 0.4363636365160346 0.045240338891744614 0.1024793388787657
0 0.31715362577233464 0.2834710744791664 0.021677662385627627 0.0446280991891399
0 0.3727615423267707 0.25950413232203573 0.01979264826513827 0.042975206626579165
0 0.41705937415827066 0.23884297529002652 0.01979264826513827 0.038016528938896954
0 0.4316682335920632 0.2785123967914842 0.024505183566361666 0.038016528938896954
0 0.44769085361622274 0.2314049587585032 0.022620169445872307 0.042975206626579165
0 0.45475965656805784 0.19338842981960624 0.01790763414464891 0.042975206626579165
0 0.47879358660429716 0.2000000000698492 0.01885014120489359 0.03966942150145769
0 0.46229971305001527 0.09090909094084054 0.01790763414464891 0.02975206612609327
0 0.46701224835123867 0.15619834716198966 0.01602262002415955 0.031404958688654006
0 0.4783223330741748 0.1578512397245504 0.014137605903670192 0.031404958688654006
0 0.5273327002068982 0.1628099174122326 0.01790763414464891 0.031404958688654006
0 0.5377002778695896 0.14132231409894302 0.01602262002415955 0.03471074381377548
0 0.5556079120142385 0.1553719008807093 0.01790763414464891 0.03636363637633622
0 0.5815268561709672 0.15619834716198966 0.01885014120489359 0.04132231406401843
0 0.542412813170813 0.2024793389136903 0.01790763414464891 0.03471074381377548
0 0.48114985425490886 0.3280991736683063 0.031102732988074422 0.061157024814747274
0 0.6621112098218873 0.2628099174471572 0.029217718867585063 0.05289256200194359
0 0.7219604081474245 0.2859504133230075 0.028275211807340384 0.06280991737730801
0 0.6969839710509405 0.1553719008807093 0.021677662385627627 0.042975206626579165
0 0.7266729434486479 0.13223140500485897 0.01696512708440423 0.03305785125121474
0 0.7346842534607276 0.1578512397245504 0.01790763414464891 0.03471074381377548
0 0.7511781270150095 0.12809917359845713 0.015080112963914871 0.038016528938896954
0 0.7681432540994138 0.16611570253735408 0.020735155325382948 0.0446280991891399
0 0.7855796347139403 0.26942148769740015 0.029217718867585063 0.05619834712706506
0 0.8077285506296903 0.19338842981960624 0.022620169445872307 0.042975206626579165
0 0.8760603124974295 0.2181818182580173 0.021677662385627627 0.04628099175170064
0 0.8213949030032381 0.1338842975674197 0.014137605903670192 0.03305785125121474
