0 0.16666667262325063 0.40331010875524953 0.048180926009081304 0.10975609871093184
0 0.341199618880637 0.47299652063520625 0.06882989429868758 0.11324041930492967
0 0.40216323954518884 0.24738676217384636 0.019665684085339308 0.0383275265339762
0 0.4060963763622567 0.1977351937093772 0.017699115676805377 0.040069686830975115
0 0.44149460771586746 0.25609756365884095 0.019665684085339308 0.048780488315969706
0 0.43952803930733353 0.21167247608536854 0.019665684085339308 0.040069686830975115
0 0.47345134435454383 0.2256097584613599 0.024582105106674135 0.05400696920696646
0 0.5983284382964484 0.21080139593686908 0.022615536698140204 0.048780488315969706
0 0.6381514485692605 0.23693380039185286 0.02753195771947503 0.059233450097963214
0 0.5939036593772471 0.10540069796843454 0.013765978859737515 0.029616725048981607
0 0.6425762274884619 0.11149825900793076 0.01474926306400448 0.02787456475198269
0 0.6701081852079369 0.1019163773744367 0.01278269465547055 0.029616725048981607
