0 0.10740145124145783 0.5177304800599813 0.04907482041744515 0.0936170183122158
0 0.23250201804330572 0.34751771949231625 0.020917136571370065 0.0312056727707386
0 0.2940466698782984 0.34539005998522043 0.015285599802155048 0.043971629813313484
0 0.29847144876839593 0.369503534398973 0.017699115560390055 0.041134750470519066
0 0.33588094302103855 0.3539006980136037 0.023330652329605073 0.043971629813313484
0 0.2900241436145734 0.30496452935039997 0.016894610307645053 0.0312056727707386
0 0.3592115953506436 0.33049644343554974 0.016894610307645053 0.03404255211353302
0 0.3616251111088786 0.2943262318149209 0.018503620813135058 0.03546099178493023
0 0.3825422476802487 0.33546098228543997 0.018503620813135058 0.03829787112772465
0 0.4171359735482838 0.3368794219568372 0.020112631318625063 0.03546099178493023
0 0.39742559485603124 0.25460992101579905 0.01609010505490005 0.03262411244213581
0 0.4219630050647538 0.2609928995370865 0.013676589296665043 0.0312056727707386
0 0.4098954262735788 0.3063829690217972 0.018503620813135058 0.0312056727707386
0 0.43966212062514387 0.3063829690217972 0.021721641824115068 0.03687943145632744
0 0.4501206889108289 0.3397163012996316 0.024939662835095078 0.03829787112772465
0 0.46902656235033646 0.3063829690217972 0.01930812606588006 0.03404255211353302
0 0.4469026678998489 0.26950353756546974 0.016894610307645053 0.03404255211353302
0 0.4557522256800439 0.25390070118010044 0.013676589296665043 0.028368793427944183
0 0.46983106760308146 0.26950353756546974 0.014481094549410045 0.0312056727707386
0 0.46701529921847396 0.23687942512333393 0.012067578791175038 0.01985815539956093
0 0.49557523569092155 0.2638297788798809 0.01609010505490005 0.028368793427944183
0 0.5386162667127792 0.25319148134440184 0.015285599802155048 0.03546099178493023
0 0.5152856143831741 0.251063821837306 0.012067578791175038 0.025531914085149765
0 0.5185036353941541 0.2588652400299907 0.015285599802155048 0.029787233099341393
0 0.5108608354930766 0.31560282688587904 0.01930812606588006 0.043971629813313484
0 0.5172968775150366 0.2943262318149209 0.014481094549410045 0.03262411244213581
0 0.5526951086358167 0.28652481362223625 0.01930812606588006 0.03687943145632744
0 0.5490748349984642 0.22836878709495068 0.016894610307645053 0.028368793427944183
0 0.5659694453061093 0.26737587805837393 0.018503620813135058 0.041134750470519066
0 0.5736122452071868 0.24397162348031998 0.01287208404392004 0.028368793427944183
0 0.5716009820753243 0.22198580857366323 0.013676589296665043 0.026950353756546974
0 0.5961383922840469 0.2503546020016074 0.01287208404392004 0.026950353756546974
0 0.6005631711741444 0.22695034742355347 0.012067578791175038 0.022695034742355347
0 0.6098149815807119 0.20780141185969114 0.01287208404392004 0.029787233099341393
0 0.624296076130122 0.21276595070958138 0.014481094549410045 0.025531914085149765
0 0.6319388760311995 0.22765956725925207 0.013676589296665043 0.03262411244213581
0 0.639581675932277 0.24539006315171719 0.017699115560390055 0.028368793427944183
0 0.6596943072509021 0.21914892923086882 0.01287208404392004 0.024113474413752556
0 0.6693483702838421 0.2304964466020465 0.011263073538430035 0.03262411244213581
0 0.6794046859431546 0.2312056664377451 0.012067578791175038 0.025531914085149765
0 0.6729686439211946 0.2666666582226753 0.015285599802155048 0.03404255211353302
0 0.630732118152082 0.2914893524721265 0.017699115560390055 0.03829787112772465
0 0.647626728459727 0.33120566327124834 0.020917136571370065 0.03829787112772465
0 0.5941271291521844 0.3219858054071665 0.021721641824115068 0.03971631079912186
0 0.6049879500642419 0.373049633577466 0.02574416808784008 0.042553190141916275
0 0.646017717954237 0.3879432501271367 0.030571199604310095 0.058156026527285576
0 0.7023330856463872 0.2595744598656893 0.014481094549410045 0.03404255211353302
0 0.7280772537342273 0.2624113392084837 0.01287208404392004 0.03687943145632744
0 0.7369268115144223 0.2489361623302102 0.01287208404392004 0.029787233099341393
0 0.7453741166682448 0.22978722676634789 0.013676589296665043 0.0312056727707386
0 0.7739340531406924 0.24468084331601858 0.01287208404392004 0.029787233099341393
0 0.7658890006132424 0.2666666582226753 0.014481094549410045 0.03404255211353302
0 0.7618664743495174 0.28723403345793486 0.01609010505490005 0.03262411244213581
0 0.7196299485804047 0.28865247312933207 0.016894610307645053 0.03546099178493023
0 0.8020917369867675 0.2482269424945116 0.01287208404392004 0.0312056727707386
0 0.8298471682064701 0.2652482185512781 0.012067578791175038 0.0312056727707386
0 0.8507643047778402 0.26737587805837393 0.013676589296665043 0.03546099178493023
0 0.8644408940745052 0.2609928995370865 0.013676589296665043 0.03404255211353302
0 0.8547868310415652 0.28368793427944183 0.013676589296665043 0.03404255211353302
0 0.8897828095359728 0.2971631111577153 0.014481094549410045 0.03829787112772465
0 0.9211585143930279 0.2794326152652502 0.01287208404392004 0.025531914085149765
0 0.9235720301512629 0.30496452935039997 0.011263073538430035 0.0312056727707386
0 0.9288013142941054 0.33120566327124834 0.016894610307645053 0.041134750470519066
0 0.9219630196457729 0.34822693932801485 0.011263073538430035 0.03829787112772465
0 0.8765084728656802 0.32056736573576927 0.015285599802155048 0.0312056727707386
0 0.8395012312394101 0.3092198483645916 0.013676589296665043 0.0312056727707386
0 0.8089300316351 0.29929077066481113 0.015285599802155048 0.0312056727707386
0 0.8101367895142175 0.2751772962510586 0.01609010505490005 0.03404255211353302
0 0.81053904214059 0.33262410294264555 0.020112631318625063 0.043971629813313484
0 0.8632341361953877 0.3709219740703702 0.01930812606588006 0.041134750470519066
0 0.8958165989315603 0.39219856914132833 0.021721641824115068 0.058156026527285576
0 0.9050684093381278 0.3382978616282344 0.01287208404392004 0.03262411244213581
0 0.9002413778216578 0.4638297725468874 0.027353178593330085 0.07092198356986046
0 0.8523733152833302 0.4177304832264781 0.024939662835095078 0.04964538849890232
0 0.8330651892174501 0.4354609791189432 0.021721641824115068 0.059574466198682785
0 0.7956556949648075 0.37588651292026043 0.020917136571370065 0.05390070751309395
0 0.6942880331189372 0.34964537899941206 0.020917136571370065 0.0468085091561079
0 0.6786001806904096 0.3241134649142623 0.021721641824115068 0.0468085091561079
0 0.7312952747452073 0.4063829658553004 0.024135157582350075 0.05531914718449116
0 0.7727272952615749 0.44255317747592926 0.026548673340585083 0.05673758685588837
0 0.6693483702838421 0.43758863862603903 0.033789220615290105 0.05531914718449116
0 0.7119871486793272 0.47234041057527065 0.030571199604310095 0.0765957422554493
0 0.8101367895142175 0.4992907643318176 0.02896218909882009 0.06524822488427162
0 0.5008045198337641 0.37730495259165764 0.026548673340585083 0.059574466198682785
0 0.5337892351963092 0.3737588534131646 0.026548673340585083 0.05248226784169674
0 0.5430410456028767 0.40851062536239624 0.030571199604310095 0.059574466198682785
0 0.6118262447125744 0.42624112125486135 0.0329847153625451 0.06382978521287441
