0 0.7739888913929462 0.28910613676998764 0.019032513722777367 0.044692736119031906
0 0.8065027690026909 0.3568435649503954 0.025376684963703156 0.0684357521822676
0 0.8477398820687085 0.3582402129541151 0.025376684963703156 0.06564245617482811
0 0.8203806435922161 0.2108938485616818 0.015067406697198749 0.044692736119031906
0 0.8540840533096343 0.15991619642591104 0.012688342481851578 0.03212290408555418
0 0.8881839737296104 0.17318435246124864 0.014274385292083025 0.036312848096713424
0 0.8651863529812545 0.21578211657470092 0.019032513722777367 0.04608938412275165
0 0.8798572489758953 0.29888267279602587 0.022997620748355985 0.06424580817110837
0 0.9020618483191356 0.3296089288778603 0.022997620748355985 0.06145251216366887
0 0.9076129981549457 0.287011164764408 0.01982553512789309 0.04888268013019115
0 0.7022204542299733 0.22625697660259902 0.018239492317661643 0.050279328133910894
0 0.6502775521948934 0.21857541258214042 0.019032513722777367 0.04888268013019115
0 0.5872323504881933 0.10474860027898103 0.00872323545627296 0.01955307205207646
0 0.5495638337451965 0.21997206058586016 0.01744647091254592 0.04888268013019115
0 0.48136399290524423 0.19413407251704484 0.01744647091254592 0.03910614410415292
0 0.4068199808243662 0.19203910051146522 0.014274385292083025 0.03212290408555418
0 0.375892146024853 0.23393854062305763 0.015860428102314472 0.03770949610043317
0 0.3953211704501882 0.23603351262863725 0.018239492317661643 0.036312848096713424
0 0.4111815985525027 0.22835194860817865 0.016653449507430196 0.03212290408555418
0 0.3251387760974467 0.243016752647236 0.015860428102314472 0.030726256081834435
0 0.16970658069476485 0.4594971932237968 0.036478984635323286 0.07262569619342685
