0 0.05588235071627423 0.3610619455575943 0.048235292197205126 0.0637168139219284
0 0.10882352507906035 0.40088495425879955 0.02705882245209068 0.044247787445783615
0 0.16411764052463695 0.37610619328916073 0.024705881369300187 0.05486725643277168
0 0.1976470509544015 0.369911503046751 0.0399999984074384 0.05663716793060303
0 0.27941175358137116 0.3548672553151846 0.052941174362786114 0.07964601740241051
0 0.3211764578009024 0.36902654729783535 0.0376470573246479 0.05840707942843437
0 0.37882351432926953 0.3805309720337391 0.028235292993485928 0.05309734493494034
0 0.40235292515717447 0.3893805295228958 0.021176469745114446 0.04247787594795227
0 0.43999998248182237 0.3805309720337391 0.032941175159066916 0.06017699092626572
0 0.47999998088926077 0.38849557377398014 0.01882352866232395 0.044247787445783615
0 0.5370588021469302 0.3601769898086786 0.052941174362786114 0.09734513238072395
0 0.6117646815255284 0.38141592778265476 0.0399999984074384 0.0831858403980732
0 0.6417646803311072 0.3955752197653055 0.03176470461767167 0.05840707942843437
0 0.7017646779422648 0.4017699100077152 0.03411764570046216 0.0672566369175911
0 0.7523529112222604 0.42300884798169136 0.022352940286509693 0.03893805295228958
0 0.945294080011081 0.3265486713498831 0.024705881369300187 0.040707964450120926
