0 0.20979020395316184 0.3592057739151642 0.04795204661786556 0.0794223821721971
0 0.32517481612740085 0.19945848250063136 0.016983016510494053 0.037906136945821345
0 0.3211788122425787 0.2373646194464527 0.01898101845290512 0.037906136945821345
0 0.3596403496339917 0.20397111785132438 0.01598401553928852 0.03610108280554414
0 0.7592407381162047 0.12635378981940448 0.013986013596877456 0.02888086624443531
0 0.7872127653099597 0.13718411466106772 0.013986013596877456 0.032490974524989724
0 0.6933066740166396 0.11823104618815705 0.013986013596877456 0.02346570382360369
0 0.8361638128990307 0.1561371831339784 0.017982017481699586 0.030685920384712517
0 0.6438561259419657 0.11101082962704822 0.014985014568082988 0.03429602866526693
0 0.630369612830691 0.09927797771524638 0.01198801165446639 0.025270757963880897
0 0.583416567184031 0.10108303185552359 0.009990009712055326 0.021660649683326483
0 0.42907091713277623 0.17509025160688907 0.01898101845290512 0.03971119108609855
0 0.8771228527184576 0.16245487262494862 0.013986013596877456 0.03610108280554414
0 0.9095903842826374 0.16606498090550303 0.01898101845290512 0.032490974524989724
0 0.9480519216740504 0.1796028869575821 0.017982017481699586 0.030685920384712517
0 0.4665334535529837 0.14079422294162214 0.01198801165446639 0.03610108280554414
0 0.49999998608836904 0.12093862739857286 0.010989010683260858 0.021660649683326483
0 0.5439560288214125 0.12184115446871147 0.014985014568082988 0.03429602866526693
0 0.4485514360712841 0.22111913218395784 0.017982017481699586 0.03429602866526693
0 0.4030968918814324 0.2120938614825718 0.016983016510494053 0.030685920384712517
0 0.5044954904587939 0.2102888073422946 0.01998001942411065 0.03429602866526693
0 0.5994005827233195 0.13989169587148353 0.01598401553928852 0.030685920384712517
0 0.5639360482455231 0.1534296019235626 0.014985014568082988 0.03610108280554414
0 0.5434565283358097 0.18862815765896812 0.01998001942411065 0.04151624522637576
0 0.5154845011420548 0.14981949364300817 0.01598401553928852 0.02888086624443531
0 0.4920079783187248 0.17509025160688907 0.014985014568082988 0.025270757963880897
0 0.45854144578333944 0.17509025160688907 0.017982017481699586 0.03610108280554414
0 0.7227772026672028 0.13989169587148353 0.016983016510494053 0.03429602866526693
0 0.7697302483138628 0.1850180493784137 0.014985014568082988 0.037906136945821345
0 0.7037961842142977 0.16245487262494862 0.014985014568082988 0.03971119108609855
0 0.6443556264275685 0.15072202071314678 0.01598401553928852 0.03429602866526693
0 0.6653346468228847 0.12274368153885007 0.01598401553928852 0.03610108280554414
0 0.67532465653494 0.11010830255690962 0.017982017481699586 0.02888086624443531
0 0.6418581239995547 0.20126353664090857 0.020979020395316184 0.04151624522637576
0 0.5329670181381516 0.27888086467282847 0.02297702233772725 0.048736461787484586
0 0.5844155681552365 0.2806859188131057 0.02397602330893278 0.04512635350693017
0 0.589910073496867 0.24458483600756153 0.024975024280138314 0.055956678348593414
0 0.6268731094314717 0.29693140607560053 0.024975024280138314 0.05956678662914783
0 0.6683316497365013 0.22833934874506667 0.021978021366521716 0.052346570068039
0 0.6673326487652957 0.17148014332633466 0.017982017481699586 0.04693140764720738
0 0.67532465653494 0.2906137165846303 0.02397602330893278 0.043321299366652966
0 0.6888111696462147 0.3357400700915605 0.03096903010737151 0.07220216561108828
0 0.7532467322889715 0.4160649793338962 0.03196803107857704 0.06317689490970224
0 0.7382617177208886 0.22472924046451226 0.017982017481699586 0.048736461787484586
0 0.7482517274329439 0.16877256211591884 0.013986013596877456 0.03429602866526693
0 0.8076922852196731 0.18772563058882952 0.01898101845290512 0.05415162420831621
0 0.790709268709179 0.27797833760268986 0.02297702233772725 0.05415162420831621
0 0.8316683085286058 0.3628158821957186 0.02697302622254938 0.06859205733053386
0 0.8201797973597422 0.2554151608492248 0.021978021366521716 0.055956678348593414
0 0.8346653114422224 0.21389891562284902 0.02297702233772725 0.05956678662914783
0 0.865634341549594 0.16967508918605745 0.014985014568082988 0.03971119108609855
0 0.8726273483480327 0.21389891562284902 0.01898101845290512 0.048736461787484586
0 0.8731268488336354 0.266245485690888 0.01998001942411065 0.05956678662914783
0 0.8871128624305129 0.21750902390340343 0.013986013596877456 0.048736461787484586
0 0.904095878941007 0.318592055758927 0.01998001942411065 0.052346570068039
0 0.936063910019584 0.2861010812339373 0.025974025251343846 0.05956678662914783
0 0.44505493267206475 0.14169675001176074 0.010989010683260858 0.02346570382360369
0 0.6063935895217583 0.10649819427635521 0.013986013596877456 0.02888086624443531
0 0.5939060773816891 0.17328519746661186 0.01898101845290512 0.03610108280554414
0 0.7032966837286949 0.2102888073422946 0.02397602330893278 0.04151624522637576
0 0.8921078672865406 0.1805054140277207 0.017982017481699586 0.03610108280554414
0 0.7602397390874103 0.14711191243259236 0.013986013596877456 0.03429602866526693
0 0.7962037740508094 0.16425992676522583 0.017982017481699586 0.043321299366652966
0 0.9415584153612144 0.20487364492146298 0.016983016510494053 0.04151624522637576
0 0.8511488274671137 0.19223826593952253 0.017982017481699586 0.048736461787484586
0 0.4890109754051082 0.14530685829231516 0.014985014568082988 0.027075812104158103
0 0.538461523479782 0.1543321289937012 0.01998001942411065 0.03429602866526693
0 0.9340659080771729 0.25270757963880897 0.02397602330893278 0.04693140764720738
