0 0.058000002754852176 0.5948794959113002 0.03600000170990825 0.05722891353070736
0 0.017000000807456672 0.5948794959113002 0.03000000142492354 0.05120481736958027
0 0.05100000242237002 0.5587349189445376 0.03000000142492354 0.05120481736958027
0 0.07900000375229865 0.5557228708639741 0.026000001234933734 0.05120481736958027
0 0.09500000451225787 0.5843373276293278 0.03800000180490315 0.066265057772398
0 0.13700000650715083 0.5677710631862283 0.034000001614913344 0.05120481736958027
0 0.19000000902451575 0.5933734718710184 0.04000000189989805 0.066265057772398
0 0.2010000095469877 0.5707831112667918 0.03000000142492354 0.04518072120845318
0 0.2360000112093985 0.5542168468236923 0.03200000151991844 0.048192769289016724
0 0.24200001149438322 0.5873493757098913 0.03200000151991844 0.054216865450143814
0 0.288000013679266 0.5798192555084825 0.04000000189989805 0.06927710585296154
0 0.3200000151991844 0.5617469670251012 0.03200000151991844 0.05120481736958027
0 0.3410000161966309 0.5783132314682007 0.03800000180490315 0.066265057772398
0 0.4000000189989805 0.5753011833876371 0.03600000170990825 0.07228915393352509
0 0.441000020946376 0.5843373276293278 0.03800000180490315 0.066265057772398
0 0.5050000239862129 0.5843373276293278 0.03800000180490315 0.060240961611270905
0 0.574000027263537 0.56927708722651 0.03600000170990825 0.060240961611270905
0 0.6010000285459682 0.582831303589046 0.03000000142492354 0.05722891353070736
0 0.6450000306358561 0.5783132314682007 0.03800000180490315 0.066265057772398
0 0.7570000359555706 0.5903614237904549 0.034000001614913344 0.054216865450143814
0 0.7830000371905044 0.48042166884988546 0.03000000142492354 0.06325300969183445
