0 0.06499999930383638 0.48571430426090956 0.06142857077065855 0.11428571864962578
0 0.11571428447496146 0.41785715881269425 0.057142856530845165 0.08333333651535213
0 0.14214285562047735 0.3880952529143542 0.03857142815832049 0.07142857415601611
0 0.18785714084515348 0.34761906089261174 0.03571428533177823 0.0666666692122817
0 0.09928571322234347 0.34761906089261174 0.03285714250523597 0.061904764268547297
0 0.07071428495692089 0.34642858465667814 0.03571428533177823 0.05952381179668009
0 0.025714285438880324 0.3285714411176741 0.03714285674504936 0.05238095438107848
0 0.35214285337133333 0.46785716072190553 0.04714285663794726 0.07857143157161772
0 0.39571428147610277 0.5523809734731913 0.07999999914318323 0.12380952853709459
0 0.4599999950733036 0.619047642685473 0.09999999892897904 0.1857142928056419
0 0.48071428056573495 0.5250000200467184 0.06142857077065855 0.10714286123402417
0 0.46285713789984584 0.4488095409469679 0.04857142805121839 0.08333333651535213
0 0.4414285667007789 0.41309525386895984 0.03142857109196484 0.06904762168414891
0 0.3307142821722664 0.42380953999236226 0.041428570984862745 0.07142857415601611
0 0.31714285374619067 0.36190477572381496 0.028571428265422583 0.05714285932481289
0 0.342857139185071 0.36428572819568217 0.028571428265422583 0.05714285932481289
0 0.36785713891731575 0.40476192021742463 0.03285714250523597 0.0666666692122817
0 0.40857142419554293 0.3952381103299558 0.03142857109196484 0.061904764268547297
0 0.3485714248381555 0.29880953521933407 0.028571428265422583 0.0642857167404145
0 0.4678571378462948 0.3785714430268854 0.027142856852151453 0.047619049437344074
0 0.48642856621881947 0.397619062801823 0.024285714025609195 0.05238095438107848
0 0.5235714229638688 0.43095239740796387 0.03857142815832049 0.08095238404348493
0 0.5242857086705044 0.391666681622155 0.028571428265422583 0.05952381179668009
0 0.5492857084027492 0.40714287268929183 0.027142856852151453 0.05714285932481289
0 0.5735714224283583 0.47023811319377273 0.041428570984862745 0.08809524145908654
0 0.6178571362397633 0.5488095447653905 0.07285714207682759 0.1309523859526962
0 0.6907142783165909 0.6511905010556802 0.08142857055645436 0.15952381561510265
0 0.6257142790127546 0.8809524145908654 0.15999999828636646 0.23333334224298596
0 0.9192857044399716 0.6928571693133563 0.10714285599533468 0.1904761977493763
0 0.834999991056975 0.5714285932481289 0.06999999925028533 0.128571433480829
0 0.7942857057787478 0.47023811319377273 0.04857142805121839 0.07857143157161772
0 0.7957142771920189 0.42023811128456146 0.03714285674504936 0.07380952662788332
0 0.7392857063678093 0.4488095409469679 0.03857142815832049 0.06904762168414891
0 0.7321428493014537 0.5476190685294569 0.04999999946448952 0.09523809887468815
0 0.6985714210895821 0.48809525673277676 0.039999999571591616 0.07619047909975052
0 0.641428564558737 0.4642857320141047 0.03714285674504936 0.0666666692122817
0 0.6064285649335943 0.4404762072954327 0.03571428533177823 0.05714285932481289
0 0.6192857076530345 0.3833333479706198 0.03857142815832049 0.05238095438107848
0 0.6557142786914483 0.40833334892522544 0.03142857109196484 0.054761906852945685
0 0.6871428497834131 0.4011904915096238 0.028571428265422583 0.06904762168414891
0 0.7164285637554713 0.40595239645335823 0.027142856852151453 0.05000000190921128
0 0.862857133615762 0.4464285884751007 0.039999999571591616 0.06904762168414891
0 0.923571418679785 0.4607143033063039 0.029999999678693712 0.06904762168414891
0 0.951428561238572 0.4976190666202456 0.039999999571591616 0.061904764268547297
