0 0.11445312670548446 0.5146036227233708 0.13203125196741894 0.28094576159492135
0 0.2027343780209776 0.6133518854621798 0.044531250663567334 0.09735744213685393
0 0.25078125373693183 0.5904033455299214 0.037500000558793545 0.0792767743114382
0 0.24101562859141268 0.5347705214517191 0.03203125047730282 0.04867872106842697
0 0.2707031290337909 0.5465924965683371 0.027343750407453626 0.06397774768993258
0 0.27929687916184776 0.5180806742282584 0.022656250337604433 0.05146036227233708
0 0.32070312977884896 0.5222531360341236 0.016406250244472176 0.04033379745669663
0 0.3332031299651135 0.5445062656654045 0.025781250384170562 0.06258692708797753
0 0.35898438034928404 0.5180806742282584 0.02890625043073669 0.06815020949579775
0 0.3960937559022568 0.5292072390438989 0.0218750003259629 0.04867872106842697
0 0.43593750649597496 0.5285118287429214 0.017187500256113708 0.041724618058651686
0 0.4390625065425411 0.5611961128888652 0.0218750003259629 0.04867872106842697
0 0.3894531308033038 0.6335187841905281 0.03828125057043508 0.08484005671925843
0 0.45664063180447556 0.6210013987729326 0.03671875054715201 0.07093185069970787
0 0.47265625704312697 0.5514603686751798 0.020312500302679837 0.04867872106842697
0 0.5082031325728167 0.5674548055976629 0.01796875026775524 0.041724618058651686
0 0.5273437578580342 0.5653685746947303 0.02812500041909516 0.06536856829188764
0 0.529296882887138 0.6905424288706854 0.0460937506868504 0.09040333912707865
0 0.5917968838184606 0.5945758073357865 0.09140625136205927 0.18219749885611236
0 0.6621093848661985 0.5744089086074382 0.033593750500585884 0.06397774768993258
0 0.7375000109896064 0.6182197575690225 0.034375000512227416 0.06258692708797753
0 0.7640625113854185 0.6314325532875955 0.023437500349245965 0.052851182874292135
0 0.8539062627241947 0.49652295489795506 0.08125000121071935 0.1557719074189663
