0 0.2263803671230562 0.37129628972616047 0.11165644123684615 0.15370370098389685
0 0.3662576671340503 0.14537036779802293 0.038036809652112424 0.05740740639157593
0 0.43190183863043785 0.2231481441995129 0.026993864914402366 0.0351851845625788
0 0.4361963171395473 0.2018518482800573 0.01840490789618343 0.03703703638166189
0 0.42515337240183726 0.33148147561587393 0.06257668684702367 0.09629629459232092
0 0.4957055193372071 0.2037037000991404 0.019631901755928993 0.04814814729616046
0 0.5134969303035177 0.2055555519182235 0.028220858774147928 0.04444444365799427
0 0.582822083379142 0.19629629282280803 0.02944785263389349 0.05555555457249284
0 0.6257668684702367 0.21203703328501433 0.03680981579236686 0.05370370275340974
0 0.6196318991715088 0.2879629578674212 0.044171778950840235 0.0685185173060745
0 0.5552147215348668 0.27685184695292264 0.050306748249568045 0.07962962822057307
0 0.7423312851460651 0.37499999336432666 0.09325153334066272 0.13148147915489972
0 0.6785276044392958 0.7435185053618625 0.19877300527878106 0.35370369744487107
0 0.8177914075204171 0.5722222120966762 0.1460122693097219 0.23333332920446992
0 0.8969325114740059 0.28518518013879657 0.05889570526778698 0.08148148003965616
