0 0.08171745267463848 0.36016259336611256 0.03970452502835542 0.06991869758348912
0 0.2737765504862182 0.1910569061874412 0.01754385989625007 0.03414634068030864
0 0.3088642702787183 0.19593495485605672 0.015697137801907957 0.03414634068030864
0 0.3231763665098697 0.1869918656302616 0.016620498849079013 0.03577235690318048
0 0.3282548522693105 0.2357723523164168 0.030470914556644857 0.05203251913189888
0 0.3924284450476989 0.18536584940738976 0.02216066513210535 0.05203251913189888
0 0.45060019101947546 0.18943088996456936 0.0295475535094738 0.05365853535477072
0 0.4990766459959559 0.16585365473292768 0.02493074827361852 0.0487804866861552
0 0.5415512541658245 0.15121950872708112 0.023084026179276407 0.04552845424041152
0 0.5738688908168115 0.16829267906723544 0.023084026179276407 0.0569105678005144
0 0.583102501288522 0.27886178222252056 0.028624192462302744 0.05365853535477072
0 0.6172668600338511 0.3089430823456496 0.030470914556644857 0.0650406489148736
0 0.6671283565810882 0.2886178795597516 0.04893813550006598 0.07967479492072016
0 0.7165281726047397 0.19837397919036448 0.0295475535094738 0.05853658402338624
