0 0.32598425075411797 0.21711457282071933 0.017322834581136703 0.026874116505496204
0 0.3531496049836278 0.21994342718971893 0.016535433009266853 0.029702970874495804
0 0.3850393686443567 0.30975955340545624 0.026771653443574905 0.04809052427299321
0 0.4846456674858928 0.20297030097572133 0.018110236153006554 0.035360679612495005
0 0.5661417301744223 0.17114568932447582 0.018897637724876404 0.033946252427995205
0 0.5594488168135285 0.11739745631348342 0.016535433009266853 0.025459689320996404
0 0.4988188957795501 0.15487977670272812 0.011811023578047752 0.024045262136496603
0 0.8062992095947266 0.40240453399019316 0.03307086601853371 0.07779349514748901
0 0.86732283141464 0.10042433009948581 0.016535433009266853 0.028288543689996004
0 0.8996062958613038 0.14639321359572932 0.011811023578047752 0.029702970874495804
