0 0.9500932614610065 0.5126404546899721 0.04850746155716479 0.07724719180259854
0 0.8835121062948019 0.5732092755351914 0.07765858028142247 0.1260533720778767
0 0.7693563253706088 0.6587078719167039 0.07136193863698281 0.1446629228303209
0 0.6915811406142893 0.6860955126467161 0.16114738430769648 0.2591292161378078
0 0.602961739692546 0.5210674210684374 0.05153917790448759 0.08988764137029648
0 0.6595149100176059 0.49912219612451736 0.048041043657576665 0.07549157380708493
0 0.6918143495640834 0.46558989241020754 0.0314832082221983 0.06601123663131148
0 0.7377565126735135 0.47226124079315923 0.03008395452343393 0.05266853986540809
0 0.7786846833623713 0.4661165778088616 0.03498134246910922 0.07338483221246861
0 0.8150652795302449 0.4724368025927106 0.03498134246910922 0.06285112423938699
0 0.8582089352421463 0.47033006099809427 0.030783581372816116 0.06074438264477067
0 0.8818796436462435 0.47963483637431636 0.03288246192096267 0.06741573102772236
0 0.9137126652931329 0.47436798238777556 0.02518656657775864 0.0442415734869428
0 0.6132229334834847 0.4533005664416123 0.024020521828788333 0.04985955107258633
0 0.6434234924818156 0.4517205102456501 0.029384327674051747 0.04669943868066184
0 0.599230396495841 0.4304775324999355 0.017957089134142734 0.03511235991027206
0 0.5619169645287911 0.44873595965327695 0.02681902922631707 0.048455056676175445
0 0.5645988674514228 0.4232794987183297 0.020055969682289287 0.04108146109501831
0 0.5096781597749214 0.42222612792102154 0.019822760732495226 0.03827247230219655
0 0.523437487812771 0.42082163352461066 0.018423507033730857 0.0340589891129639
0 0.5075792792267748 0.4552317462366773 0.0254197755275527 0.05161516906809993
0 0.48985539904242614 0.4683988812030293 0.05013992420572322 0.08567415818106383
0 0.4748134217807092 0.5354634886316489 0.06249999854480848 0.11657303490210325
0 0.39727144597418373 0.49613764553214423 0.05013992420572322 0.08356741658644751
0 0.329990663958597 0.5740870845329482 0.07882462503039278 0.14255618123570457
0 0.1585820858599618 0.6427317481575301 0.10074626631103456 0.18504213672713377
0 0.08523787114972947 0.5333567470370326 0.07066231178760063 0.12078651809133589
0 0.014575559362128843 0.4578651732299477 0.0254197755275527 0.07935393339721486
0 0.021338618906156626 0.43100421789858956 0.02821828292508144 0.06074438264477067
0 0.05970149114727974 0.4585674204281531 0.03917910356540233 0.07443820300977677
0 0.07870802055549575 0.40783006035781 0.03288246192096267 0.0579353938519489
0 0.05666977479995694 0.34533005971752573 0.024720148678170517 0.0340589891129639
0 0.13456156403117348 0.40010534117755014 0.029384327674051747 0.04669943868066184
0 0.1475046607447439 0.39483848719100934 0.021222014431259595 0.04037921389681287
0 0.14960354129289044 0.46822331940347794 0.05013992420572322 0.07759831540170126
0 0.20475745791918598 0.42485955491429195 0.026119402376934886 0.04634831508155912
0 0.23612406166648725 0.4099368019524263 0.021222014431259595 0.04108146109501831
0 0.29151118724257685 0.4892907353496412 0.056902983749751 0.08883427057298832
0 0.29675838861294324 0.4543539372389205 0.038479476716020145 0.06601123663131148
0 0.3080690226779552 0.41415028514165897 0.02518656657775864 0.0579353938519489
0 0.32555969391250983 0.4108146109501831 0.023320894979406148 0.037219101504888386
0 0.280666971077153 0.40783006035781 0.019822760732495226 0.03897471950040199
0 0.22551305445085745 0.3862359590129927 0.023320894979406148 0.02879213512642309
0 0.3417677159231971 0.40273876817082055 0.021222014431259595 0.04353932628873736
0 0.3725512972960132 0.3964185433869716 0.01422574593743775 0.02879213512642309
0 0.38211286423756974 0.41818820653134026 0.021222014431259595 0.04564606788335368
0 0.40298506524413824 0.399051970380242 0.026119402376934886 0.042485955491429195
0 0.4055503636918729 0.4552317462366773 0.03498134246910922 0.04950842747348361
0 0.4312033481692197 0.41432584694121033 0.026119402376934886 0.042134831892326474
0 0.45837219082022784 0.4357443864864763 0.022621268130023964 0.04143258469412103
0 0.46035446689347737 0.4108146109501831 0.021455223381053656 0.037219101504888386
