0 0.1845637608494144 0.3356521810637787 0.03739213856169954 0.08695652359165251
0 0.3796740223187953 0.1834782647783868 0.015340364538133144 0.033043478964827955
0 0.3983700915996451 0.19130435190163553 0.016299137321766466 0.034782609436661005
0 0.3921380685060285 0.2286956570460461 0.017257910105399787 0.040000000852160156
0 0.4022051827341784 0.1521739162853919 0.01246404618723318 0.029565218021161854
0 0.43288591181044467 0.19565217808121815 0.01246404618723318 0.033043478964827955
0 0.4520613674831111 0.23652174416929483 0.01821668288903311 0.045217392267659307
0 0.47938639181666076 0.21739130897913128 0.017257910105399787 0.045217392267659307
0 0.4568552314012777 0.19826087378896773 0.016299137321766466 0.038260870380327106
0 0.43288591181044467 0.13565217680297792 0.010546500619966537 0.024347826605662704
0 0.4424736396467779 0.1591304381727241 0.01246404618723318 0.033043478964827955
0 0.45637584500946105 0.1626086991163902 0.011505273403599858 0.029565218021161854
0 0.47603068707394414 0.17565217765513808 0.014381591754499823 0.034782609436661005
0 0.5057526433665771 0.18608696048613638 0.016299137321766466 0.038260870380327106
0 0.4750719142903108 0.14695652486989275 0.01246404618723318 0.026086957077495754
0 0.4688398911966942 0.13391304633114487 0.011505273403599858 0.017391304718330503
0 0.48945350604481064 0.12956522015156224 0.010546500619966537 0.026086957077495754
0 0.5023969386238605 0.10956521972548217 0.009587727836333215 0.024347826605662704
0 0.5417066227528267 0.14434782916214317 0.011505273403599858 0.027826087549328804
0 0.5536912825482432 0.15652174246497452 0.014381591754499823 0.038260870380327106
0 0.5407478499691933 0.1834782647783868 0.015340364538133144 0.036521739908494055
0 0.5805369204899762 0.12434782873606309 0.01246404618723318 0.029565218021161854
0 0.5910834211099427 0.09391304547898471 0.008628955052699894 0.024347826605662704
0 0.6150527407007758 0.08869565406348556 0.008628955052699894 0.024347826605662704
0 0.6088207176071592 0.11478261114098132 0.011505273403599858 0.027826087549328804
0 0.6275167868880089 0.10956521972548217 0.010546500619966537 0.024347826605662704
0 0.6241610821452923 0.13217391585931182 0.013422818970866501 0.027826087549328804
0 0.5896452619344927 0.15739130770089105 0.015340364538133144 0.036521739908494055
0 0.593480353069026 0.14260869869031012 0.015340364538133144 0.027826087549328804
0 0.5632790103845764 0.2669565274263732 0.020134228456299752 0.040000000852160156
0 0.6131351951335091 0.24173913558479398 0.023969319590833038 0.05913043604232371
0 0.6265580141043756 0.2808695712010376 0.027804410725366324 0.05739130557049066
0 0.6428571514261421 0.21043478709179908 0.01821668288903311 0.045217392267659307
0 0.6960690409177914 0.3182608763454482 0.023010546807199717 0.08347826264798641
0 0.7301054747367743 0.2669565274263732 0.02588686515809968 0.05739130557049066
0 0.758868658245774 0.23304348322562873 0.01821668288903311 0.05217391415499151
0 0.754554180719424 0.19478261284530163 0.01917545567266643 0.041739131323993206
0 0.7919463192811236 0.2669565274263732 0.023010546807199717 0.04695652273949236
0 0.788590614538407 0.22000000468688086 0.014381591754499823 0.036521739908494055
0 0.8360498673282564 0.32347826776094735 0.021093001239933074 0.05913043604232371
0 0.8878235976444557 0.25478261412354186 0.015340364538133144 0.05391304462682456
0 0.9046021213580389 0.24521739652846009 0.016299137321766466 0.038260870380327106
0 0.8983700982644223 0.22521739610238 0.013422818970866501 0.040000000852160156
0 0.9314477592997719 0.30695652827853337 0.01821668288903311 0.05043478368315846
0 0.840843731246423 0.21652174374321476 0.015340364538133144 0.040000000852160156
0 0.9333653048670385 0.24434783129254356 0.01246404618723318 0.026086957077495754
0 0.9031639621825889 0.19217391713755205 0.011505273403599858 0.036521739908494055
0 0.9405561007442884 0.14956522057764232 0.009587727836333215 0.027826087549328804
0 0.9443911918788217 0.18173913430655375 0.011505273403599858 0.029565218021161854
0 0.9592521700251382 0.19826087378896773 0.01246404618723318 0.034782609436661005
0 0.8796740289835725 0.16782609053188935 0.01246404618723318 0.033043478964827955
0 0.8628955052699894 0.1834782647783868 0.011505273403599858 0.033043478964827955
0 0.8302972306264564 0.16782609053188935 0.011505273403599858 0.033043478964827955
0 0.8441994359891396 0.1452173943980597 0.01246404618723318 0.036521739908494055
0 0.7809204322693404 0.1765217428910546 0.01246404618723318 0.033043478964827955
0 0.7670182269066572 0.15130435104947537 0.013422818970866501 0.027826087549328804
0 0.7837967506202403 0.12347826350014657 0.010546500619966537 0.024347826605662704
0 0.7895493873220403 0.14956522057764232 0.01246404618723318 0.034782609436661005
0 0.7171620421577245 0.17913043859880418 0.013422818970866501 0.038260870380327106
0 0.7344199522631243 0.1660869600600563 0.013422818970866501 0.033043478964827955
0 0.7444870664912742 0.12260869826423004 0.010546500619966537 0.029565218021161854
0 0.6677852438006084 0.19478261284530163 0.01821668288903311 0.038260870380327106
0 0.6639501526660752 0.08782608882756904 0.008628955052699894 0.026086957077495754
0 0.6687440165842418 0.11739130684873089 0.01246404618723318 0.029565218021161854
0 0.6917545633914415 0.10434782830998302 0.010546500619966537 0.024347826605662704
0 0.705177382362308 0.10782608925364912 0.010546500619966537 0.027826087549328804
0 0.6970278137014247 0.1521739162853919 0.013422818970866501 0.033043478964827955
