0 0.017574692610651255 0.5661040669656359 0.033391915960237384 0.08860759309027344
0 0.06107205682201311 0.5766525899525732 0.062390158767811954 0.11251757852733135
0 0.13840070430887863 0.61251756810816 0.07469244359526783 0.10267229040618986
0 0.1700351510080509 0.5393811420653947 0.05536028172355145 0.08016877470072359
0 0.28427065297728404 0.5267229144810699 0.04130052763503045 0.07454289577435702
0 0.32688928255811334 0.5717299458920024 0.04393673152662814 0.09423347201664001
0 0.290421795391012 0.6132208029739559 0.046572935418225825 0.07313642604276538
0 0.38312829891219735 0.537974672333803 0.033391915960237384 0.05766525899525732
0 0.420035153394565 0.5112517474335618 0.03163444669917226 0.06610407738480717
0 0.44420035573421046 0.5541490742471069 0.0377855891129002 0.0703234865795821
0 0.4688049253891222 0.6701828271034174 0.08172232063952833 0.14205344289075583
0 0.47539543511811644 0.5112517474335618 0.03163444669917226 0.054852319532074034
0 0.504393677925691 0.5386779071995988 0.026362038915976882 0.04500703141093254
0 0.5083479837630875 0.4936708757886663 0.02196836576331407 0.05907172872684896
0 0.5333919207332656 0.5210970355547033 0.029876977438107133 0.05766525899525732
0 0.5522847152897157 0.48874823172809556 0.018453427241183817 0.054852319532074034
0 0.5698594079003669 0.5007032244466245 0.02196836576331407 0.05907172872684896
0 0.5984182833926752 0.502812929044012 0.028119508177042007 0.05766525899525732
0 0.6217047511017881 0.5077355731045827 0.03602811985183507 0.05907172872684896
0 0.6151142413727939 0.5288326190784574 0.024604569654911757 0.03938115248456597
0 0.602811956545338 0.5801687642815523 0.05799648561514914 0.09704641147982329
0 0.6564147690078244 0.7088607447221875 0.0966608093585819 0.208157520275563
0 0.6616871767910197 0.5682137715630233 0.04393673152662814 0.08157524443231523
0 0.6660808499436826 0.5133614520309493 0.024604569654911757 0.04219409194774926
0 0.6946397254359908 0.4999999895808287 0.027240773546509445 0.054852319532074034
0 0.7170474585145712 0.5035161639098078 0.028119508177042007 0.061884668190032244
0 0.7609841900411993 0.6061884543159977 0.06502636265940964 0.11533051799051464
0 0.7420913954847492 0.5407876117969863 0.03427065059076995 0.06610407738480717
0 0.7456063340068795 0.4528832535725087 0.02899824280757457 0.056258789263665676
0 0.7706502709770575 0.5218002704204991 0.036906854482367635 0.06469760765321553
0 0.8101933293510228 0.5267229144810699 0.028119508177042007 0.054852319532074034
0 0.8290861239074729 0.49789028498344123 0.020210896502248943 0.04219409194774926
0 0.8396309394738637 0.5555555439786986 0.0377855891129002 0.07876230496913195
0 0.8637961418135092 0.5569620137102902 0.033391915960237384 0.06469760765321553
0 0.8778558959020302 0.4929676409228705 0.028119508177042007 0.05203938006889075
0 0.9187170562217943 0.5084388079703785 0.02899824280757457 0.0604781984584406
0 0.9301406064187177 0.6392404930084012 0.0659050972899422 0.113924048258923
0 0.9257469332660548 0.8059071562020108 0.12214411364402622 0.23628691490739584
0 0.9749560725758784 0.510548512567766 0.030755712068639696 0.05063291033729911
0 0.9613356858026236 0.5625878926366568 0.04217926226556301 0.0703234865795821
