0 0.026377490430604666 0.5570312583004124 0.050410315045155585 0.1265625018859282
0 0.1154747914406471 0.45312500675208867 0.062133644125424325 0.08437500125728548
0 0.0586166454013437 0.35859375534346327 0.042203984688967466 0.06093750090803951
0 0.17643610265804455 0.3929687558556907 0.03399765433277935 0.05781250086147338
0 0.20808909117477015 0.42890625639120117 0.05275498086120933 0.07343750109430403
0 0.22274325252510607 0.3812500056810677 0.03516998724080622 0.0437500006519258
0 0.32180538325337693 0.42343750630971044 0.04806564922910184 0.06875000102445483
0 0.38862835901090875 0.4156250061932951 0.038686985964886844 0.059375000884756446
0 0.4261430120677687 0.3789062556461431 0.04103165178094059 0.051562500768341124
0 0.46482999803265557 0.5312500079162419 0.08089097065385431 0.12500000186264515
0 0.5293083079741336 0.4703125070082024 0.05744431249331683 0.08437500125728548
0 0.5973036166396923 0.4734375070547685 0.04806564922910184 0.0656250009778887
0 0.525791309250053 0.39921875594882295 0.03399765433277935 0.05468750081490725
0 0.5685814603930339 0.3984375059371814 0.032825321424752474 0.05312500079162419
0 0.7104337422642857 0.44765625667059794 0.05158264795318246 0.0703125010477379
0 0.7338804004248232 0.4226562562980689 0.03516998724080622 0.05468750081490725
0 0.7825322161079384 0.4218750062864274 0.036342320148833096 0.0437500006519258
0 0.8135990381706506 0.41093750612344593 0.02344665816053748 0.0437500006519258
0 0.8657678525778465 0.42109375627478585 0.02930832270067185 0.04218750062864274
