0 0.07578125112922862 0.24305556144099683 0.0656250009778887 0.15833333716727793
0 0.05429687580908649 0.15486111486097798 0.044531250663567334 0.0847222242737189
0 0.011328125168802217 0.22361111652571708 0.019531250291038305 0.11388889164663851
0 0.17812500265426934 0.1916666713077575 0.040625000605359674 0.08333333535119891
0 0.19492187790456228 0.2541666728211567 0.03828125057043508 0.08611111319623888
0 0.2785156291502062 0.23888889467343688 0.055468750826548785 0.11666666949167848
0 0.3007812544819899 0.19722222699783742 0.05000000074505806 0.09444444673135877
0 0.3914062558324076 0.22569444990949705 0.04218750062864274 0.09027777996379882
0 0.4835937572061084 0.21180556068429723 0.03593750053551048 0.07361111289355904
0 0.5191406327357981 0.21180556068429723 0.052343750779982656 0.1152777805691585
0 0.5597656333411578 0.18750000454019755 0.033593750500585884 0.10277778026647866
0 0.5941406338533852 0.17986111546633765 0.03203125047730282 0.07083333504851907
0 0.6625000098720193 0.20555556053295732 0.037500000558793545 0.09722222457639873
0 0.6968750103842467 0.20347222714917734 0.03593750053551048 0.07916666858363897
0 0.7925781368103344 0.18819444900145754 0.03515625052386895 0.09583333565387875
0 0.9273437638184987 0.41805556567851454 0.1093750016298145 0.23611111682839692
