0 0.043333334382623434 0.5177215224830434 0.08333333535119891 0.17468354548327625
0 0.03500000084750354 0.408860762254335 0.06666666828095913 0.12911392492242157
0 0.07500000181607902 0.8455696259625256 0.14333333680406213 0.3037974704056978
0 0.16500000399537385 0.5987341812578961 0.11000000266358256 0.22025316604413092
0 0.23083333892282099 0.4518987372284755 0.10166666912846267 0.13924050726927817
0 0.3366666748188436 0.5025316489627585 0.08333333535119891 0.16962025430984795
0 0.43250001047272235 0.4670886107487604 0.08500000205822289 0.14936708961613476
0 0.46416667790617794 0.57974683935754 0.12500000302679837 0.23291139397770166
0 0.3425000082934275 0.8392405119957402 0.1916666713077575 0.30632911599241197
0 0.6191666816594079 0.5075949401361868 0.0916666688863188 0.18481012783013284
0 0.6800000164657831 0.46075949678197503 0.08000000193715096 0.1569620263762772
0 0.5616666802670807 0.22405063442420214 0.08333333535119891 0.14430379844270647
