0 0.7630000362405553 0.44259818689897656 0.03000000142492354 0.05135951656848192
0 0.339000016101636 0.5725075523369014 0.042000001994892955 0.0694864047691226
0 0.4150000197114423 0.5649546822533011 0.042000001994892955 0.06042296066880226
0 0.483000022941269 0.5679758302867413 0.034000001614913344 0.054380664601922035
0 0.5370000255061314 0.5483383680693805 0.034000001614913344 0.05135951656848192
0 0.5820000276435167 0.5347432019189 0.028000001329928637 0.04229607246816158
0 0.6310000299708918 0.5166163137182593 0.026000001234933734 0.04229607246816158
0 0.5470000259811059 0.5151057397015393 0.018000000854954123 0.033232628367841244
0 0.5060000240337104 0.53323262790218 0.020000000949949026 0.033232628367841244
0 0.49000002327375114 0.507552869617939 0.020000000949949026 0.03021148033440113
0 0.4850000230362639 0.4939577034674585 0.018000000854954123 0.027190332300961018
0 0.4390000208513811 0.46072507509961724 0.018000000854954123 0.02114803623408079
0 0.4660000221338123 0.509063443634659 0.020000000949949026 0.027190332300961018
0 0.4600000218488276 0.53323262790218 0.020000000949949026 0.027190332300961018
0 0.4540000215638429 0.5030211475677788 0.01600000075995922 0.02114803623408079
0 0.43200002051889896 0.5196374617516994 0.01600000075995922 0.03021148033440113
0 0.4290000203764066 0.49546827748417854 0.014000000664964318 0.024169184267520905
0 0.4170000198064372 0.5347432019189 0.018000000854954123 0.03021148033440113
0 0.3760000178590417 0.5287009058520198 0.01600000075995922 0.03021148033440113
0 0.39700001885648817 0.5120845916680992 0.018000000854954123 0.027190332300961018
0 0.36900001752655953 0.5015105735510588 0.014000000664964318 0.024169184267520905
0 0.359000017051585 0.5422960720025003 0.02200000104494393 0.045317220501601696
0 0.35200001671910286 0.5120845916680992 0.01600000075995922 0.027190332300961018
0 0.33800001605413854 0.5045317215844989 0.01600000075995922 0.03021148033440113
0 0.3220000152941793 0.507552869617939 0.01600000075995922 0.024169184267520905
0 0.31900001515168697 0.5362537759356201 0.02200000104494393 0.033232628367841244
0 0.3060000145342201 0.5196374617516994 0.020000000949949026 0.03625377640128136
0 0.26200001244433224 0.5679758302867413 0.03600000170990825 0.054380664601922035
0 0.24700001173187047 0.5377643499523401 0.02200000104494393 0.03021148033440113
0 0.27600001310929656 0.5181268877349794 0.012000000569969416 0.027190332300961018
0 0.2550000121118501 0.5166163137182593 0.02200000104494393 0.03021148033440113
0 0.22700001078192145 0.5196374617516994 0.018000000854954123 0.03021148033440113
0 0.20800000987946987 0.5135951656848192 0.01600000075995922 0.024169184267520905
0 0.15900000755209476 0.5468277940526605 0.03000000142492354 0.04229607246816158
0 0.17700000840704888 0.5317220538854599 0.02200000104494393 0.04229607246816158
0 0.15100000717211515 0.5151057397015393 0.02200000104494393 0.033232628367841244
0 0.08600000408478081 0.5211480357684195 0.02400000113993883 0.033232628367841244
