0 0.18079399107955396 0.45019156008493155 0.05686695268377662 0.11877394351176918
0 0.29023605096153915 0.20114942046348006 0.016094420570880175 0.03448275779373944
0 0.3122317590750754 0.21072796429507434 0.015021459199488163 0.03831417532637715
0 0.32778969896025956 0.20881225552875549 0.013948497828096151 0.03448275779373944
0 0.34603004227392375 0.20881225552875549 0.016094420570880175 0.03448275779373944
0 0.35568669461645186 0.2356321782572195 0.018240343313664198 0.03831417532637715
0 0.37499999930150807 0.19827585731400177 0.013948497828096151 0.03256704902742058
0 0.4045064370147884 0.23467432387406006 0.015021459199488163 0.036398466560058296
0 0.42060085758566856 0.24137930455617607 0.01931330468505621 0.053639845456928015
0 0.4216738189570606 0.1494252837728709 0.010729613713920116 0.026819922728464007
0 0.43884120089933276 0.1494252837728709 0.010729613713920116 0.03448275779373944
0 0.46727467724122107 0.12356321542756632 0.011802575085312128 0.028735631494782865
0 0.461373389698565 0.17337164335185662 0.01287553645670414 0.03256704902742058
0 0.4710300420410931 0.19444443978136405 0.017167381942272186 0.044061301625333726
0 0.5010729604400694 0.17337164335185662 0.01287553645670414 0.028735631494782865
0 0.5236051492393017 0.16666666266974062 0.01287553645670414 0.030651340261101723
0 0.555793990381062 0.17145593458553776 0.017167381942272186 0.036398466560058296
0 0.5627682392951101 0.15134099253918976 0.011802575085312128 0.03448275779373944
0 0.5718884109519422 0.22701148880878463 0.01931330468505621 0.05172413669060916
0 0.6561158786062151 0.10057471023174003 0.011802575085312128 0.021072796429507434
0 0.643240342149511 0.14750957500655204 0.016094420570880175 0.03448275779373944
0 0.7113733892329037 0.0996168558485806 0.010729613713920116 0.030651340261101723
0 0.6266094408929348 0.1992337116971612 0.01931330468505621 0.03831417532637715
0 0.6384120159782469 0.23467432387406006 0.01931330468505621 0.04789271915797144
0 0.6663090116344392 0.16858237143605947 0.01287553645670414 0.030651340261101723
0 0.6689914150629193 0.20689654676243663 0.013948497828096151 0.04214559285901487
0 0.6893776811193675 0.24329501332249492 0.02038626605644822 0.0498084279242903
0 0.6727467798627913 0.32758619904052466 0.030042918398976326 0.06896551558747888
0 0.7532188827171922 0.37356320943217725 0.03218884114176035 0.06513409805484116
0 0.7049356210045516 0.15708811883814633 0.015021459199488163 0.03831417532637715
0 0.7188841188326478 0.17337164335185662 0.017167381942272186 0.03256704902742058
0 0.737124462146312 0.13793103117495775 0.015021459199488163 0.03831417532637715
0 0.7473175951745361 0.16475095390342176 0.013948497828096151 0.03448275779373944
0 0.7612660930026323 0.12164750666124746 0.011802575085312128 0.03256704902742058
0 0.7837982818018645 0.12452106981072575 0.0075107295997440815 0.03448275779373944
0 0.7580472088884562 0.1829501871834509 0.013948497828096151 0.04022988409269601
0 0.739806865574792 0.22413792565930635 0.018240343313664198 0.04214559285901487
0 0.7655579384882003 0.23850574140669778 0.02038626605644822 0.05172413669060916
0 0.7929184534586966 0.13218390487600118 0.010729613713920116 0.026819922728464007
0 0.8074034319724888 0.12356321542756632 0.013948497828096151 0.028735631494782865
0 0.829399140086025 0.11877394351176918 0.01287553645670414 0.026819922728464007
0 0.8009656637441367 0.1963601485476829 0.013948497828096151 0.04022988409269601
0 0.8009656637441367 0.15708811883814633 0.016094420570880175 0.026819922728464007
0 0.7977467796299607 0.2787356254993938 0.022532188799232244 0.05555555422324687
0 0.8234978525433689 0.24999999400461093 0.022532188799232244 0.05555555422324687
0 0.8353004276286811 0.16666666266974062 0.013948497828096151 0.026819922728464007
0 0.8412017151713371 0.14080459432443604 0.01287553645670414 0.03256704902742058
0 0.8449570799712092 0.21455938182771206 0.016094420570880175 0.045977010391652584
0 0.8696351915132254 0.1590038276044652 0.016094420570880175 0.03448275779373944
0 0.8814377665985376 0.16091953637078404 0.011802575085312128 0.03448275779373944
0 0.9141630884259939 0.15134099253918976 0.015021459199488163 0.026819922728464007
0 0.9114806849975139 0.18103447841713205 0.011802575085312128 0.03256704902742058
0 0.8980686678551137 0.22413792565930635 0.017167381942272186 0.04214559285901487
0 0.9324034317396581 0.24999999400461093 0.01931330468505621 0.04789271915797144
0 0.9275751055683941 0.2126436730613932 0.016094420570880175 0.03831417532637715
0 0.9415236033964902 0.19348658539820462 0.011802575085312128 0.03448275779373944
0 0.9522532171104103 0.18103447841713205 0.009656652342528105 0.02490421396214515
0 0.924356221454218 0.3390804516384378 0.022532188799232244 0.05747126298956573
0 0.8192060070578009 0.19540229416452348 0.013948497828096151 0.03831417532637715
0 0.8589055777993053 0.21072796429507434 0.018240343313664198 0.03831417532637715
0 0.5949570804368705 0.14559386624023318 0.011802575085312128 0.030651340261101723
0 0.6046137327793986 0.14463601185707375 0.013948497828096151 0.036398466560058296
0 0.6056866941507906 0.09770114708226174 0.009656652342528105 0.022988505195826292
0 0.6137339044362307 0.10153256461489946 0.008583690971136093 0.022988505195826292
0 0.6217811147216707 0.12164750666124746 0.011802575085312128 0.028735631494782865
0 0.6266094408929348 0.10344827338121831 0.01287553645670414 0.026819922728464007
0 0.6577253206633031 0.12547892419388518 0.010729613713920116 0.028735631494782865
0 0.6786480674054474 0.1197317978949286 0.013948497828096151 0.03256704902742058
0 0.5396995698101819 0.1331417592591606 0.01287553645670414 0.028735631494782865
0 0.5064377672970295 0.13409961364232004 0.01287553645670414 0.030651340261101723
0 0.48390557849779725 0.13888888555811718 0.01287553645670414 0.03256704902742058
0 0.4908798274118453 0.14559386624023318 0.011802575085312128 0.030651340261101723
0 0.41791845415718853 0.1762452065013349 0.013948497828096151 0.030651340261101723
0 0.4157725314144045 0.20498083799611777 0.018240343313664198 0.03831417532637715
0 0.39270386192947626 0.15229884692234918 0.015021459199488163 0.02490421396214515
0 0.3986051494721323 0.16858237143605947 0.016094420570880175 0.030651340261101723
0 0.34388411953113973 0.16666666266974062 0.011802575085312128 0.03448275779373944
0 0.3428111581597477 0.18199233280029148 0.013948497828096151 0.03448275779373944
