0 0.33546799037139863 0.21260504407109693 0.016748768975958228 0.03529411798808724
0 0.35665025701746345 0.22016806935425848 0.01970443408936262 0.033613445702940226
0 0.38817735156044364 0.3134453811799176 0.031527094542980194 0.05546218540985137
0 0.49261085223406553 0.2092436995008029 0.021674877498298883 0.04201680712867528
0 0.5098522320622578 0.15462185023352504 0.014778325567021966 0.030252101132646203
0 0.5783251405227929 0.17310924537014216 0.01773399068042636 0.03697479027323425
0 0.571428588591516 0.1184873961028643 0.013793103862553835 0.028571428847499192
0 0.8290640643099323 0.39411765086697415 0.0285714294295758 0.08571428654249758
0 0.8931034751003608 0.10252100939396769 0.014778325567021966 0.033613445702940226
0 0.9241379587911069 0.149579833378084 0.015763547271490097 0.033613445702940226
