0 0.13285600498784333 0.5175315525848418 0.03659506724216044 0.06732117757201195
0 0.22354812815319747 0.33450210106093436 0.01591089880093932 0.032258064253255725
0 0.2772474116063677 0.3702664766460657 0.015115353860892355 0.033660588786005974
0 0.3253778804792091 0.3590462803840637 0.02227525832131505 0.03927068691700697
0 0.2784407290164381 0.30294529907405376 0.01431980892084539 0.033660588786005974
0 0.3448687315103598 0.321178117999807 0.015115353860892355 0.02524544158950448
0 0.34566427645040676 0.29382888961117715 0.011933174100704491 0.02384291705675423
0 0.3794749364024028 0.25666198949329555 0.012728719040751457 0.019635343458503485
0 0.39856801496353 0.26788218575529754 0.011137629160657525 0.02524544158950448
0 0.4268098603351973 0.27068723482079804 0.013524263980798423 0.02524544158950448
0 0.4144789137644693 0.25315567816141993 0.011137629160657525 0.02384291705675423
0 0.3981702424935065 0.3239831670653075 0.016706443740986288 0.03646563785150647
0 0.39538583520334214 0.2980364632094279 0.012728719040751457 0.02664796612225473
0 0.43078758503543213 0.3295932651963085 0.016706443740986288 0.033660588786005974
0 0.4192521834047511 0.3064516104059294 0.01431980892084539 0.032258064253255725
0 0.45624502311693504 0.31346423306968063 0.016706443740986288 0.02664796612225473
0 0.4872712757787667 0.32819074066355824 0.021479713381268084 0.03646563785150647
0 0.46101829275721684 0.26788218575529754 0.013524263980798423 0.022440392524003983
0 0.45107398100662977 0.2405329573666677 0.012728719040751457 0.029453015187755227
0 0.4566427955869585 0.22791023657191545 0.012728719040751457 0.02384291705675423
0 0.49363563529914245 0.2580645140260458 0.013524263980798423 0.02524544158950448
0 0.5111376239801757 0.27138849708717316 0.015115353860892355 0.029453015187755227
0 0.5099443065701053 0.24333800643216819 0.011137629160657525 0.02664796612225473
0 0.5290373851312324 0.2468443177640438 0.011137629160657525 0.028050490655004978
0 0.5409705592319369 0.27419354615267366 0.012728719040751457 0.029453015187755227
0 0.5620525001431815 0.2608695630915463 0.011933174100704491 0.028050490655004978
0 0.5421638766420074 0.21669004030991346 0.008750994340516627 0.02384291705675423
0 0.5540970507427119 0.21458625351078808 0.010342084220610559 0.019635343458503485
0 0.5600636377930641 0.2293127611046657 0.011137629160657525 0.021037867991253734
0 0.586316620814614 0.22159887617453933 0.009546539280563593 0.022440392524003983
0 0.5891010281047784 0.2468443177640438 0.011933174100704491 0.02524544158950448
0 0.5938742977450602 0.20406731951516122 0.011933174100704491 0.02384291705675423
0 0.61097851395607 0.21107994217891246 0.01431980892084539 0.02664796612225473
0 0.6181384184164926 0.2440392686985433 0.012728719040751457 0.028050490655004978
0 0.6567223480087705 0.23001402337104082 0.011933174100704491 0.02524544158950448
0 0.6519490783684887 0.20406731951516122 0.010342084220610559 0.018232818925753236
0 0.6666666597593576 0.21458625351078808 0.012728719040751457 0.028050490655004978
0 0.46340492757735774 0.3990182295674458 0.02466189314145595 0.04908835864625871
0 0.5258552053710446 0.3534361822530627 0.02227525832131505 0.044880785048007965
0 0.5167064385605045 0.4249649334233254 0.02625298302154988 0.05329593224450946
0 0.5723945843637921 0.44249649008270353 0.029435162781737745 0.057503505842760205
0 0.6169451010064222 0.4593267844757065 0.029435162781737745 0.05469845677725971
0 0.6857597383204848 0.5308555356459692 0.033412887481972575 0.0659186530392617
0 0.5950676151551306 0.3639551162486896 0.02227525832131505 0.043478260515257716
0 0.5827366685844027 0.3218793802661821 0.021479713381268084 0.03786816238425672
0 0.6157517835963517 0.29733520094305277 0.01591089880093932 0.033660588786005974
0 0.6511535334284417 0.27068723482079804 0.013524263980798423 0.022440392524003983
0 0.6591089828289114 0.2952314141439274 0.015115353860892355 0.03506311331875622
0 0.6837708759703673 0.2952314141439274 0.01829753362108022 0.032258064253255725
0 0.6292760475771502 0.33660588786005974 0.017501988681033254 0.03927068691700697
0 0.6400159042677842 0.3590462803840637 0.019888623501174152 0.044880785048007965
0 0.6718377018696629 0.354838706785813 0.019888623501174152 0.04207573598250747
0 0.7012728646514006 0.39761570503469557 0.02466189314145595 0.05189340771175921
0 0.7549721481045708 0.42005609755869955 0.02227525832131505 0.05469845677725971
0 0.6853619658504613 0.24614305549766868 0.013524263980798423 0.03506311331875622
0 0.7151949011022225 0.25315567816141993 0.017501988681033254 0.03786816238425672
0 0.7132060387521051 0.2349228592356667 0.013524263980798423 0.02384291705675423
0 0.7239458954427391 0.2265077120391652 0.012728719040751457 0.02664796612225473
0 0.7601431902148761 0.23281907243654132 0.013524263980798423 0.030855539720505476
0 0.7565632379846647 0.27419354615267366 0.01591089880093932 0.03786816238425672
0 0.7649164598551579 0.2587657762924209 0.013524263980798423 0.02664796612225473
0 0.7474144711741246 0.2587657762924209 0.013524263980798423 0.029453015187755227
0 0.786396173236426 0.5771388452267274 0.031026252661831677 0.0687237021047622
0 0.8162291084881872 0.46002804674208164 0.02227525832131505 0.05329593224450946
0 0.8834526559221558 0.45161289954558015 0.023070803261362016 0.05329593224450946
0 0.8313444623490795 0.3927068691700697 0.020684168441221118 0.044880785048007965
0 0.7923627602867782 0.35694249358493835 0.017501988681033254 0.04067321144975722
0 0.8027048445073888 0.33169705199543387 0.01591089880093932 0.03506311331875622
0 0.7931583052268252 0.2896213160129264 0.01591089880093932 0.029453015187755227
0 0.7859984007664025 0.2405329573666677 0.012728719040751457 0.02384291705675423
0 0.8225934680085629 0.2559607272269204 0.012728719040751457 0.032258064253255725
0 0.8329355522291735 0.27349228388629854 0.012728719040751457 0.033660588786005974
0 0.8369132769294083 0.2636746121570468 0.011137629160657525 0.028050490655004978
0 0.855608583020512 0.25105189136229455 0.010342084220610559 0.030855539720505476
0 0.821797923068516 0.3239831670653075 0.011137629160657525 0.030855539720505476
0 0.8452664987999015 0.33099578972905874 0.013524263980798423 0.03927068691700697
0 0.8623707150109112 0.3183730689343065 0.01591089880093932 0.033660588786005974
0 0.8703261644113809 0.29453015187755227 0.01431980892084539 0.030855539720505476
0 0.8965791474329308 0.321178117999807 0.012728719040751457 0.028050490655004978
0 0.8961813749629073 0.3702664766460657 0.013524263980798423 0.03927068691700697
0 0.90334127942333 0.30014025000855327 0.011933174100704491 0.028050490655004978
0 0.9101034114137292 0.298737725475803 0.009546539280563593 0.030855539720505476
0 0.9108989563537762 0.2776998574845493 0.01431980892084539 0.02524544158950448
0 0.3707239420618862 0.33730715012643486 0.01591089880093932 0.03786816238425672
