0 0.038611112046055496 0.38962962885852903 0.05611111246980727 0.09777777758426964
0 0.13138889207039028 0.4470370361523237 0.0994444468524307 0.13703703676583245
0 0.18222222663462162 0.32777777712908573 0.04666666779667139 0.08222222205949947
0 0.12361111410427839 0.29333333275280893 0.04277777881361544 0.0592592591419816
0 0.21166667179204524 0.2814814809244126 0.03777777869254351 0.05037037027068436
0 0.2986111183417961 0.3803703696175944 0.06722222384996712 0.09407407388789579
0 0.30111111840233207 0.30518518458120525 0.03444444527849555 0.0592592591419816
0 0.3663888977607712 0.277037036488764 0.03611111198551953 0.05333333322778344
0 0.4136111211264506 0.2599999994854443 0.031666667433455586 0.04740740731358528
0 0.4297222326276824 0.32962962897727266 0.051666667917743325 0.0814814813202247
0 0.4733333447948098 0.29814814755809493 0.04000000096857548 0.05703703692415729
0 0.5111111234873533 0.27814814759767614 0.03888888983055949 0.05851851840270683
0 0.5416666797827929 0.2714814809442032 0.035555556416511536 0.05555555544560775
0 0.5741666805697605 0.4718518509180285 0.0916666688863188 0.15259259229060262
0 0.6244444595649838 0.3633333326142747 0.06777777941897511 0.1088888886733912
0 0.6552777936449274 0.30481481421156786 0.04833333450369537 0.07185185170965269
0 0.688333350000903 0.26074074022471905 0.03777777869254351 0.06814814801327884
0 0.8719444655580446 0.24407407359103672 0.037222223123535514 0.05555555544560775
0 0.8836111325072125 0.28333333277259953 0.037222223123535514 0.06592592579545453
0 0.9241666890447959 0.30518518458120525 0.04833333450369537 0.0814814813202247
0 0.9522222452796996 0.34185185117530636 0.05888889031484723 0.10296296275919303
0 0.9755555791780353 0.3885185177496169 0.04888889007270336 0.11925925902323797
