0 0.5225225149188191 0.2574955830350518 0.03203203156590462 0.06349206157028675
0 0.5855855770641938 0.22574955224990845 0.018018017755821347 0.04585537780076265
0 0.4524524458684027 0.22398588387295604 0.01601601578295231 0.038800704292953014
0 0.3223223176319152 0.2169312103651464 0.01601601578295231 0.031746030785143375
0 0.3673673620214686 0.1975308582186699 0.01401401381008327 0.028218694031238556
0 0.3718718664604239 0.1816578428260982 0.01501501479651779 0.028218694031238556
0 0.4069069009856321 0.17372133512981236 0.01301301282364875 0.029982362408190966
0 0.43843843205831945 0.15520281717181206 0.012012011837214231 0.024691357277333736
0 0.6641641544993035 0.22222221549600363 0.019019018742255867 0.042328041046857834
0 0.622622613562271 0.1966490240301937 0.018018017755821347 0.040564372669905424
0 0.7147147043142468 0.22222221549600363 0.018018017755821347 0.038800704292953014
0 0.8733733606641181 0.2733685984276235 0.019019018742255867 0.04585537780076265
0 0.9244244109722786 0.2689594274852425 0.01501501479651779 0.044091709423810244
0 0.9334334198501892 0.23015872319228947 0.01301301282364875 0.037037035916000605
0 0.7932932817493565 0.2160493761766702 0.01501501479651779 0.037037035916000605
0 0.8543543419218622 0.1992945265956223 0.01301301282364875 0.035273367539048195
0 0.921421408012975 0.17813050607219338 0.01301301282364875 0.031746030785143375
0 0.934934921329841 0.19312168727628887 0.01601601578295231 0.029982362408190966
0 0.8343343221931718 0.17724867188371718 0.01301301282364875 0.029982362408190966
0 0.8498498374829069 0.14902997785247862 0.012012011837214231 0.026455025654286146
0 0.8728728601709008 0.15873015392571688 0.012012011837214231 0.028218694031238556
0 0.7362362255225889 0.17813050607219338 0.01301301282364875 0.028218694031238556
0 0.7662662551156245 0.1798941744491458 0.01501501479651779 0.035273367539048195
0 0.7857857743510976 0.17195766675285995 0.01401401381008327 0.029982362408190966
0 0.8048047930933535 0.1622574906796217 0.012012011837214231 0.028218694031238556
0 0.819319307396654 0.13932980177924037 0.01301301282364875 0.031746030785143375
0 0.7932932817493565 0.13844796759076416 0.011011010850779712 0.026455025654286146
0 0.7617617506766692 0.13844796759076416 0.018018017755821347 0.022927688900381327
0 0.7232232126989402 0.14814814366400242 0.01301301282364875 0.031746030785143375
0 0.738238227495458 0.14902997785247862 0.01301301282364875 0.029982362408190966
0 0.4999999927240424 0.19488535565324128 0.019019018742255867 0.033509699162095785
0 0.47797797102248296 0.1975308582186699 0.01501501479651779 0.024691357277333736
0 0.4599599532666616 0.17019399837590754 0.01301301282364875 0.037037035916000605
0 0.47197196510387585 0.16578482743352652 0.01301301282364875 0.031746030785143375
0 0.466466459678486 0.13756613340228796 0.012012011837214231 0.024691357277333736
0 0.5190190114662983 0.1640211590565741 0.01501501479651779 0.031746030785143375
0 0.5325325247831643 0.21075837104581296 0.018018017755821347 0.029982362408190966
0 0.49299298581900075 0.13756613340228796 0.01501501479651779 0.028218694031238556
0 0.5250250173849054 0.1278659573290497 0.01301301282364875 0.026455025654286146
0 0.5430430351407267 0.16931216418743134 0.01501501479651779 0.028218694031238556
0 0.5740740657201968 0.180776008637622 0.01501501479651779 0.029982362408190966
0 0.570570562267676 0.1252204547636211 0.01601601578295231 0.024691357277333736
0 0.5960960874217562 0.15520281717181206 0.01301301282364875 0.024691357277333736
0 0.5930930844624527 0.13756613340228796 0.01501501479651779 0.028218694031238556
0 0.701701691490598 0.1261022889520973 0.010010009864345193 0.026455025654286146
0 0.6186186096165329 0.11287477612495422 0.012012011837214231 0.035273367539048195
0 0.6761761663365178 0.107583770994097 0.01301301282364875 0.031746030785143375
0 0.6601601505535655 0.1446208069100976 0.011011010850779712 0.028218694031238556
0 0.6541541446349584 0.11816578125581145 0.017017016769386828 0.024691357277333736
0 0.6596596500603482 0.18783068214543164 0.01601601578295231 0.026455025654286146
0 0.9394394257687964 0.17107583256438375 0.011011010850779712 0.028218694031238556
0 0.8958958828588948 0.21340387361124158 0.01401401381008327 0.031746030785143375
0 0.8773773646098562 0.23985889926552773 0.01501501479651779 0.038800704292953014
0 0.8063062945730053 0.20546736591495574 0.01501501479651779 0.033509699162095785
0 0.7057056954363361 0.1966490240301937 0.018018017755821347 0.040564372669905424
0 0.4314314251532778 0.17548500350676477 0.01401401381008327 0.026455025654286146
0 0.5615615533897653 0.15608465136028826 0.01401401381008327 0.026455025654286146
0 0.690190180146601 0.17548500350676477 0.01301301282364875 0.029982362408190966
