0 0.03600000170990825 0.39503816922660917 0.06800000322982669 0.14885496231727302
0 0.027000001282431185 0.30534351244568825 0.050000002374872565 0.08396946592256427
0 0.13700000650715083 0.31679389416240156 0.034000001614913344 0.07633587811142206
0 0.1540000073146075 0.3625954210292548 0.05200000246986747 0.09160305373370647
0 0.2300000109244138 0.3225190850207582 0.03600000170990825 0.08778625982813537
0 0.29100001382175833 0.370229008840397 0.058000002754852176 0.11450381716713309
0 0.31500001496169716 0.3110687033040449 0.034000001614913344 0.08778625982813537
0 0.370000017574057 0.41984732961282134 0.09200000436976552 0.20610687090083957
0 0.38300001819152385 0.3034351154929027 0.026000001234933734 0.057251908583566546
0 0.41600001975893974 0.314885497209616 0.03600000170990825 0.08778625982813537
0 0.452000021468848 0.3187022911151871 0.04800000227987766 0.10305343545041978
0 0.5290000251261517 0.3549618332181126 0.07000000332482159 0.16030534403398633
0 0.574000027263537 0.3339694667374715 0.03600000170990825 0.08778625982813537
0 0.585000027786009 0.30152671854011714 0.026000001234933734 0.06106870248913765
0 0.6700000318232924 0.36832061188761145 0.06400000303983688 0.1335877866949886
0 0.7750000368105248 0.49809160467702895 0.11800000560469925 0.32442748197354376
0 0.7390000351006165 0.3263358789263293 0.03000000142492354 0.08778625982813537
0 0.7840000372380018 0.35687023017089814 0.04000000189989805 0.08015267201699317
0 0.8260000392328948 0.3416030545486137 0.03600000170990825 0.08778625982813537
0 0.8660000411327928 0.3263358789263293 0.03200000151991844 0.08015267201699317
0 0.8920000423677266 0.3396946575958282 0.02400000113993883 0.06106870248913765
0 0.9260000439826399 0.4103053448488936 0.0720000034198165 0.14122137450613081
0 0.9610000456450507 0.3435114515013993 0.04600000218488276 0.11450381716713309
