0 0.3322399298194796 0.20195439038798213 0.017806935589760542 0.03257328877225518
0 0.3739456473849714 0.19788272929145023 0.014995314180850983 0.027687295456416905
0 0.38284911517985165 0.18159608490532264 0.012183692771941423 0.02117263770196587
0 0.7094658021815121 0.30944624333642423 0.0412371139973402 0.07817589305341244
0 0.42502343631349504 0.17833875602809712 0.019681349862366915 0.024429966579191387
0 0.43814433622173965 0.18078175268601626 0.012183692771941423 0.029315959895029664
0 0.44611059688031673 0.14983712835237384 0.009372071363031864 0.01954397326335311
0 0.45970010035671294 0.15716611832613125 0.017806935589760542 0.03420195321086794
0 0.4770384323783219 0.20602605148451403 0.022492971271276474 0.04071661096531898
0 0.4892221251502633 0.1718240982736461 0.016869728453457355 0.04071661096531898
0 0.4831302787642926 0.14495113503653556 0.01030927849933505 0.013029315508902073
0 0.5009372143540531 0.14413680281722918 0.01593252131715417 0.027687295456416905
0 0.5084348714444786 0.16042344720335677 0.017806935589760542 0.03420195321086794
0 0.5135895106941462 0.18566774600185454 0.009372071363031864 0.03257328877225518
0 0.5267104106023908 0.17345276271225885 0.01312089990824461 0.027687295456416905
0 0.5220243749208748 0.13762214506277815 0.01312089990824461 0.030944624333642423
0 0.5496719854418188 0.13762214506277815 0.01030927849933505 0.02117263770196587
0 0.5618556782137603 0.18973940709838644 0.019681349862366915 0.03420195321086794
0 0.5843486494850367 0.13436481618555263 0.017806935589760542 0.030944624333642423
0 0.5998125672340393 0.1392508095013909 0.014995314180850983 0.030944624333642423
0 0.6026241886429489 0.1636807760805823 0.011246485635638237 0.02117263770196587
0 0.6246485563460737 0.11400651070289314 0.008434864226728678 0.022801302140578628
0 0.6354264384135604 0.14820846391376108 0.014995314180850983 0.026058631017804146
0 0.6649484632071108 0.1311074873083271 0.017806935589760542 0.043973939842544496
0 0.6822867952287197 0.1197068362380378 0.016869728453457355 0.03745928208809346
0 0.6940018844325095 0.13843647728208452 0.021555764134973288 0.045602604281157255
0 0.7155576485674828 0.12866449065040797 0.01030927849933505 0.01954397326335311
0 0.5970009458251297 0.2385993402567692 0.022492971271276474 0.04071661096531898
0 0.6279287813231349 0.21009771258104593 0.01874414272606373 0.03908794652670622
0 0.6672914810478687 0.20032572594936937 0.011246485635638237 0.026058631017804146
0 0.6710403095930815 0.23778500803746283 0.0206185569986701 0.0358306176494807
0 0.701499541522935 0.246742662449833 0.02905342122539878 0.05048859759699553
0 0.7029053522273898 0.1791530882474035 0.01312089990824461 0.026058631017804146
0 0.7169634592719376 0.199511393730063 0.016869728453457355 0.03420195321086794
0 0.7399250341113657 0.15309445722959936 0.019681349862366915 0.029315959895029664
0 0.7427366555202752 0.1832247493439354 0.01593252131715417 0.030944624333642423
0 0.761480798246339 0.14576546725584194 0.017806935589760542 0.030944624333642423
0 0.7699156624730676 0.14413680281722918 0.008434864226728678 0.027687295456416905
0 0.8013121015392244 0.17671009158948436 0.01874414272606373 0.03420195321086794
0 0.7853795802220702 0.18159608490532264 0.014995314180850983 0.03420195321086794
0 0.8003748944029212 0.21824103477410972 0.014995314180850983 0.03257328877225518
0 0.8163074157200754 0.16042344720335677 0.014995314180850983 0.027687295456416905
0 0.8298969191964716 0.14576546725584194 0.014058107044547796 0.027687295456416905
0 0.8233364692423493 0.19706839707214385 0.012183692771941423 0.029315959895029664
0 0.8467666476499289 0.18648207822116092 0.017806935589760542 0.030944624333642423
0 0.8650421868078411 0.14657979947514832 0.01312089990824461 0.029315959895029664
0 0.8664479975122958 0.2068403837038204 0.014058107044547796 0.04234527540393174
0 0.895032815169543 0.15716611832613125 0.01312089990824461 0.024429966579191387
0 0.8922211937606335 0.23371334694093093 0.022492971271276474 0.03745928208809346
0 0.8819119152612984 0.27361562568694353 0.016869728453457355 0.04234527540393174
0 0.9147141650319099 0.18566774600185454 0.016869728453457355 0.0358306176494807
0 0.9442361898254603 0.17752442380879074 0.012183692771941423 0.022801302140578628
0 0.9414245684165508 0.22638435696717352 0.017806935589760542 0.03257328877225518
0 0.47235239669680595 0.17263843049295247 0.0206185569986701 0.029315959895029664
0 0.6476101311855018 0.1596091149840504 0.014995314180850983 0.03257328877225518
