0 0.1090823981212452 0.25884243939071894 0.025280899135395885 0.05466237850487232
0 0.29541198804508895 0.23231510864570737 0.015917603159323335 0.03697749134153128
0 0.2996254712343216 0.20819935342296958 0.01685393275693059 0.033762057311832905
0 0.31928839278407395 0.22588424058631063 0.0187265919521451 0.03697749134153128
0 0.3356741607422009 0.23070739163085818 0.019662921549752355 0.04019292537122965
0 0.35018726950511336 0.17684887163341045 0.01498127356171608 0.03536977432668209
0 0.3609550598775968 0.19935690984129906 0.017790262354537845 0.03858520835638046
0 0.3834269702201709 0.19935690984129906 0.015917603159323335 0.03536977432668209
0 0.3867041238117963 0.23311896715313196 0.0187265919521451 0.045016076415777206
0 0.4002809029771015 0.2065916364081204 0.015917603159323335 0.03697749134153128
0 0.4152621765388176 0.25884243939071894 0.019662921549752355 0.045016076415777206
0 0.41947565972805023 0.23231510864570737 0.02059925114735961 0.04019292537122965
0 0.45411985483951867 0.19614147581160069 0.01685393275693059 0.03858520835638046
0 0.4770599299808964 0.20096462685614824 0.019662921549752355 0.04823151044547558
0 0.40964419895317405 0.1615755599923432 0.012172284768894315 0.02411575522273779
0 0.43305243889335543 0.16318327700719237 0.015917603159323335 0.033762057311832905
0 0.45177903084550053 0.1607717014849186 0.014044943964108825 0.03215434029698372
0 0.49672285153064877 0.1374598047696054 0.014044943964108825 0.02733118925243616
0 0.5037453235127032 0.15273311641067266 0.01498127356171608 0.025723472237586975
0 0.5088951362995431 0.17684887163341045 0.017790262354537845 0.03215434029698372
0 0.5351123650325462 0.1720257205888629 0.015917603159323335 0.03536977432668209
0 0.5683520657476038 0.181672022677958 0.0187265919521451 0.03858520835638046
0 0.5800561857176945 0.15836012596264482 0.015917603159323335 0.033762057311832905
0 0.5809925153153017 0.13987138029187918 0.017790262354537845 0.028938906267285347
0 0.5622659233631566 0.13987138029187918 0.012172284768894315 0.025723472237586975
0 0.5627340881619602 0.12299035163596272 0.01310861436650157 0.017684887163341045
0 0.5496254737954587 0.15112539939582348 0.01498127356171608 0.03215434029698372
0 0.5402621778193861 0.13102893671020865 0.01498127356171608 0.02733118925243616
0 0.5112359602935612 0.12218649312853813 0.01123595517128706 0.022508038207888603
0 0.6090824032435194 0.15353697491809726 0.014044943964108825 0.030546623282134533
0 0.6268726655980572 0.11655948357656598 0.012172284768894315 0.02733118925243616
0 0.6367041263729334 0.13263665372505784 0.01498127356171608 0.030546623282134533
0 0.6282771599944681 0.1591639844700694 0.01498127356171608 0.028938906267285347
0 0.653558059129864 0.15675240894779563 0.01498127356171608 0.030546623282134533
0 0.6713483214844018 0.14308681432157755 0.01310861436650157 0.03536977432668209
0 0.661048695910722 0.1141479080542922 0.01310861436650157 0.025723472237586975
0 0.6722846510820091 0.11093247402459383 0.00936329597607255 0.028938906267285347
0 0.7008427038090304 0.11012861551716924 0.010299625573679805 0.02411575522273779
0 0.6938202318269759 0.13183279521763325 0.01685393275693059 0.028938906267285347
0 0.7242509437492117 0.11736334208399057 0.014044943964108825 0.028938906267285347
0 0.6764981342712417 0.17926044715568423 0.019662921549752355 0.033762057311832905
0 0.640917609562166 0.21141478745266795 0.017790262354537845 0.04019292537122965
0 0.6072097440483049 0.2274919576011598 0.027153558330610394 0.04340835940092802
0 0.6128277216339484 0.12299035163596272 0.010299625573679805 0.017684887163341045
0 0.6549625535262749 0.24758842028677464 0.027153558330610394 0.04823151044547558
0 0.6980337150162086 0.22347266506403685 0.021535580744966865 0.041800642386078835
0 0.7083333405898884 0.2516077128238976 0.023408239940181375 0.04662379343062639
0 0.7134831533767283 0.31511253491044044 0.03558052470907569 0.07073954865336418
0 0.7579588092630729 0.36977491341531277 0.029026217525824904 0.07073954865336418
0 0.7167603069683537 0.17845658864825964 0.015917603159323335 0.03215434029698372
0 0.7336142397252843 0.181672022677958 0.015917603159323335 0.03858520835638046
0 0.7532771612750366 0.17443729611113667 0.015917603159323335 0.04019292537122965
0 0.7509363372810185 0.1471061068587005 0.01498127356171608 0.04019292537122965
0 0.7734082476235926 0.19694533431902528 0.0187265919521451 0.04019292537122965
0 0.7495318428846076 0.23794211819767952 0.025280899135395885 0.05144694447517395
0 0.7813670492032543 0.24678456177935004 0.023408239940181375 0.053054661490023136
0 0.776685401215218 0.13344051223248243 0.014044943964108825 0.03536977432668209
0 0.8019663003506139 0.13183279521763325 0.010299625573679805 0.028938906267285347
0 0.8038389595458284 0.15112539939582348 0.014044943964108825 0.03215434029698372
0 0.8136704203207046 0.16639871103689075 0.01685393275693059 0.033762057311832905
0 0.8230337162967771 0.14147909730672836 0.01123595517128706 0.028938906267285347
0 0.81694757391233 0.2837620531208813 0.027153558330610394 0.053054661490023136
0 0.8544007578166202 0.25482314685359597 0.023408239940181375 0.049839227460324764
0 0.8183520683087409 0.20257234387099743 0.0187265919521451 0.03858520835638046
0 0.8380149898584932 0.20337620237842202 0.01498127356171608 0.033762057311832905
0 0.8506554394261912 0.1728295790962875 0.014044943964108825 0.033762057311832905
0 0.8595505706034601 0.1607717014849186 0.01310861436650157 0.028938906267285347
0 0.8534644282190129 0.1358520877547562 0.012172284768894315 0.02733118925243616
0 0.8740636793663725 0.15192925790324807 0.012172284768894315 0.030546623282134533
0 0.8904494473244995 0.18488745670765638 0.0187265919521451 0.041800642386078835
0 0.8937266009161249 0.16318327700719237 0.015917603159323335 0.02733118925243616
0 0.9007490728981793 0.229099674616009 0.0187265919521451 0.04019292537122965
0 0.8604869002010673 0.2162379384972155 0.01498127356171608 0.030546623282134533
0 0.9152621816610917 0.21463022148236632 0.017790262354537845 0.04340835940092802
0 0.9307116200216115 0.18729903222993016 0.01310861436650157 0.030546623282134533
0 0.9353932680096477 0.1591639844700694 0.01498127356171608 0.028938906267285347
0 0.9559925191570073 0.207395494915545 0.01498127356171608 0.03858520835638046
0 0.947565552778542 0.24999999580904841 0.0187265919521451 0.04340835940092802
0 0.9213483240455389 0.35048230923712254 0.02808988792821765 0.061093246564269066
0 0.9709737927187234 0.19212218327447772 0.01310861436650157 0.03697749134153128
