0 0.07333333254791796 0.9100000432226807 0.11199999880045652 0.16400000778958201
0 0.1833333313697949 0.9180000436026603 0.08399999910034239 0.12000000569969416
0 0.2626666638534516 0.8910000423202291 0.04799999948590994 0.06600000313483179
0 0.2799999970011413 0.9560000454075634 0.050666666124016047 0.0720000034198165
0 0.37533332931343466 0.8760000416077673 0.11066666548140347 0.1520000072196126
0 0.4386666619684547 0.8750000415602699 0.0346666662953794 0.06600000313483179
0 0.5699999938951805 0.9120000433176756 0.06533333263359964 0.11200000531971455
0 0.6533333263359964 0.9300000441726297 0.06666666595265269 0.11600000550970435
0 0.7499999919673428 0.8640000410377979 0.035999999614432454 0.06000000284984708
0 0.7986666581127793 0.8630000409903005 0.04266666620969772 0.07000000332482159
0 0.8306666577700526 0.8860000420827419 0.03199999965727329 0.05600000265985727
0 0.8639999907463789 0.8430000400403515 0.053333332762122154 0.07000000332482159
0 0.9559999897610396 0.853000040515326 0.07199999922886491 0.13000000617466867
