0 0.061249998630955815 0.4513108660466969 0.047499998938292265 0.07865168619900942
0 0.24999999441206455 0.4784644243773073 0.014999999664723873 0.02808988792821765
0 0.29374999343417585 0.4494382068514824 0.014999999664723873 0.02247191034257412
0 0.30499999318271875 0.5093633010983467 0.019999999552965164 0.03370786551386118
0 0.2962499933782965 0.5121722898911685 0.009999999776482582 0.02059925114735961
0 0.33062499260995537 0.510299630695954 0.01874999958090484 0.03183520631864667
0 0.3281249926658347 0.46910112840123475 0.016249999636784196 0.03183520631864667
0 0.352499992121011 0.514044949086383 0.01749999960884452 0.03558052470907569
0 0.3706249917158857 0.5243445746600628 0.023749999469146132 0.04119850229471922
0 0.39249999122694135 0.5046816531103104 0.01749999960884452 0.03558052470907569
0 0.4156249907100573 0.5046816531103104 0.021249999525025487 0.04307116148993373
0 0.4356249902630225 0.5056179827079177 0.016249999636784196 0.02996254712343216
0 0.45249998988583684 0.5084269715007395 0.02249999949708581 0.04307116148993373
0 0.4874999891035259 0.5037453235127032 0.02249999949708581 0.0374531839042902
0 0.5124999885447323 0.5271535634528846 0.029999999329447746 0.04681647988036275
0 0.5618749874411151 0.510299630695954 0.016249999636784196 0.03558052470907569
0 0.5793749870499596 0.5168539378792048 0.026249999413266778 0.05243445746600628
0 0.6124999863095582 0.5505618033930659 0.029999999329447746 0.04868913907557726
0 0.6493749854853377 0.5355805298313498 0.03624999918974936 0.0561797758564353
0 0.6418749856529757 0.4971910163294524 0.021249999525025487 0.03932584309950471
0 0.6706249850103632 0.5149812786839902 0.026249999413266778 0.04119850229471922
0 0.6924999845214188 0.5028089939150959 0.02249999949708581 0.05056179827079177
0 0.7418749834178016 0.5271535634528846 0.0437499990221113 0.06928839022293687
0 0.724374983808957 0.506554312305525 0.023749999469146132 0.04307116148993373
0 0.7868749824119732 0.5000000051222742 0.028749999357387424 0.05243445746600628
0 0.8256249815458432 0.5646067473571748 0.0437499990221113 0.08426966378465295
0 0.8806249803164974 0.5627340881619602 0.04874999891035259 0.08426966378465295
0 0.9543749786680564 0.5514981329906732 0.04124999907799065 0.06179775344207883
0 0.9731249782489613 0.5224719154648483 0.04124999907799065 0.0561797758564353
0 0.9274999792687595 0.42134831892326474 0.0274999993853271 0.04119850229471922
0 0.9081249797018245 0.42696629650890827 0.021249999525025487 0.03370786551386118
0 0.8562499808613211 0.5187265970744193 0.03499999921768904 0.06367041263729334
0 0.8068749819649383 0.44194757007062435 0.01874999958090484 0.02996254712343216
0 0.8406249812105671 0.42977528530173004 0.023749999469146132 0.03558052470907569
0 0.7881249823840335 0.44850187725387514 0.01874999958090484 0.03183520631864667
0 0.7562499830964953 0.4410112404730171 0.03249999927356839 0.05056179827079177
0 0.6712499849963933 0.43539326288737357 0.01749999960884452 0.03183520631864667
0 0.650624985457398 0.44850187725387514 0.016249999636784196 0.02808988792821765
0 0.6193749861558899 0.4447565588634461 0.01374999969266355 0.02434456953778863
0 0.604374986491166 0.44850187725387514 0.01374999969266355 0.02434456953778863
0 0.5824999869801104 0.4494382068514824 0.014999999664723873 0.02247191034257412
0 0.5681249873014167 0.45224719564430416 0.01874999958090484 0.02808988792821765
0 0.5243749882793054 0.4550561844371259 0.011249999748542905 0.02247191034257412
0 0.5231249883072451 0.43820225168019533 0.01374999969266355 0.0187265919521451
0 0.49124998901970685 0.466292139608413 0.009999999776482582 0.0187265919521451
0 0.45562498981598765 0.4681647988036275 0.01374999969266355 0.02621722873300314
0 0.4612499896902591 0.45224719564430416 0.014999999664723873 0.03183520631864667
0 0.4256249904865399 0.44850187725387514 0.011249999748542905 0.02434456953778863
0 0.4062499909196049 0.46910112840123475 0.012499999720603228 0.02059925114735961
0 0.37124999170191586 0.46441948041319847 0.009999999776482582 0.02247191034257412
