0 0.0632812509429641 0.32735427655279636 0.05468750081490725 0.06726457737386227
0 0.018750000279396772 0.3228699713945389 0.034375000512227416 0.06726457737386227
0 0.11250000167638063 0.3217488951049745 0.06250000093132257 0.0739910351112485
0 0.23593750351574272 0.4686098890379071 0.09375000139698386 0.1165919341146946
0 0.28046875417931005 0.37107625184580684 0.06093750090803951 0.08295964542776346
0 0.3546875052852556 0.3329596580006182 0.059375000884756446 0.0739910351112485
0 0.42343750630971044 0.31614351365715265 0.0437500006519258 0.06278027221560478
0 0.4460937566473149 0.4103139219805598 0.0921875013737008 0.10762332379817963
0 0.5195312577416189 0.33183858171105385 0.04218750062864274 0.06726457737386227
0 0.5250000078231096 0.2982062930241227 0.034375000512227416 0.044843051582574844
0 0.6250000093132257 0.29372198786586523 0.037500000558793545 0.04932735674083233
0 0.6937500103376806 0.3609865652397275 0.07812500116415322 0.11210762895643711
0 0.6976562603958882 0.29260091157630086 0.051562500768341124 0.08295964542776346
0 0.7984375118976459 0.30381167447194457 0.06250000093132257 0.08744395058602095
0 0.8875000132247806 0.3688340992666781 0.06875000102445483 0.07847534026950598
0 0.8421875125495717 0.3340807342901826 0.040625000605359674 0.07174888253211975
0 0.960156264307443 0.4977578725665808 0.07968750118743628 0.16143498569726944
0 0.9445312640746124 0.2645740043371916 0.048437500721774995 0.04932735674083233
