0 0.4540000215638429 0.5975976120680571 0.05200000246986747 0.09009009227156639
0 0.523000024841167 0.7567567750811577 0.07000000332482159 0.12612612918019295
0 0.5930000281659886 0.8198198396712542 0.0740000035148114 0.12612612918019295
0 0.6620000314433128 0.8078078273683786 0.06400000303983688 0.08408408612012863
0 0.7570000359555706 0.7597597781568766 0.07000000332482159 0.10810811072587967
0 0.811000038520433 0.8528528735041618 0.10200000484474003 0.1321321353316307
0 0.46100002189632505 0.887387408874929 0.11000000522471964 0.14114114455878735
0 0.3430000162916258 0.8108108304440975 0.0780000037048012 0.12012012302875519
0 0.29700001410674304 0.774774793535471 0.07000000332482159 0.09609609842300415
0 0.23300001106690615 0.7432432612404227 0.07000000332482159 0.10510510765016079
0 0.144000006839633 0.710210227407515 0.06000000284984708 0.09909910149872303
