0 0.041055718436837196 0.4420821110252291 0.03519061580300331 0.06304985331371427
0 0.017106549348682165 0.4714076241943985 0.030303030274808407 0.09824046911671758
0 0.11485825991258025 0.46994134853594005 0.05962854344397783 0.10410557175055146
0 0.14027370465919375 0.4501466271467507 0.03421309869736433 0.07331378292292356
0 0.23167155403643847 0.4589442810975015 0.03323558159172535 0.06744868028908968
0 0.27370478957891464 0.44134897319599986 0.03323558159172535 0.061583577655255795
0 0.35092864092439413 0.4545454541221261 0.04692082107067108 0.07331378292292356
0 0.35483870934695005 0.4215542518068105 0.02150537632405758 0.039589442778378725
0 0.5957966758869588 0.5432551314588636 0.09481915924698114 0.1539589441381395
0 0.7013685232959688 0.5542521988973022 0.12023460399359465 0.21114369481801987
0 0.8426197450608015 0.34677419322542846 0.041055718436837196 0.06598240463063121
0 0.9237536648288369 0.7734604098368436 0.15249266847968102 0.2565982402302325
