0 0.10236578673357144 0.40967741305939853 0.03912647848483175 0.0774193536490202
0 0.29481346579268575 0.23951612535165623 0.01273885346017778 0.030645160819403827
0 0.30118289252277464 0.2145161257358268 0.01637852587737143 0.029032257618382573
0 0.339399452903308 0.21935483533889055 0.014558689668774605 0.029032257618382573
0 0.35259326541563496 0.19596773892408237 0.013648771564476192 0.030645160819403827
0 0.354868060676381 0.1758064489113167 0.010919017251580954 0.01935483841225505
0 0.3566878968849778 0.22499999654246494 0.01637852587737143 0.033870967221446335
0 0.37261146371020004 0.21370967413531616 0.015468607773073018 0.033870967221446335
0 0.38034576759673655 0.23387096414808184 0.014558689668774605 0.03548387042246759
0 0.37989080854458734 0.17741935211233795 0.015468607773073018 0.025806451216340065
0 0.40309372020419687 0.21370967413531616 0.01637852587737143 0.033870967221446335
0 0.4131028193514794 0.24032257695216686 0.02001819829456508 0.0387096768245101
0 0.4472247482626699 0.24596773815574124 0.01910828019026667 0.04354838642757386
0 0.4485896254191175 0.20403225492918864 0.014558689668774605 0.033870967221446335
0 0.46678798750508577 0.20725806133123115 0.01637852587737143 0.03709677362348884
0 0.42311191849876195 0.19193548092152923 0.010919017251580954 0.022580644814297557
0 0.4194722460815683 0.1701612877077423 0.01273885346017778 0.02419354801531881
0 0.43039126333314925 0.16048386850161478 0.009099181042984128 0.017741935211233795
0 0.44540491205407307 0.16048386850161478 0.013648771564476192 0.02741935441736132
0 0.48544130864320323 0.13870967528782785 0.01000909914728254 0.01935483841225505
0 0.48635122674750164 0.14999999769497663 0.013648771564476192 0.025806451216340065
0 0.4990900802076794 0.18306451331591234 0.013648771564476192 0.033870967221446335
0 0.5027297526248731 0.1314516108832322 0.01000909914728254 0.017741935211233795
0 0.5163785241893493 0.15564515889855102 0.013648771564476192 0.030645160819403827
0 0.526842582388781 0.18064515851438046 0.01637852587737143 0.03225806402042508
0 0.5213830737629905 0.13870967528782785 0.009099181042984128 0.01612903201021254
0 0.5409463130054064 0.16290322330314666 0.013648771564476192 0.025806451216340065
0 0.553230207413435 0.13629032048629597 0.01273885346017778 0.030645160819403827
0 0.5705186513951048 0.16451612650416791 0.01273885346017778 0.029032257618382573
0 0.5641492246650159 0.18709677131846547 0.01637852587737143 0.03548387042246759
0 0.5814376686466858 0.14112903008935973 0.01273885346017778 0.02419354801531881
0 0.595086440211162 0.1282258044811897 0.009099181042984128 0.014516128809191287
0 0.6005459488369524 0.12258064327761531 0.009099181042984128 0.012903225608170033
0 0.6405823454260826 0.10483870806638151 0.010919017251580954 0.01612903201021254
0 0.6401273863739334 0.12096774007659405 0.011828935355879366 0.022580644814297557
0 0.652411280781962 0.12016128847608343 0.01273885346017778 0.02419354801531881
0 0.6264786148094572 0.13951612688833848 0.011828935355879366 0.02741935441736132
0 0.6091901708277874 0.1669354813056998 0.015468607773073018 0.030645160819403827
0 0.6000909897848032 0.1580645137000829 0.011828935355879366 0.029032257618382573
0 0.6455868949997239 0.16290322330314666 0.013648771564476192 0.029032257618382573
0 0.6555959941470064 0.1524193524965085 0.013648771564476192 0.02741935441736132
0 0.681073701067362 0.13064515928272158 0.013648771564476192 0.025806451216340065
0 0.6888080049538985 0.11774193367455155 0.010919017251580954 0.022580644814297557
0 0.7106460394570604 0.1193548368755728 0.010919017251580954 0.025806451216340065
0 0.599636030732654 0.23145160934654996 0.021838034503161907 0.04032258002553135
0 0.6424021816346794 0.25241935095982626 0.023657870711758733 0.04354838642757386
0 0.6537761579384096 0.23790322215063497 0.01910828019026667 0.04354838642757386
0 0.6624203799292445 0.1846774165169336 0.014558689668774605 0.030645160819403827
0 0.6929026364232413 0.2596774153644219 0.01910828019026667 0.041935483226552606
0 0.7006369403097779 0.3161290274001658 0.030937215546146035 0.058064515236765146
0 0.714285711874254 0.19032257772050798 0.01637852587737143 0.03225806402042508
0 0.7315741558559239 0.17258064250927418 0.01637852587737143 0.029032257618382573
0 0.7356687873252667 0.149193546094466 0.013648771564476192 0.02419354801531881
0 0.7629663304542191 0.13790322368731722 0.011828935355879366 0.030645160819403827
0 0.782529569696635 0.13467741728527471 0.010919017251580954 0.02419354801531881
0 0.7875341192702763 0.15080644929548725 0.011828935355879366 0.02741935441736132
0 0.795723382208962 0.1733870941097848 0.011828935355879366 0.02741935441736132
0 0.8084622356691398 0.14435483649140224 0.01000909914728254 0.02741935441736132
0 0.8212010891293176 0.14758064289344475 0.01000909914728254 0.02419354801531881
0 0.7625113714020699 0.203225803328678 0.01637852587737143 0.0387096768245101
0 0.7415832550032064 0.24516128655523062 0.018198362085968256 0.045161289628595114
0 0.7729754296015017 0.24838709295727313 0.01910828019026667 0.0387096768245101
0 0.8052775223040953 0.20806451293174177 0.01637852587737143 0.03548387042246759
0 0.7966333003132604 0.28548386658076197 0.02274795260746032 0.045161289628595114
0 0.764786166662816 0.34758063982008025 0.02638762502465397 0.05645161203574389
0 0.8312101882766001 0.25241935095982626 0.01910828019026667 0.04677419282961637
0 0.8416742464760318 0.22258064174093306 0.018198362085968256 0.041935483226552606
0 0.8334849835373461 0.1790322553133592 0.01273885346017778 0.029032257618382573
0 0.8403093693195842 0.16532257810467854 0.013648771564476192 0.02741935441736132
0 0.8562329361448064 0.15564515889855102 0.010919017251580954 0.02741935441736132
0 0.8694267486571334 0.18709677131846547 0.013648771564476192 0.03548387042246759
0 0.8748862572829239 0.1669354813056998 0.011828935355879366 0.02419354801531881
0 0.9090081861941144 0.1548387072980404 0.010919017251580954 0.022580644814297557
0 0.9099181042984128 0.17096773930825293 0.009099181042984128 0.022580644814297557
0 0.9053685137769207 0.19032257772050798 0.010919017251580954 0.03225806402042508
0 0.8935395784210414 0.21532257733633742 0.010919017251580954 0.020967741613276303
0 0.8967242917860858 0.23467741574859247 0.015468607773073018 0.03709677362348884
0 0.9408553198445588 0.1935483841225505 0.010919017251580954 0.022580644814297557
0 0.9394904426881112 0.20483870652969927 0.013648771564476192 0.01935483841225505
0 0.9381255655316636 0.22177419014042243 0.014558689668774605 0.02741935441736132
0 0.9399454017402604 0.25725806056289 0.01637852587737143 0.04032258002553135
0 0.912647858611308 0.3637096718302928 0.02001819829456508 0.053225805633701384
