0 0.41750001010950655 0.41374999075196683 0.07500000181607902 0.12249999726191163
0 0.6458333489717916 0.4187499906402081 0.061666668159887195 0.09249999793246388
0 0.7700000186450779 0.41499999072402716 0.060000001452863216 0.09499999787658453
0 0.8333333535119891 0.38124999147839844 0.043333334382623434 0.06249999860301614
0 0.8808333546621725 0.39374999119900167 0.04833333450369537 0.0824999981559813
0 0.761666685109958 0.3512499921489507 0.04000000096857548 0.06249999860301614
0 0.7250000175554305 0.3624999918974936 0.02666666731238365 0.0549999987706542
0 0.6708333495771512 0.34874999220483005 0.025000000605359674 0.047499998938292265
0 0.6475000156788155 0.34374999231658876 0.01833333377726376 0.03249999927356839
0 0.6283333485480398 0.3687499917577952 0.02666666731238365 0.042499999050050974
0 0.5958333477610722 0.3624999918974936 0.021666667191311717 0.03999999910593033
0 0.5741666805697605 0.35499999206513166 0.02833333401940763 0.04499999899417162
0 0.534166679601185 0.34374999231658876 0.025000000605359674 0.03749999916180968
0 0.4833333450369537 0.33749999245628715 0.016666667070239782 0.03499999921768904
0 0.4658333446132019 0.3287499926518649 0.021666667191311717 0.042499999050050974
0 0.42416667693760246 0.3399999924004078 0.021666667191311717 0.03999999910593033
0 0.38833334273658693 0.3449999922886491 0.02000000048428774 0.03499999921768904
0 0.37166667566634715 0.3499999921768904 0.016666667070239782 0.03499999921768904
0 0.3541666752425954 0.3499999921768904 0.025000000605359674 0.03499999921768904
0 0.3216666744556278 0.35874999198131263 0.02000000048428774 0.03249999927356839
0 0.308333340799436 0.3399999924004078 0.023333333898335695 0.03999999910593033
0 0.2833333401940763 0.3474999922327697 0.02666666731238365 0.04499999899417162
0 0.24750000599306077 0.4074999908916652 0.07166666840203106 0.13499999698251486
0 0.1600000038743019 0.4012499910313636 0.06666666828095913 0.10749999759718776
