0 0.25166191189782694 0.40368508780375123 0.05128204997163266 0.12060301378369331
0 0.38983854654361494 0.4974874318577349 0.061728393484372646 0.13065326493233442
0 0.3969610534841195 0.2370184229221195 0.015194681473076344 0.03517587902024388
0 0.43637225855491124 0.21021775319240987 0.016144349065143615 0.038525962736457586
0 0.4743589622376021 0.22780569270253181 0.016144349065143615 0.036850920878350735
0 0.45109210623195395 0.24204354849644005 0.017094016657210886 0.04522613016888499
0 0.5997150843904819 0.11222780449315906 0.014245013881009072 0.023450586013495922
0 0.6149097658635583 0.11557788820937276 0.010446343512739986 0.023450586013495922
0 0.6690408186113928 0.11641540913842618 0.010446343512739986 0.025125627871602774
0 0.6415004584414419 0.12814070214517415 0.010446343512739986 0.025125627871602774
0 0.5873694056936074 0.259631488006562 0.021842354617547244 0.04020100459456444
0 0.6334282839088701 0.24958123685792089 0.024691357393749058 0.05360133945941925
