0 0.1487341809552163 0.5523012564517558 0.036392405978403986 0.06415620655752718
0 0.21716772697982378 0.34937238571001217 0.01661392446840182 0.03486750356387347
0 0.25593355073942803 0.34937238571001217 0.019778481510002166 0.03486750356387347
0 0.28243671596283093 0.30683403136208653 0.017405063728801906 0.027894002851098776
0 0.283227855223231 0.3647140872781165 0.017405063728801906 0.03486750356387347
0 0.31091772933723405 0.3856345894164406 0.022151899291202426 0.040446304134093225
0 0.34928798346663825 0.295676430221647 0.018196202989201993 0.030683403136208653
0 0.37302216127864085 0.3354253842844628 0.015031645947601646 0.029288702993653715
0 0.3413765908626374 0.3389121346408501 0.01661392446840182 0.027894002851098776
0 0.3979430479812436 0.3375174344982952 0.020569620770402253 0.030683403136208653
0 0.39754747835104354 0.2984658305067569 0.015031645947601646 0.02231520228087902
0 0.4011076050228439 0.26499302708543837 0.012658228166401386 0.0251046025659889
0 0.38686709833564237 0.25453277601627633 0.01424050668720156 0.03207810327876359
0 0.4509493784280494 0.4170153426239267 0.0237341778120026 0.05578800570219755
0 0.4675633028964512 0.3347280342131853 0.01898734224960208 0.03626220370642841
0 0.4948576073802542 0.45467224647291005 0.024525317072402686 0.05578800570219755
0 0.5601265963632613 0.4574616467580199 0.02848101337440312 0.06694560684263706
0 0.6234177371952683 0.48186889925273135 0.025316456332802773 0.068340306985192
0 0.666930396517273 0.5174337528878823 0.036392405978403986 0.06415620655752718
0 0.7792721714940853 0.5341701545985416 0.025316456332802773 0.07252440741285682
0 0.7527690062706824 0.43444909440586343 0.02136076003080234 0.05718270584475249
0 0.7219145751150791 0.40446304134093225 0.02136076003080234 0.05578800570219755
0 0.63963609203347 0.3688981877057813 0.02610759559320286 0.04881450498942286
0 0.5826740652846638 0.3737796382047236 0.027689874114003032 0.041841004276648164
0 0.5233386207546573 0.3688981877057813 0.022943038551602513 0.040446304134093225
0 0.492879759229254 0.3256624832865782 0.015822785208001733 0.03486750356387347
0 0.5577531785820611 0.2754532781546004 0.01424050668720156 0.03207810327876359
0 0.6162974838516675 0.30404463107697666 0.011075949645601213 0.030683403136208653
0 0.5834652045450639 0.3263598333578557 0.01661392446840182 0.039051603991538286
0 0.42681963098584674 0.3054393312195316 0.013449367426801473 0.0251046025659889
0 0.4509493784280494 0.2782426784397103 0.01424050668720156 0.020920502138324082
0 0.5106803925882559 0.2775453283684328 0.013449367426801473 0.0251046025659889
0 0.493275328859454 0.27266387786949053 0.018196202989201993 0.026499302708543837
0 0.5280854563170578 0.2503486755886115 0.0118670889060013 0.026499302708543837
0 0.5601265963632613 0.2412831246620044 0.01424050668720156 0.019525801995769143
0 0.5953322934510652 0.20223152067046613 0.0118670889060013 0.027894002851098776
0 0.6095728001382668 0.21548117202473804 0.008702531864400953 0.029288702993653715
0 0.6408228009240702 0.2140864718821831 0.00949367112480104 0.029288702993653715
0 0.6621835609548725 0.22384937288006768 0.015822785208001733 0.03207810327876359
0 0.6918512832198758 0.24686192523222417 0.0118670889060013 0.03626220370642841
0 0.7140031825110782 0.261506276729051 0.015031645947601646 0.040446304134093225
0 0.7250791321566794 0.24058577459072694 0.010284810385201126 0.03486750356387347
0 0.7547468544216827 0.23570432409178466 0.012658228166401386 0.03347280342131853
0 0.7887658426188864 0.24267782480455935 0.01424050668720156 0.030683403136208653
0 0.793908247811487 0.2984658305067569 0.01661392446840182 0.030683403136208653
0 0.7357595121720806 0.29707113036420196 0.01898734224960208 0.03626220370642841
0 0.6878955869178753 0.29707113036420196 0.018196202989201993 0.03626220370642841
0 0.6515031809394713 0.28172942879609764 0.018196202989201993 0.030683403136208653
0 0.6653481179964729 0.3145048821461387 0.017405063728801906 0.029288702993653715
0 0.6708860928192735 0.3549511862802319 0.020569620770402253 0.040446304134093225
0 0.6178797623724677 0.2580195263726637 0.01424050668720156 0.027894002851098776
0 0.593354445300065 0.24267782480455935 0.012658228166401386 0.0251046025659889
0 0.5589398874726612 0.21478382195346057 0.010284810385201126 0.027894002851098776
0 0.5435126718948595 0.22245467273751274 0.017405063728801906 0.020920502138324082
0 0.8208069826650899 0.46373779739951715 0.029272152634803206 0.05718270584475249
0 0.8912183768406976 0.45676429668674245 0.02136076003080234 0.051603905274532735
0 0.8955696427728981 0.4037656912696548 0.022151899291202426 0.040446304134093225
0 0.831091793050291 0.3967921905568801 0.019778481510002166 0.051603905274532735
0 0.7875791337282863 0.3647140872781165 0.01661392446840182 0.04881450498942286
0 0.803401918936288 0.3423988849972375 0.015031645947601646 0.040446304134093225
0 0.8200158434046898 0.3207810327876359 0.013449367426801473 0.027894002851098776
0 0.8338607804616913 0.30892608157591894 0.011075949645601213 0.029288702993653715
0 0.8643196419870947 0.32914923364296556 0.013449367426801473 0.030683403136208653
0 0.8484968567790929 0.38214783906005323 0.013449367426801473 0.03347280342131853
0 0.9003164783352986 0.34937238571001217 0.017405063728801906 0.040446304134093225
0 0.9090190101996996 0.26499302708543837 0.01424050668720156 0.02231520228087902
0 0.9066455924184993 0.2935843800078146 0.01424050668720156 0.020920502138324082
0 0.8742088827420957 0.28172942879609764 0.01424050668720156 0.030683403136208653
0 0.8473101478884928 0.25871687644394115 0.011075949645601213 0.029288702993653715
0 0.8279272360086907 0.2684797774418257 0.018196202989201993 0.026499302708543837
0 0.44066456804284826 0.2573221763013862 0.01424050668720156 0.026499302708543837
0 0.4367088717408478 0.24546722508966923 0.011075949645601213 0.02231520228087902
0 0.4600474799226504 0.23988842451944947 0.013449367426801473 0.02231520228087902
0 0.5059335570258554 0.25174337573116645 0.010284810385201126 0.020920502138324082
0 0.6404272312938701 0.24058577459072694 0.013449367426801473 0.029288702993653715
0 0.7448576136666816 0.26359832694288343 0.0118670889060013 0.0251046025659889
0 0.7515822973800823 0.28800557943759486 0.01424050668720156 0.029288702993653715
0 0.6317246994294692 0.3389121346408501 0.018196202989201993 0.04463040456175804
0 0.9034810353768989 0.32914923364296556 0.015822785208001733 0.039051603991538286
