0 0.35199611401185393 0.21368947625160217 0.016553067602217197 0.03338898066431284
0 0.42161636892706156 0.23372286465018988 0.019474197179079056 0.03338898066431284
0 0.4371957266703248 0.22036727238446474 0.011684518307447433 0.03338898066431284
0 0.45520935906097293 0.2262103440007195 0.016553067602217197 0.04841402196325362
0 0.49026291398331523 0.23539231368340552 0.026290166191756725 0.04006677679717541
0 0.5194742097519338 0.19198663881979883 0.014605647884309292 0.04006677679717541
0 0.5535540548153222 0.19699498591944575 0.018500487320125103 0.03672787873074412
0 0.6056475322693586 0.18196994462050498 0.01752677746117115 0.030050082597881556
0 0.6411879421211779 0.1510851375060156 0.01071080844849348 0.028380633564665914
0 0.6845180308446288 0.1986644349526614 0.027263876050710678 0.03672787873074412
0 0.7346640885807574 0.19198663881979883 0.016553067602217197 0.03672787873074412
0 0.659688429441303 0.2629382227314636 0.026290166191756725 0.04173622583039105
0 0.7234664252027869 0.3138564182445407 0.023369036614894867 0.05676126712933183
0 0.7857838561758399 0.2554257020819932 0.019474197179079056 0.04006677679717541
0 0.8588120955973864 0.24373955884948373 0.023369036614894867 0.03338898066431284
0 0.867088629398495 0.2103505781851709 0.01071080844849348 0.03338898066431284
0 0.9157741223461926 0.23205341561697423 0.018500487320125103 0.030050082597881556
0 0.9542356617748737 0.2228714459342882 0.013631938025355339 0.03505842969752848
0 0.8928919406607747 0.29632720339577645 0.019474197179079056 0.038397327763959765
0 0.8714703237637877 0.33973287825938314 0.02142161689698696 0.05843071616254747
0 0.46884129708632827 0.09265442134346813 0.016553067602217197 0.021702837431803346
