0 0.06833176186773926 0.5173841054784134 0.042412817711010575 0.09105960256420076
0 0.27474080806132406 0.2657284765737131 0.01790763414464891 0.03476821188814938
0 0.2822808645432815 0.2384105958044529 0.01790763414464891 0.036423841025680304
0 0.31621111871208996 0.24006622494198382 0.01979264826513827 0.03973509930074215
0 0.33034872461576015 0.22268211899790913 0.01979264826513827 0.038079470163211226
0 0.34118755580857396 0.24999999976716936 0.01885014120489359 0.043046357575803995
0 0.37323279585689306 0.27152317855507135 0.01885014120489359 0.03973509930074215
0 0.3901979229412973 0.28228476794902235 0.024505183566361666 0.04470198671333492
0 0.35909518995322287 0.2276490064105019 0.01696512708440423 0.04139072843827307
0 0.37087652820628136 0.24006622494198382 0.01602262002415955 0.026490066200494766
0 0.3798303452786058 0.23096026468556374 0.015080112963914871 0.031456953613087535
0 0.37558906350750476 0.19205297995358706 0.014137605903670192 0.029801324475556612
0 0.39066917647141963 0.18377483426593244 0.01790763414464891 0.03311258275061846
0 0.4118755853269249 0.19619205279741436 0.01696512708440423 0.038079470163211226
0 0.43025447300169617 0.24089403951074928 0.021677662385627627 0.048013244988396764
0 0.44439207890536636 0.17963576142210513 0.01790763414464891 0.04139072843827307
0 0.4627709665801376 0.19867549650371075 0.01885014120489359 0.036423841025680304
0 0.4698397695319727 0.24089403951074928 0.023562676506116986 0.04139072843827307
0 0.467483501881361 0.1415562912588939 0.015080112963914871 0.031456953613087535
0 0.48350612190552056 0.13576158927753568 0.013195098843425512 0.029801324475556612
0 0.48586238955613226 0.15976821177173406 0.01602262002415955 0.03476821188814938
0 0.4919886854477227 0.20115894021000713 0.020735155325382948 0.04139072843827307
0 0.5056550378212705 0.16639072832185775 0.01602262002415955 0.038079470163211226
0 0.5240339254960418 0.2168874170165509 0.024505183566361666 0.04966887412592769
0 0.5372290243394673 0.16804635745938867 0.01696512708440423 0.04470198671333492
0 0.5471253484720364 0.15811258263420314 0.01602262002415955 0.03476821188814938
0 0.563147968496196 0.16473509918432683 0.021677662385627627 0.04470198671333492
0 0.567389250267297 0.11920529790222645 0.015080112963914871 0.036423841025680304
0 0.5876531520625576 0.14652317867148668 0.014137605903670192 0.031456953613087535
0 0.6107445750385523 0.14569536410272121 0.015080112963914871 0.03311258275061846
0 0.5956644620746374 0.12086092703975737 0.013195098843425512 0.026490066200494766
0 0.6149858568096533 0.11837748333346099 0.010367577662691474 0.02814569533802569
0 0.6385485333157703 0.1440397349651903 0.01790763414464891 0.036423841025680304
0 0.642318561556749 0.11837748333346099 0.01979264826513827 0.03476821188814938
0 0.4853911360260099 0.3129139069933444 0.03393025416880846 0.06291390722617507
0 0.5447690808214247 0.30629139044322073 0.030160225927829742 0.06953642377629876
0 0.5900094197131693 0.2210264898603782 0.024505183566361666 0.0579470198135823
0 0.6182846315205097 0.20860927132889628 0.020735155325382948 0.04635761585086584
0 0.6079170538578182 0.25413907261099666 0.026390197686851025 0.054635761538520455
0 0.6163996174000204 0.3178807944059372 0.03770028240978718 0.06291390722617507
0 0.664467477472499 0.2574503308860585 0.026390197686851025 0.06125827808864415
0 0.6508011250989512 0.21605960244778544 0.023562676506116986 0.048013244988396764
0 0.6677662521833554 0.17963576142210513 0.01979264826513827 0.04139072843827307
0 0.6889726610388607 0.14486754953395575 0.01696512708440423 0.03476821188814938
0 0.6960414639906958 0.18129139055963606 0.01979264826513827 0.04139072843827307
0 0.6965127175208181 0.21854304615408182 0.022620169445872307 0.04966887412592769
0 0.7360980140510947 0.1995033110724762 0.01885014120489359 0.04470198671333492
0 0.7252591828582808 0.16390728461556137 0.021677662385627627 0.03311258275061846
0 0.711592830484733 0.13990066212136298 0.01696512708440423 0.03476821188814938
0 0.7346842534607276 0.1158940396271646 0.01790763414464891 0.036423841025680304
0 0.7535343946656212 0.1440397349651903 0.01602262002415955 0.03311258275061846
0 0.7648444793885574 0.16887417202815413 0.01790763414464891 0.036423841025680304
0 0.7752120570512488 0.13824503298383206 0.01602262002415955 0.03476821188814938
0 0.7898209164850414 0.14072847669012845 0.013195098843425512 0.03973509930074215
0 0.8081998041598126 0.12582781445235014 0.01602262002415955 0.03973509930074215
0 0.8345900018466637 0.14072847669012845 0.01790763414464891 0.03973509930074215
0 0.8152686071116477 0.15811258263420314 0.01696512708440423 0.031456953613087535
0 0.8011310012079775 0.17880794685333967 0.01696512708440423 0.036423841025680304
0 0.7799245923524722 0.2102649004664272 0.023562676506116986 0.043046357575803995
0 0.7591894370270893 0.24006622494198382 0.021677662385627627 0.05629139067605138
0 0.7219604081474245 0.2814569533802569 0.024505183566361666 0.05629139067605138
0 0.7728557894006371 0.2963576156180352 0.024505183566361666 0.05629139067605138
0 0.8397737906780094 0.31208609242457896 0.028275211807340384 0.06788079463876784
0 0.8232799171237275 0.22433774813544005 0.023562676506116986 0.048013244988396764
0 0.8402450442081317 0.1870860925409943 0.01602262002415955 0.03973509930074215
0 0.8529688895214349 0.16142384090926498 0.015080112963914871 0.038079470163211226
0 0.8817153548588976 0.2508278143359348 0.025447690626606345 0.05132450326345861
0 0.9175306231481954 0.27152317855507135 0.027332704747095704 0.05298013240098953
0 0.9208293978590518 0.22599337727297097 0.020735155325382948 0.048013244988396764
0 0.8892554113408551 0.2061258276225999 0.01790763414464891 0.048013244988396764
0 0.8916116789914668 0.17549668857827783 0.01696512708440423 0.03311258275061846
0 0.8996229890035465 0.15562913892790675 0.01602262002415955 0.03973509930074215
