1 0.8508333539357409 0.18187499593477696 0.08000000193715096 0.1537499965634197
1 0.8829166880459525 0.23062499484512955 0.03916666761506349 0.08124999818392098
1 0.9245833557215519 0.1943749956553802 0.042500001029111445 0.08874999801628292
1 0.7991666860179976 0.23562499473337084 0.05000000121071935 0.08374999812804163
1 0.7754166854429059 0.21624999516643584 0.034166667493991554 0.0824999981559813
1 0.7383333512116224 0.19187499571125954 0.061666668159887195 0.16124999639578164
1 0.692500016768463 0.1924999956972897 0.09000000217929482 0.1749999960884452
1 0.5833333474583924 0.14437499677296728 0.11333333607763052 0.21624999516643584
1 0.4900000118650496 0.15124999661929905 0.09833333571441472 0.23999999463558197
1 0.4116666766349226 0.18749999580904841 0.19000000460073352 0.35999999195337296
1 0.27125000656815246 0.1749999960884452 0.07416666846256703 0.1374999969266355
1 0.2220833387109451 0.0793749982258305 0.050833334564231336 0.1312499970663339
