0 0.11946533207083121 0.5143266663653776 0.04010025132447481 0.0744985700584948
0 0.21010860850219615 0.3266475764103234 0.01754385995445773 0.03151862579397857
0 0.23725982033647597 0.3495702133513987 0.018379281857050955 0.04011461464688182
0 0.2639933212194592 0.37249285029247403 0.020050125662237406 0.0372492850292474
0 0.2677527197811287 0.29871061263838783 0.01587301614927128 0.030085960985161364
0 0.3020050177874509 0.31733525515301153 0.01754385995445773 0.02722063136752695
0 0.31662490108283237 0.3502865457558073 0.018379281857050955 0.03295129060279578
0 0.33542189389117993 0.32091691717505455 0.01754385995445773 0.03151862579397857
0 0.3370927376963664 0.28438396455021575 0.01754385995445773 0.030085960985161364
0 0.36299081667675637 0.33524356526322663 0.01921470375964418 0.03438395541161299
0 0.39264829421881586 0.31948425236623734 0.020050125662237406 0.03438395541161299
0 0.3897243175597396 0.28724929416785017 0.01754385995445773 0.03295129060279578
0 0.3746867233130615 0.25071634154301137 0.014202172344084829 0.02578796655870974
0 0.4106098651245702 0.24856734432978556 0.012531328538898379 0.024355301749892533
0 0.42898914698162116 0.25000000913860276 0.014202172344084829 0.024355301749892533
0 0.4360902331536636 0.3302292384323664 0.021720969467423856 0.035816620220430195
0 0.41604010749142617 0.30444127187365666 0.016708438051864505 0.030085960985161364
0 0.4569757807184942 0.2951289506163448 0.015037594246678054 0.022922636941075325
0 0.46449457784183323 0.25071634154301137 0.015037594246678054 0.022922636941075325
0 0.4527986712055281 0.23137536662397906 0.011695906636305153 0.021489972132258117
0 0.45572264786460437 0.22277937777107581 0.012531328538898379 0.0186246425146237
0 0.49456976633518934 0.2521490063518286 0.015037594246678054 0.02578796655870974
0 0.4995822977507487 0.2378223582636565 0.013366750441491604 0.02005730732344091
0 0.5442773695394862 0.21346705651376396 0.012531328538898379 0.022922636941075325
0 0.5588972528348677 0.20702006487408653 0.015037594246678054 0.021489972132258117
0 0.5300751971954014 0.258595997991506 0.01587301614927128 0.030085960985161364
0 0.5446950804907829 0.2714899812708609 0.016708438051864505 0.030085960985161364
0 0.5647452061530203 0.255014335969463 0.015037594246678054 0.028653296176344156
0 0.5889724413282238 0.2378223582636565 0.013366750441491604 0.02578796655870974
0 0.5906432851334102 0.20845272968290374 0.013366750441491604 0.024355301749892533
0 0.5960735275002662 0.19627507880795747 0.012531328538898379 0.022922636941075325
0 0.6161236531625036 0.2012894056388177 0.012531328538898379 0.024355301749892533
0 0.6274018488475122 0.21275072410935536 0.011695906636305153 0.024355301749892533
0 0.6257310050423257 0.22994270181516185 0.011695906636305153 0.024355301749892533
0 0.6612364359025378 0.19770774361677468 0.012531328538898379 0.022922636941075325
0 0.6633249906590208 0.2177650509402156 0.011695906636305153 0.022922636941075325
0 0.6733500534901395 0.21203439170494676 0.011695906636305153 0.022922636941075325
0 0.48788639111444354 0.3166189227486029 0.016708438051864505 0.03151862579397857
0 0.46532999974442646 0.3896848279982805 0.025062657077796757 0.048710603499785066
0 0.5334168848057743 0.4011461464688182 0.025898078980389982 0.04584527388215065
0 0.5258980876824353 0.3445558865205385 0.02255639137001708 0.03868194983806461
0 0.5722640032763593 0.44555875554215163 0.03174603229854256 0.06590258120559156
0 0.6244778721884359 0.4555874092038721 0.032581454201135784 0.06590258120559156
0 0.6056808793800883 0.3488538809469901 0.020050125662237406 0.03868194983806461
0 0.5889724413282238 0.3151862579397857 0.018379281857050955 0.03438395541161299
0 0.6223893174319528 0.2908309561898932 0.016708438051864505 0.028653296176344156
0 0.6445279978506733 0.3488538809469901 0.02255639137001708 0.04154727945569903
0 0.6616541468538344 0.26217766001354903 0.015037594246678054 0.028653296176344156
0 0.6658312563668005 0.29942694504279643 0.021720969467423856 0.04011461464688182
0 0.69548873390886 0.23567336105043069 0.014202172344084829 0.03295129060279578
0 0.6942356010549702 0.28438396455021575 0.018379281857050955 0.03295129060279578
0 0.6829574053699616 0.3445558865205385 0.02255639137001708 0.05014326830860227
0 0.713868015765911 0.3861031659762375 0.027568922785576433 0.04727793869096786
0 0.6908939134445973 0.5279369820491411 0.03341687610372901 0.06446991639677435
0 0.7944862293661572 0.5530086162034422 0.03174603229854256 0.07163324044086039
0 0.8329156368854456 0.4577364064170979 0.028404344688169658 0.055873927543871105
0 0.7777777913142927 0.4075931381084956 0.026733500882983208 0.04441260907333344
0 0.9193818038038444 0.4570200740126893 0.027568922785576433 0.0544412627350539
0 0.8441938325704541 0.4004298140644096 0.02255639137001708 0.04441260907333344
0 0.9256474680732936 0.39040116040268913 0.020050125662237406 0.03868194983806461
0 0.9118630066805054 0.3101719311089255 0.01587301614927128 0.030085960985161364
0 0.9289891556836665 0.2972779478295706 0.016708438051864505 0.030085960985161364
0 0.9285714447323699 0.2600286628003232 0.012531328538898379 0.02722063136752695
0 0.8897243262617849 0.26647565444000065 0.015037594246678054 0.03151862579397857
0 0.8830409510410391 0.30515760427806526 0.013366750441491604 0.03438395541161299
0 0.8654970910865813 0.32449857919709757 0.016708438051864505 0.035816620220430195
0 0.8395990121061914 0.29942694504279643 0.015037594246678054 0.03151862579397857
0 0.847535520180827 0.2600286628003232 0.01754385995445773 0.03295129060279578
0 0.8730158882099204 0.24426934990333393 0.011695906636305153 0.024355301749892533
0 0.8375104573497083 0.24498568230774254 0.014202172344084829 0.022922636941075325
0 0.808688401710242 0.2600286628003232 0.013366750441491604 0.024355301749892533
0 0.8015873155381996 0.22851003700634465 0.012531328538898379 0.02722063136752695
0 0.7865497212915216 0.28438396455021575 0.02088554756483063 0.035816620220430195
0 0.7685881503857672 0.2765043081017211 0.018379281857050955 0.0372492850292474
0 0.7769423694116995 0.2521490063518286 0.013366750441491604 0.028653296176344156
0 0.7727652598987333 0.22636103979311883 0.015037594246678054 0.028653296176344156
0 0.7284878990612924 0.24426934990333393 0.013366750441491604 0.03295129060279578
0 0.7276524771586992 0.22779370460193604 0.013366750441491604 0.022922636941075325
0 0.7372598290385213 0.22564470738871023 0.010860484733711928 0.024355301749892533
0 0.8024227374407928 0.3488538809469901 0.01921470375964418 0.035816620220430195
0 0.8032581593433861 0.3259312440059148 0.01754385995445773 0.02722063136752695
