0 0.1679904724296648 0.3692628698190674 0.03733121609548107 0.06258692708797753
0 0.15567911393009126 0.3317107135662809 0.030182685353793204 0.05424200347624719
0 0.21564734404091723 0.3143254560418427 0.032565528934355825 0.05006954167038202
0 0.21247021926683374 0.27399165858514607 0.02938840416027233 0.04728790046647191
0 0.2656870592327323 0.2573018113616854 0.030976966547314078 0.05006954167038202
0 0.29984115055412985 0.22114047571085393 0.024622716999147087 0.05006954167038202
0 0.32009532098891214 0.2426981950411573 0.023828435805626214 0.04867872106842697
0 0.3455123191815801 0.23922114353626966 0.02541699819266796 0.05841446528211236
0 0.3983320185507182 0.21488178300205618 0.027799841773230582 0.06258692708797753
0 0.4316918286785949 0.22670375811867416 0.030976966547314078 0.0667593888938427
0 0.35663225589087233 0.433240617509 0.05083399638533592 0.09318498033098876
0 0.31294679024722427 0.3421418680809438 0.04130262206308544 0.06954103009775281
0 0.33836378843989223 0.5396383935585618 0.06830818264279515 0.11682893056422472
