0 0.4285714302677661 0.2019386156462133 0.018315018387511373 0.04523424990475178
0 0.46291208974434994 0.2051696334965527 0.022893772984389216 0.04846526775509119
0 0.6126373650622554 0.11066236137412488 0.021978022065013647 0.03069466957822442
0 0.6515567791357171 0.12520194170065224 0.01373626379063353 0.03069466957822442
0 0.7527472557267174 0.14781906665302813 0.014652014710009098 0.037156705278903246
0 0.7710622741142288 0.14943457557819784 0.018315018387511373 0.03392568742856383
0 0.8260073292767629 0.2600969369523227 0.018315018387511373 0.06138933915644884
0 0.8928571463911794 0.2536349012516439 0.02564102574251592 0.04523424990475178
0 0.8717948752455413 0.1882067897822708 0.016483516548760235 0.04038772312924266
0 0.8919413954718038 0.22132472274824977 0.016483516548760235 0.04846526775509119
0 0.9423076960374601 0.1914378076326102 0.014652014710009098 0.03392568742856383
0 0.9207875494321343 0.2552504101768136 0.01923076930688694 0.0516962856054306
0 0.6254578779335134 0.14539580326527357 0.016483516548760235 0.03231017850339413
