0 0.12480063640396111 0.31997186393709853 0.031100478081498295 0.0604781984584406
0 0.1455342884582933 0.3488044934347272 0.03269537439337 0.07313642604276538
0 0.18141945547540672 0.38748241105349734 0.04545454488834366 0.08579465362709016
0 0.18022328324150294 0.31434598501073197 0.03189792623743415 0.05766525899525732
0 0.23205741337733343 0.32700421259505674 0.03827751148492098 0.06610407738480717
0 0.21172248540096916 0.37763712293235585 0.037480063328985125 0.0773558352375403
0 0.24162679124856368 0.2925457041710615 0.02551834098994732 0.05907172872684896
0 0.29425836954033 0.33333332638721913 0.033492822549305856 0.07594936550594866
0 0.332535881025251 0.3755274183349684 0.04146730410866439 0.07594936550594866
0 0.36602870357455686 0.3248945079976693 0.03827751148492098 0.06751054711639881
0 0.3991228020458948 0.302390992292203 0.03429027070524171 0.07876230496913195
0 0.32615629577776417 0.2616033700760454 0.035087718861177564 0.07594936550594866
