0 0.09537299210205674 0.3416252073366195 0.020774315111339092 0.03316749585792422
0 0.255901790689677 0.19817578775109723 0.018885741010308266 0.02819237147923559
0 0.40982057992368937 0.2072968491120264 0.026440037414431572 0.04311774461530149
0 0.49338998389430344 0.30431177449645475 0.027384324464946985 0.05472636816557497
0 0.5457979151979089 0.3283582089934498 0.02266288921236992 0.04311774461530149
0 0.6161473004613072 0.25953565508825704 0.021718602161854506 0.04145936982240528
0 0.5448536281473935 0.12354892207076773 0.013220018707215786 0.02819237147923559
0 0.5599622209556401 0.13018242124235258 0.013220018707215786 0.024875621893443167
0 0.7733710943721235 0.3109452736680396 0.020774315111339092 0.051409618579782546
0 0.9135977213736624 0.13598673301748931 0.0141643057577312 0.02653399668633938
0 0.9400377587880939 0.14510779437841848 0.0141643057577312 0.02819237147923559
