0 0.16986410846584477 0.4840277894982137 0.04716227011522278 0.076388890738599
0 0.9056754583143629 0.14097222563577816 0.015987210208550096 0.034722223062999547
0 0.6498800949775614 0.10069444688269868 0.017585931229405105 0.02916666737291962
0 0.665067944675684 0.10833333595655859 0.017585931229405105 0.0305555562954396
0 0.6958433243271429 0.11111111380159855 0.01518784969812259 0.027777778450399637
0 0.7486011180153582 0.12083333625923842 0.01518784969812259 0.0305555562954396
0 0.795763388130581 0.11944444733671844 0.01518784969812259 0.03611111198551953
0 0.8101518773182761 0.12638889194931835 0.011990407656412572 0.0305555562954396
0 0.8421262977353763 0.1291666697943583 0.0167865707189776 0.033333334140479565
0 0.8725019971316215 0.14166667009703815 0.011990407656412572 0.027777778450399637
0 0.8349320531415287 0.14375000348081812 0.01838529173983261 0.02916666737291962
0 0.5671462821483146 0.12361111410427839 0.0167865707189776 0.025000000605359674
0 0.5839328528672922 0.13472222548443824 0.02158273378154263 0.0305555562954396
0 0.7250199829577468 0.1368055588682182 0.017585931229405105 0.03194444521795958
0 0.6266986401751637 0.1222222251817584 0.014388489187695086 0.0305555562954396
0 0.6474820134462789 0.13958333671325818 0.015987210208550096 0.02916666737291962
0 0.7422062339319382 0.152777781477198 0.01838529173983261 0.0305555562954396
0 0.7661870492447633 0.152777781477198 0.01518784969812259 0.03888888983055949
0 0.7837729804741684 0.154166670399718 0.01518784969812259 0.033333334140479565
0 0.8085531562974211 0.1694444485474378 0.01518784969812259 0.0305555562954396
0 0.8245403665059712 0.17013889300869778 0.0167865707189776 0.03750000090803951
0 0.8557154264126439 0.17152778193121776 0.024780175823252648 0.04305555659811944
0 0.8948840914235916 0.19375000469153747 0.01838529173983261 0.02916666737291962
0 0.913669063418638 0.2229166720644571 0.015987210208550096 0.034722223062999547
0 0.8669064735586289 0.21944444975815713 0.01838529173983261 0.041666667675599456
0 0.828137488802895 0.23263889452209696 0.020783373271115124 0.04305555659811944
0 0.7302158262755256 0.18888889346271753 0.02318145480239764 0.03611111198551953
0 0.7693844912864733 0.22569444990949705 0.02318145480239764 0.0458333344431594
0 0.6882493994780816 0.18750000454019755 0.020783373271115124 0.0305555562954396
0 0.49400479544419795 0.13472222548443824 0.014388489187695086 0.025000000605359674
0 0.5087929648871068 0.1375000033294782 0.01518784969812259 0.025000000605359674
0 0.5339728209655732 0.14027778117451817 0.015987210208550096 0.027777778450399637
0 0.6083133484353311 0.14791667024837807 0.019184652250260115 0.03750000090803951
0 0.5611510783201084 0.152777781477198 0.019184652250260115 0.0305555562954396
0 0.5839328528672922 0.1687500040861778 0.0167865707189776 0.026388889527879655
0 0.44804156609461643 0.15694444824475795 0.013589128677267581 0.027777778450399637
0 0.4692246196209453 0.15555555932223797 0.014388489187695086 0.0305555562954396
0 0.5039968018245418 0.1916666713077575 0.01998401276068762 0.03888888983055949
0 0.5399680247937795 0.18888889346271753 0.02318145480239764 0.041666667675599456
0 0.6159072732843924 0.22777778329327703 0.02318145480239764 0.04444444552063942
0 0.4120703431253787 0.1986111159203574 0.013589128677267581 0.033333334140479565
0 0.45043964762589894 0.19375000469153747 0.013589128677267581 0.03194444521795958
0 0.4996003190171905 0.22777778329327703 0.022382094291970134 0.041666667675599456
0 0.5575539560231846 0.24375000590225682 0.026378896844107658 0.048611112288199365
0 0.6163069535396062 0.2680555620463565 0.020783373271115124 0.041666667675599456
0 0.6662669854413252 0.2618055618950166 0.02158273378154263 0.05138889013323933
0 0.7545963218435645 0.2458333392860368 0.023980815312825143 0.04722222336567938
0 0.6970423650927842 0.23333333898335695 0.022382094291970134 0.04444444552063942
0 0.7757793753698934 0.30347222957061604 0.024780175823252648 0.048611112288199365
0 0.8173461219121236 0.2611111174337566 0.02318145480239764 0.03888888983055949
0 0.8417266174801625 0.304861118493136 0.03197442041710019 0.056944445823319256
0 0.9060751385695767 0.3506944529362954 0.01838529173983261 0.05138889013323933
0 0.8657074327929877 0.2590277840499766 0.023980815312825143 0.05138889013323933
0 0.920063947502058 0.29513889603549615 0.023980815312825143 0.04305555659811944
0 0.8385291754384525 0.3513888973975554 0.028776978375390172 0.06388889043591917
0 0.8784972009598278 0.4347222327487543 0.03996802552137524 0.08888889104127884
0 0.6127098312426824 0.3291666746372357 0.034372501948382705 0.05833333474583924
0 0.5379696235177107 0.2854166735778563 0.025579536333680153 0.05138889013323933
0 0.44524380430812016 0.22569444990949705 0.017585931229405105 0.02916666737291962
0 0.34212629846297204 0.2222222276031971 0.019184652250260115 0.03888888983055949
0 0.3569144679058809 0.2215277831419371 0.01838529173983261 0.03750000090803951
0 0.31254995957715437 0.2368055612896569 0.017585931229405105 0.034722223062999547
0 0.290567545540398 0.27083333989139646 0.01838529173983261 0.03611111198551953
0 0.3305355710617732 0.2916666737291962 0.02158273378154263 0.03888888983055949
0 0.3585131889267359 0.2972222294192761 0.01998401276068762 0.033333334140479565
0 0.42286171001615 0.2590277840499766 0.022382094291970134 0.034722223062999547
0 0.9428457220492419 0.17430555977625772 0.013589128677267581 0.03194444521795958
0 0.926458831585478 0.2145833385293372 0.014388489187695086 0.02916666737291962
0 0.6678657064621802 0.13611111440695822 0.01998401276068762 0.0305555562954396
0 0.40087929597939365 0.2381944502121769 0.01838529173983261 0.03194444521795958
0 0.37569943990092725 0.23541667236713693 0.017585931229405105 0.040277778753079474
0 0.4532374094123952 0.17361111531499773 0.009592326125130057 0.0305555562954396
0 0.6638689039100427 0.21597222745185718 0.02158273378154263 0.040277778753079474
0 0.5879296554194298 0.11666666949167848 0.011990407656412572 0.025000000605359674
