0 0.17642856953898445 0.7451403688173741 0.10142857034225017 0.1511879009194672
0 0.0928571418626234 0.6727861590916291 0.07428571349009871 0.1144708392675966
0 0.07142857066355646 0.5939524678979069 0.057142856530845165 0.10367170348763466
0 0.033571428211871535 0.5809935049619526 0.041428570984862745 0.06479481467977166
0 0.012142857012804598 0.5140388631261885 0.021428571199066937 0.05615550605580211
0 0.16499999823281541 0.4632829249603674 0.01857142837252468 0.03671706165187061
0 0.2199999976437539 0.46760257927235216 0.028571428265422583 0.058315333211794496
0 0.19999999785795808 0.46760257927235216 0.01714285695925355 0.03671706165187061
0 0.24285714025609195 0.46976240642834455 0.019999999785795808 0.04535637027584016
0 0.2499999973224476 0.45140387560240924 0.022857142612338066 0.043196543119847775
0 0.2807142827077769 0.49136067798826844 0.03571428533177823 0.058315333211794496
0 0.27928571129450575 0.44708422129042447 0.021428571199066937 0.038876888807863
0 0.2921428540139459 0.4384449126664549 0.024285714025609195 0.043196543119847775
0 0.35571428190451115 0.4805615422083065 0.03714285674504936 0.06695464183576405
0 0.32999999646563083 0.4589632706483826 0.022857142612338066 0.05399567889980972
0 0.31785713945282623 0.455723529914394 0.021428571199066937 0.04751619743183255
0 0.3464285677182488 0.4233261225745082 0.01857142837252468 0.030237580183893442
0 0.3914285672362894 0.46868249285034835 0.025714285438880324 0.05183585174381733
0 0.3792857102234848 0.43304534477647394 0.024285714025609195 0.041036715963855386
0 0.38571428158320487 0.40928724606055766 0.01714285695925355 0.03239740733988583
0 0.41428570984862745 0.41468681395053864 0.019999999785795808 0.03455723449587822
0 0.42999999539460987 0.41252698679454625 0.01714285695925355 0.043196543119847775
0 0.4249999954481609 0.4632829249603674 0.03285714250523597 0.05399567889980972
0 0.4535714237135835 0.455723529914394 0.021428571199066937 0.05615550605580211
0 0.4414285667007789 0.5118790359701961 0.03714285674504936 0.06479481467977166
0 0.49499999469844624 0.4805615422083065 0.041428570984862745 0.07127429614774883
0 0.4792857091524638 0.41036715963855386 0.024285714025609195 0.043196543119847775
0 0.5099999945377931 0.4071274189045653 0.019999999785795808 0.041036715963855386
0 0.5392857085098512 0.43196543119847775 0.03285714250523597 0.060475160367786884
0 0.5599999940022826 0.5302375667961314 0.057142856530845165 0.10583153064362705
0 0.6285714218392968 0.499999986612238 0.05142857087776065 0.09287256770767272
0 0.6164285648264922 0.4384449126664549 0.03571428533177823 0.060475160367786884
0 0.5792857080814429 0.39416845596861094 0.024285714025609195 0.03671706165187061
0 0.6157142791198567 0.39632828312460333 0.022857142612338066 0.041036715963855386
0 0.6499999930383638 0.4038876781705767 0.022857142612338066 0.05183585174381733
0 0.6799999927170575 0.4568034434923902 0.04571428522467613 0.08855291339568794
0 0.7335714207147248 0.4546436163363978 0.044285713811405 0.08423325908370316
0 0.7092857066891156 0.39200862881261855 0.027142856852151453 0.04967602458782494
0 0.7399999920744449 0.39200862881261855 0.025714285438880324 0.04535637027584016
0 0.8228571340441704 0.4038876781705767 0.0342857139185071 0.060475160367786884
0 0.8507142766029574 0.39632828312460333 0.03285714250523597 0.06263498752377927
0 0.7421428491943516 0.583153332117945 0.08428571338299662 0.13822893798351288
0 0.8292857054038905 0.5172786038601771 0.07285714207682759 0.12742980220355093
0 0.8721428478020243 0.5010799001902342 0.055714285117574036 0.12095032073557377
0 0.9114285616669804 0.46868249285034835 0.05428571370430291 0.10367170348763466
0 0.9778571323840879 0.3984881102805957 0.03857142815832049 0.07991360477171838
