0 0.1796796770649962 0.44165171636268497 0.04104104044381529 0.08617594465613365
0 0.19269268988864496 0.3159784637391567 0.037037036498077214 0.08258528029546142
0 0.1971971943276003 0.23967684607487172 0.024024023674428463 0.05565529759041965
0 0.3583583531435579 0.21723519382067025 0.024024023674428463 0.043087972328066826
0 0.4289289226871915 0.21723519382067025 0.023023022687993944 0.04667863668873906
0 0.48548547842074186 0.18222621630411595 0.022022021701559424 0.044883304508402944
0 0.5095095020951703 0.11220826127100736 0.020020019728690386 0.04847396886907518
0 0.5665665583219379 0.106822264729999 0.020020019728690386 0.044883304508402944
0 0.5500500420457684 0.18940754502546042 0.021021020715124905 0.044883304508402944
0 0.6311311219469644 0.12746858480386436 0.01501501479651779 0.035906643606722355
0 0.5855855770641938 0.2073608668288216 0.024024023674428463 0.04847396886907518
0 0.6436436342773959 0.2468581747962162 0.03203203156590462 0.05565529759041965
0 0.7307307200971991 0.26929982705041766 0.034034033538773656 0.06463195849210024
0 0.8438438315642998 0.21005386509932578 0.02802802762016654 0.05385996541008353
0 0.8473473350168206 0.34201078035403043 0.025025024660862982 0.059245961951091886
0 0.919419406040106 0.2791741540422663 0.031031030579470098 0.04847396886907518
0 0.9089088956825435 0.12028725608251989 0.018018017755821347 0.028725314885377884
0 0.9364364228094928 0.16068223014008254 0.019019018742255867 0.030520647065714
