0 0.14197530434466898 0.2664884071564302 0.018518517958000302 0.03743315418250859
0 0.14300411089789122 0.40998216485604644 0.05555555387400091 0.09269161988049746
0 0.32304525771178305 0.23351158085279167 0.018518517958000302 0.032085560727864504
0 0.3791152148623951 0.20142602012492716 0.02160493761766702 0.03565062303096056
0 0.3924897000542842 0.2477718300651759 0.01954732451122254 0.03565062303096056
0 0.4197530737146735 0.2486630956409499 0.018518517958000302 0.040998216485604644
0 0.447530850651674 0.27005346945952624 0.018518517958000302 0.03743315418250859
0 0.4717078046523966 0.20231728570070118 0.015432098298333585 0.030303029576316476
0 0.4670781751628965 0.18983956763986498 0.014403291745111346 0.023172904970124364
0 0.5185185028240085 0.22549019067082554 0.02057613106444478 0.040998216485604644
0 0.5524691190803424 0.2299465185496956 0.02057613106444478 0.039215685334056616
0 0.5740740566980094 0.16310160036664456 0.016460904851555824 0.030303029576316476
0 0.602366236911621 0.27094473503530025 0.02160493761766702 0.04278074763715267
0 0.6316872236784548 0.2860962498234585 0.024691357277333736 0.05525846569798887
0 0.7011316660209559 0.1969696922460571 0.015432098298333585 0.030303029576316476
0 0.7098765217233449 0.2228163939435035 0.018518517958000302 0.03565062303096056
0 0.7340534757240675 0.20855614473111928 0.01954732451122254 0.03565062303096056
0 0.7505143805756234 0.2415329710347578 0.01954732451122254 0.03743315418250859
0 0.7777777542360127 0.2156862693373114 0.018518517958000302 0.03565062303096056
0 0.7890946263214573 0.25044562679249793 0.018518517958000302 0.040998216485604644
0 0.8276748720672913 0.2976827023085207 0.02160493761766702 0.049910872243344784
0 0.8631686981534585 0.3110516859451309 0.024691357277333736 0.058823528001084924
0 0.921296268410515 0.30303029576316476 0.01954732451122254 0.04278074763715267
0 0.9439300125814043 0.2352941120043397 0.015432098298333585 0.04634580994024873
