0 0.08800000417977571 0.5988024175167084 0.1520000072196126 0.20958084613084793
0 0.06800000322982669 0.2979042027145624 0.05200000246986747 0.0928143747150898
0 0.0800000037997961 0.2739521060138941 0.04800000227987766 0.08083832636475563
0 0.07500000356230885 0.1796407252550125 0.03000000142492354 0.04790419340133667
0 0.1600000075995922 0.20508982799947262 0.03600000170990825 0.056886229664087296
0 0.2340000111144036 0.25598803348839283 0.03200000151991844 0.04491018131375313
0 0.2670000126818195 0.21706587634980679 0.03000000142492354 0.038922157138586044
0 0.3040000144392252 0.23502994887530804 0.03200000151991844 0.05089820548892021
0 0.3620000171940774 0.2949101906269789 0.04000000189989805 0.056886229664087296
0 0.3240000153891742 0.32634731754660606 0.05200000246986747 0.071856290102005
0 0.35000001662410796 0.3862275592982769 0.05200000246986747 0.08982036262750626
0 0.4230000200914219 0.38323354721069336 0.06200000294484198 0.09580838680267334
0 0.45900002180133015 0.6751497257500887 0.17800000845454633 0.3083832450211048
0 0.5600000265985727 0.4221557043492794 0.0720000034198165 0.10778443515300751
0 0.5780000274535269 0.3188622873276472 0.04800000227987766 0.07485030218958855
0 0.6640000315383077 0.34281438402831554 0.06000000284984708 0.0928143747150898
0 0.7270000345306471 0.41467067413032055 0.07000000332482159 0.12275449559092522
0 0.7320000347681344 0.3308383356779814 0.05600000265985727 0.08083832636475563
0 0.8270000392803922 0.20359282195568085 0.042000001994892955 0.071856290102005
0 0.966000045882538 0.40419163182377815 0.06000000284984708 0.10778443515300751
