0 0.048184356128331274 0.5090222394210286 0.054469272145070136 0.10574905551038682
0 0.07583798660198227 0.4729332760325633 0.04664804332423955 0.09232060401700437
0 0.15921787242405117 0.5190935780410655 0.05586592014878988 0.10910616838373244
0 0.14175977237755433 0.5998741065559443 0.07681564020458609 0.13218631938798353
0 0.3269552976707928 0.530633653543191 0.0740223441971466 0.12798992829630151
0 0.29790501919342205 0.6632396120403428 0.09581005305517465 0.1749895085231401
0 0.47625696926843375 0.33801930243498646 0.08938547223806381 0.16240033524809405
0 0.5416200958425179 0.7450692383281421 0.12793295714072883 0.2026856897282414
0 0.6668994217761792 0.607637430075556 0.07681564020458609 0.1502308010822162
0 0.7713686924544163 0.721989087323891 0.10418994107749313 0.18170373426983133
0 0.9476256705238484 0.6147712949314155 0.10474860027898103 0.18715904268901795
