0 0.12900000612717122 0.4794952776283026 0.042000001994892955 0.08201892906799912
0 0.16900000802706927 0.544164048624225 0.05400000256486237 0.09148265165276825
0 0.226000010734424 0.5694006421836093 0.06000000284984708 0.09779180004261434
0 0.24900001182686538 0.4968454357003793 0.042000001994892955 0.08517350326292217
0 0.3450000163866207 0.4794952776283026 0.03800000180490315 0.06940063228830695
0 0.3290000156266615 0.6261829776922241 0.0740000035148114 0.13564669038169086
0 0.452000021468848 0.6845426002983004 0.08400000398978591 0.15141956135630608
0 0.5730000272160396 0.8753943390911445 0.10600000503472984 0.21766561944968998
0 0.7650000363355502 0.7097791938576847 0.07000000332482159 0.11356467101722956
0 0.8130000386154279 0.6356467002769932 0.06200000294484198 0.11041009682230651
0 0.8610000408953056 0.5741325034759939 0.05400000256486237 0.0946372258476913
0 0.9140000434126705 0.5552050583064556 0.04400000208988786 0.07570978067815304
0 0.9140000434126705 0.5157728808699176 0.03200000151991844 0.053627761313691735
0 0.9400000446476042 0.49842272279784083 0.028000001329928637 0.05678233550861478
0 0.9280000440776348 0.47003155504353344 0.03200000151991844 0.05678233550861478
0 0.9450000448850915 0.4511041098739952 0.02200000104494393 0.05047318711876869
0 0.9540000453125685 0.49369086150545627 0.04000000189989805 0.05993690970353782
0 0.8920000423677266 0.4321766647044569 0.01600000075995922 0.03785489033907652
0 0.8670000411802903 0.45425868406891823 0.026000001234933734 0.03785489033907652
0 0.8400000398978591 0.43533123889937997 0.020000000949949026 0.03785489033907652
0 0.8070000383304432 0.44164038728922606 0.02200000104494393 0.044164038728922606
0 0.7980000379029661 0.4242902292171493 0.020000000949949026 0.04100946453399956
0 0.7590000360505655 0.438485813094303 0.026000001234933734 0.05678233550861478
0 0.7170000340556726 0.42744480341207236 0.02200000104494393 0.04100946453399956
0 0.7160000340081751 0.40378549695014954 0.020000000949949026 0.03154574194923043
0 0.6720000319182873 0.41955836792476475 0.02400000113993883 0.044164038728922606
0 0.6400000303983688 0.41798108082730323 0.02400000113993883 0.04731861292384565
0 0.627000029780902 0.4227129421196878 0.026000001234933734 0.044164038728922606
0 0.5800000275485218 0.43533123889937997 0.020000000949949026 0.044164038728922606
0 0.534000025363639 0.44006310019176453 0.02400000113993883 0.04731861292384565
0 0.4740000225137919 0.44006310019176453 0.028000001329928637 0.053627761313691735
0 0.4040000191889703 0.4605678324587643 0.03600000170990825 0.06940063228830695
