0 0.0825381682079751 0.3330522810574621 0.01812977105146274 0.03541315393522382
0 0.1297709927894175 0.3043844897765666 0.020992366480641067 0.04553119791671634
0 0.19131679451675154 0.4966273254249245 0.04103053448488936 0.09612141782417893
0 0.21994274880853482 0.2782462094910443 0.02958015276817605 0.05733558256179094
0 0.29818702387274243 0.2782462094910443 0.025763358862604946 0.05733558256179094
0 0.33349236749927513 0.26559865451417863 0.02003816800424829 0.042158516589552164
0 0.3711832073167898 0.26559865451417863 0.02671755733899772 0.05227656057104468
0 0.4336832075205166 0.2200674565974623 0.01812977105146274 0.03878583526238799
0 0.45419847476296127 0.23271501157432795 0.019083969527855515 0.04384485725313425
0 0.4332061082823202 0.27571669849567115 0.02480916038621217 0.04890387924388051
0 0.4928435130568687 0.31871838541701436 0.0314885497209616 0.060708263888955116
0 0.5500954216404352 0.3625632426701486 0.027671755815390497 0.05733558256179094
0 0.7204198496765457 0.1458684673998505 0.015267175622284412 0.03541315393522382
0 0.7542938955884892 0.1500843190588057 0.01812977105146274 0.03372681327164173
0 0.8907442777126562 0.2200674565974623 0.02003816800424829 0.04890387924388051
