0 0.10122448974289 0.5469798683188856 0.04571428569033742 0.11409396026283503
0 0.20897959172725677 0.2684563770890236 0.01795918366406113 0.05369127541780472
0 0.21999999988474883 0.28020134358666837 0.02040816325461492 0.05369127541780472
0 0.26653061210527085 0.23993288702331483 0.018775510194245726 0.04697986599057913
0 0.2840816325042397 0.24412751791533083 0.021224489784799516 0.05201342306099832
0 0.2987755100475624 0.21476510167121887 0.019591836724430323 0.05369127541780472
0 0.326938775338931 0.23657718230970204 0.018775510194245726 0.0637583895586431
0 0.34163265288225375 0.20805369224399328 0.017142857133876532 0.04697986599057913
0 0.3567346936906688 0.1946308733895421 0.016326530603691936 0.036912751849740744
0 0.36530612225760706 0.2592281891265884 0.023673469375353307 0.05201342306099832
0 0.38734693857259117 0.23993288702331483 0.018775510194245726 0.04362416127696633
0 0.3824489793914836 0.18708053778391331 0.015510204073507339 0.041946308920159936
0 0.42163265284034424 0.1963087257463485 0.017142857133876532 0.04362416127696633
0 0.4289795916120056 0.17030201421584934 0.015510204073507339 0.041946308920159936
0 0.4330612242629286 0.29530201479792595 0.023673469375353307 0.05369127541780472
0 0.46448979567503557 0.24328859173692763 0.021224489784799516 0.05369127541780472
0 0.44734693854115903 0.16694630950223655 0.013061224482953548 0.03187919477932155
0 0.47306122424197383 0.17114094039425254 0.018775510194245726 0.04026845656335354
0 0.486938775255112 0.15520134300459176 0.018775510194245726 0.035234899492934346
0 0.49020408137585036 0.20637583988718688 0.018775510194245726 0.04026845656335354
0 0.5138775507512037 0.17281879275105894 0.02040816325461492 0.04362416127696633
0 0.521224489522865 0.15855704771820456 0.012244897952768952 0.035234899492934346
0 0.5493877548142336 0.22567114199046046 0.016326530603691936 0.04530201363377273
0 0.5636734690924641 0.21644295402802527 0.017142857133876532 0.04026845656335354
0 0.5502040813444182 0.135067114722915 0.014693877543322742 0.03187919477932155
0 0.5538775507302489 0.15939597389660776 0.015510204073507339 0.036912751849740744
0 0.5767346935754176 0.135067114722915 0.017142857133876532 0.035234899492934346
0 0.5775510201056022 0.17197986657265574 0.015510204073507339 0.03859060420654714
0 0.595102040504571 0.11912751733325422 0.014693877543322742 0.03355704713612795
0 0.6024489792762324 0.15604026918299496 0.014693877543322742 0.03355704713612795
0 0.6077551017224323 0.17869127599988133 0.015510204073507339 0.041946308920159936
0 0.6183673466148321 0.1996644304599613 0.017142857133876532 0.04362416127696633
0 0.626530611916678 0.1325503361877054 0.013877551013138145 0.036912751849740744
0 0.6534693874127697 0.15016778593417257 0.013877551013138145 0.03859060420654714
0 0.6571428567986004 0.18204698071349412 0.013061224482953548 0.035234899492934346
0 0.6559183670033235 0.24580537027213722 0.022040816314984113 0.05872483248822391
0 0.6089795915177092 0.29530201479792595 0.021224489784799516 0.05704698013141751
0 0.5710204078641254 0.3330536928260699 0.0253061224357225 0.062080537201836705
0 0.6028571425413247 0.36912751849740744 0.026938775496091694 0.0637583895586431
0 0.6571428567986004 0.3976510085631162 0.029387755086645484 0.0637583895586431
0 0.7155102037067991 0.42114094155840576 0.03020408161683008 0.0671140942722559
0 0.7938775506045204 0.4446308745536953 0.031836734677199274 0.09395973198115826
0 0.8706122444418725 0.49580537143629044 0.031836734677199274 0.08221476548351347
0 0.8816326525993645 0.41442953213118017 0.02285714284516871 0.0671140942722559
0 0.6628571425098926 0.1300335576524958 0.014693877543322742 0.035234899492934346
0 0.6877551016805228 0.14010067179333419 0.013877551013138145 0.03859060420654714
0 0.7106122445256915 0.15604026918299496 0.013877551013138145 0.04026845656335354
0 0.6942857139219996 0.21392617549281567 0.017142857133876532 0.048657718347385526
0 0.7220408159482758 0.2567114105913788 0.023673469375353307 0.05033557070419192
0 0.7395918363472447 0.22818792052567005 0.019591836724430323 0.04362416127696633
0 0.7473469383839983 0.1946308733895421 0.015510204073507339 0.036912751849740744
0 0.7693877546989825 0.18456375924870372 0.015510204073507339 0.04026845656335354
0 0.7779591832659207 0.2046979875303805 0.016326530603691936 0.04697986599057913
0 0.7522448975651059 0.29026845772750676 0.022040816314984113 0.05369127541780472
0 0.7971428567252588 0.24412751791533083 0.018775510194245726 0.05201342306099832
0 0.8065306118223816 0.1929530210327357 0.016326530603691936 0.04026845656335354
0 0.8208163261006121 0.22651006816886365 0.017142857133876532 0.036912751849740744
0 0.8142857138591353 0.29530201479792595 0.018775510194245726 0.06040268484503031
0 0.8416326526203193 0.21392617549281567 0.01795918366406113 0.03859060420654714
0 0.8710204077069648 0.23154362523928285 0.014693877543322742 0.036912751849740744
0 0.8926530607568566 0.23070469906087965 0.013877551013138145 0.04530201363377273
0 0.9020408158539794 0.2592281891265884 0.014693877543322742 0.041946308920159936
0 0.9314285709406249 0.2692953032674268 0.014693877543322742 0.041946308920159936
0 0.9510204076650552 0.24412751791533083 0.014693877543322742 0.041946308920159936
0 0.9844897954026237 0.2625838938402012 0.014693877543322742 0.03859060420654714
0 0.9759183668356854 0.3145973169011995 0.015510204073507339 0.05201342306099832
0 0.9751020403055009 0.36241610907018185 0.017142857133876532 0.05369127541780472
0 0.9416326525679324 0.380033558816649 0.022040816314984113 0.0654362419154495
0 0.9269387750246096 0.3255033572204411 0.015510204073507339 0.05704698013141751
0 0.8861224485153798 0.29446308861952275 0.017142857133876532 0.048657718347385526
0 0.8612244893447496 0.3380872498964891 0.021224489784799516 0.048657718347385526
0 0.8689795913815033 0.3187919477932155 0.022040816314984113 0.05033557070419192
0 0.9599999994970858 0.43791946512646973 0.024489795905537903 0.0637583895586431
