0 0.17008388036629185 0.4967266863095574 0.04193849104922265 0.07037643331568688
0 0.27726002415874973 0.24386252474505454 0.015843429951928556 0.0327332247979939
0 0.2707362588844262 0.27823241078294814 0.017707362887449563 0.02945990231819451
0 0.3229263810790144 0.22013093676650897 0.015843429951928556 0.031096563558094203
0 0.3275862134178169 0.241407532885205 0.01397949701640755 0.031096563558094203
0 0.33504194515990093 0.22667758172610775 0.01397949701640755 0.027823241078294814
0 0.3602050397894345 0.24959083908470348 0.021435228758491576 0.03764320851769298
0 0.3229263810790144 0.27986907202284783 0.021435228758491576 0.0327332247979939
0 0.3583411068539135 0.2274959123460576 0.015843429951928556 0.0327332247979939
0 0.3835042014834471 0.19230769568821415 0.01397949701640755 0.03436988603789359
0 0.3951537823304534 0.2225859286263585 0.018639329355210066 0.03600654727779329
0 0.3923578829271719 0.26432079024380073 0.01677539641968906 0.04418985347729176
0 0.4049394302419387 0.26841244334354997 0.021435228758491576 0.04582651471719146
0 0.4077353296452202 0.18657938134856522 0.01397949701640755 0.02945990231819451
0 0.4212488434277475 0.193126026308164 0.013047530548647046 0.03600654727779329
0 0.4454799715895206 0.17839607514906675 0.014911463484168053 0.02618657983839512
0 0.44967382069444284 0.18739771196851507 0.01397949701640755 0.031096563558094203
0 0.44874185422668234 0.23404255730565637 0.021435228758491576 0.04255319223739207
0 0.4808946973644197 0.2381342104054056 0.024231128161773086 0.04418985347729176
0 0.4603914350736886 0.15384615655057132 0.01118359761312604 0.02291325735859573
0 0.4818266638321802 0.14566285035107285 0.013047530548647046 0.02618657983839512
0 0.48136068059829995 0.19803601002786309 0.015843429951928556 0.02945990231819451
0 0.498136077017989 0.18412438948871568 0.017707362887449563 0.03436988603789359
0 0.49580616084858775 0.2119476305670105 0.020503262290731072 0.03436988603789359
0 0.5153774566715583 0.21522095304680988 0.02236719522625208 0.03764320851769298
0 0.5330848195590079 0.1775777445291169 0.020503262290731072 0.04091653099749237
0 0.5624417632934637 0.1309328991919756 0.01397949701640755 0.02945990231819451
0 0.557315947720781 0.1571194790303707 0.01677539641968906 0.0327332247979939
0 0.5754892938421108 0.1792144057690166 0.017707362887449563 0.04418985347729176
0 0.5969245226006024 0.14975450345082209 0.01397949701640755 0.024549918598495424
0 0.5834110088180751 0.13911620539147407 0.013047530548647046 0.02945990231819451
0 0.6309412986738607 0.13175122981192544 0.01118359761312604 0.027823241078294814
0 0.6640261082793586 0.13175122981192544 0.012115564080886543 0.027823241078294814
0 0.642590879520867 0.14975450345082209 0.015843429951928556 0.027823241078294814
0 0.6155638519558124 0.15548281779047102 0.012115564080886543 0.02945990231819451
0 0.6192917178268544 0.2054009856074117 0.01957129582297057 0.04091653099749237
0 0.5810810926486738 0.2291325735859573 0.023299161694012582 0.04255319223739207
0 0.5200372890103608 0.2986906762816943 0.026095061097294092 0.05073649843689054
0 0.5862069082213566 0.2978723456617445 0.026095061097294092 0.05237315967679024
0 0.623951550165657 0.2446808553650044 0.021435228758491576 0.04746317595709115
0 0.6374650639481843 0.31260229682084173 0.0279589940328151 0.05564648215658963
0 0.6621621753438376 0.20949263870716095 0.01957129582297057 0.03927986975759268
0 0.6840633873362094 0.2135842918069102 0.01677539641968906 0.04091653099749237
0 0.6933830520138144 0.15384615655057132 0.014911463484168053 0.02945990231819451
0 0.7050326328608207 0.144844519731123 0.01397949701640755 0.031096563558094203
0 0.7269338448531926 0.13666121353162453 0.013047530548647046 0.027823241078294814
0 0.7292637610225938 0.16939443832961842 0.015843429951928556 0.03436988603789359
0 0.7250699119176716 0.2054009856074117 0.01677539641968906 0.04418985347729176
0 0.7045666496269405 0.22667758172610775 0.020503262290731072 0.04746317595709115
0 0.6724138064892031 0.24795417784480378 0.01957129582297057 0.04746317595709115
0 0.7143522975384258 0.27332242706324905 0.027027027565054595 0.05237315967679024
0 0.7604846376925707 0.13584288291167468 0.013047530548647046 0.02618657983839512
0 0.7656104532652535 0.1620294627500698 0.01397949701640755 0.03600654727779329
0 0.7819198664510623 0.15630114841042086 0.013047530548647046 0.031096563558094203
0 0.8005591958062723 0.16775777708971873 0.01677539641968906 0.03436988603789359
0 0.8266542569035664 0.15793780965032056 0.013047530548647046 0.027823241078294814
0 0.842497686855495 0.1743044220493175 0.014911463484168053 0.03436988603789359
0 0.8420317036216147 0.20376432436751202 0.01397949701640755 0.03764320851769298
0 0.8918919096468017 0.1653027852298692 0.01118359761312604 0.02945990231819451
0 0.8821062617353164 0.1759410832892172 0.012115564080886543 0.031096563558094203
0 0.8797763455659151 0.19885434064781293 0.01677539641968906 0.03436988603789359
0 0.9119291887036525 0.23076923482585698 0.01957129582297057 0.04909983719699085
0 0.9198509036796167 0.2618657983839512 0.020503262290731072 0.05237315967679024
0 0.8564771838719025 0.25777414528420195 0.018639329355210066 0.04746317595709115
0 0.8247903239680454 0.22831424296600744 0.018639329355210066 0.04091653099749237
0 0.8429636700893752 0.3191489417804405 0.023299161694012582 0.05564648215658963
0 0.7693383191362955 0.2070376468473114 0.017707362887449563 0.04746317595709115
0 0.7562907885876484 0.23649754916550592 0.021435228758491576 0.05400982091668993
0 0.7823858496849425 0.25941080652410164 0.021435228758491576 0.05400982091668993
