0 0.19931774027645588 0.4352640424040146 0.05360623821616173 0.10391822538804263
0 0.25779727287590504 0.2683134507969953 0.018518518656492233 0.03577512677293271
0 0.28508772142231464 0.25383304234128445 0.020467836409807205 0.03407154930755496
0 0.31335282884538174 0.2589437747374177 0.020467836409807205 0.03407154930755496
0 0.32504873536527157 0.27086881699506193 0.020467836409807205 0.037478704238310456
0 0.346978560090065 0.27683133812388405 0.027290448546409607 0.0425894366344437
0 0.3728070203214884 0.27342418319312856 0.022417154163122177 0.039182281703688204
0 0.4059454221278429 0.28364564798539504 0.02436647191643715 0.045996591565199196
0 0.3084795344620943 0.22998295782599598 0.018518518656492233 0.030664394376799464
0 0.3333333358168602 0.22998295782599598 0.01949317753314972 0.03407154930755496
0 0.3796296324580908 0.20102214091457427 0.022417154163122177 0.04088585916906595
0 0.4273879174143076 0.2521294648759067 0.020467836409807205 0.04088585916906595
0 0.46637427248060703 0.2291311690933071 0.022417154163122177 0.04940374649595469
0 0.4215399641543627 0.21720612683566287 0.018518518656492233 0.03577512677293271
0 0.42592592909932137 0.19250425358768553 0.017543859779834747 0.03407154930755496
0 0.4078947398811579 0.17546847893390805 0.01461988314986229 0.027257239446043968
0 0.4537037070840597 0.15843270428013057 0.01656920090317726 0.037478704238310456
0 0.4741715434938669 0.15672912681475282 0.01656920090317726 0.03407154930755496
0 0.5097465924918652 0.1831345775281079 0.017543859779834747 0.03236797184217721
0 0.48148148506879807 0.2061328733107075 0.017543859779834747 0.047700169030576944
0 0.5467836298048496 0.1899488873896189 0.01949317753314972 0.039182281703688204
0 0.5058479569852352 0.12862009863601997 0.015594542026519775 0.028960816911421716
0 0.5151072163134813 0.1345826197648421 0.012670565396547318 0.023850084515288472
0 0.5540935713797808 0.14906302822055295 0.018518518656492233 0.03577512677293271
0 0.5307017583400011 0.15332197188399732 0.01461988314986229 0.030664394376799464
0 0.5964912325143814 0.16269164794357494 0.017543859779834747 0.03236797184217721
0 0.5833333376795053 0.13032367610139772 0.01461988314986229 0.022146507049910724
0 0.6018518563359976 0.10306643665535375 0.01656920090317726 0.028960816911421716
0 0.6150097511708736 0.1243611549725756 0.011695906519889832 0.023850084515288472
0 0.6091617979109287 0.15161839441861957 0.013645224273204803 0.030664394376799464
0 0.6281676460057497 0.14139692962635309 0.01461988314986229 0.023850084515288472
0 0.6476608235388994 0.11243611271493137 0.012670565396547318 0.027257239446043968
0 0.6656920127570629 0.1243611549725756 0.015594542026519775 0.027257239446043968
0 0.5287524405866861 0.2844974367180839 0.02631578966975212 0.05110732396133244
0 0.5594541952013969 0.30664394376799464 0.03118908405303955 0.05792163382284343
0 0.576510725542903 0.2461669437470846 0.02631578966975212 0.045996591565199196
0 0.6281676460057497 0.2129471831722185 0.022417154163122177 0.04429301409982145
0 0.6500974707305431 0.1771720563992858 0.02144249528646469 0.04088585916906595
0 0.661793377250433 0.22998295782599598 0.02144249528646469 0.047700169030576944
0 0.6335282698273659 0.25724019727203995 0.025341130793094635 0.04429301409982145
0 0.655945423990488 0.2717206057277508 0.025341130793094635 0.0425894366344437
0 0.6715399660170078 0.3339011832140386 0.035087719559669495 0.0817717183381319
0 0.7115009799599648 0.2879045916488394 0.03313840180635452 0.06132878875359893
0 0.7119883093982935 0.23339011275675148 0.028265107423067093 0.05792163382284343
0 0.6851851902902126 0.16780238033970818 0.01949317753314972 0.039182281703688204
0 0.7173489332199097 0.19080067612230778 0.01949317753314972 0.04429301409982145
0 0.7339181341230869 0.1601362817455083 0.017543859779834747 0.04088585916906595
0 0.749025346711278 0.15247018315130845 0.01656920090317726 0.03577512677293271
0 0.766081877052784 0.17972742259735242 0.01949317753314972 0.039182281703688204
0 0.7441520523279905 0.19846677471650764 0.018518518656492233 0.03577512677293271
0 0.7504873350262642 0.2461669437470846 0.023391813039779663 0.04940374649595469
0 0.7836257368326187 0.29386711277766153 0.027290448546409607 0.056218056357465684
0 0.7899610195308924 0.34838159166974947 0.04580896720290184 0.08688245073426515
0 0.8625731058418751 0.2981260564411059 0.027290448546409607 0.05792163382284343
0 0.8284600451588631 0.23424190148944035 0.023391813039779663 0.05281090142671019
0 0.7884990312159061 0.19080067612230778 0.02144249528646469 0.04429301409982145
0 0.7714425008744001 0.12521294370526448 0.01656920090317726 0.03236797184217721
0 0.7904483489692211 0.14991481695324183 0.017543859779834747 0.037478704238310456
0 0.8016569260507822 0.1311754648340866 0.018518518656492233 0.03407154930755496
0 0.8104288559406996 0.17206132400315255 0.018518518656492233 0.04088585916906595
0 0.8279727157205343 0.1703577465377748 0.01656920090317726 0.037478704238310456
0 0.8382066339254379 0.14139692962635309 0.013645224273204803 0.037478704238310456
0 0.8542885053902864 0.1805792113300413 0.01656920090317726 0.04088585916906595
0 0.8460039049386978 0.21550254937028512 0.015594542026519775 0.03577512677293271
0 0.8757310006767511 0.24105621135095134 0.022417154163122177 0.056218056357465684
0 0.887426907196641 0.22146507049910724 0.01461988314986229 0.037478704238310456
0 0.8947368487715721 0.1933560423203744 0.013645224273204803 0.028960816911421716
0 0.9156920146197081 0.2725723944604397 0.020467836409807205 0.05110732396133244
0 0.8840156011283398 0.15247018315130845 0.017543859779834747 0.0425894366344437
