0 0.0590238394215703 0.4141716560116038 0.038592510391026735 0.08582834317348897
0 0.10329171898774803 0.4071856280788779 0.038592510391026735 0.08782435115426779
0 0.2309875254286453 0.3303393208188936 0.026106698205694556 0.05389221548102796
0 0.31782067380845547 0.2105788419721648 0.01816118136048317 0.0299401197116822
0 0.33427924441639334 0.21856287389528006 0.019296255195513368 0.03393213567323983
0 0.349602741189301 0.22055888187605888 0.020431329030543566 0.04191616759635508
0 0.38138480857014656 0.19660678610671312 0.015891033690422773 0.025948103750124574
0 0.4324631311465055 0.2095808379817754 0.022701476700603962 0.03992015961557627
0 0.5573212529998273 0.14371257461607456 0.022701476700603962 0.03992015961557627
0 0.6010215956484899 0.06786427134647965 0.012485812185332179 0.02395209576934576
0 0.704880851553753 0.07285429129842669 0.011350738350301981 0.0299401197116822
0 0.6509648443898186 0.1357285426929593 0.01702610752545297 0.031936127692461014
0 0.6390465691220015 0.15269461052957922 0.020431329030543566 0.0299401197116822
0 0.618615240091458 0.1926147701451555 0.015891033690422773 0.03393213567323983
0 0.6997730192961171 0.18263473024126142 0.014755959855392575 0.03393213567323983
0 0.6776390795130283 0.2514970055781305 0.01816118136048317 0.03592814365401864
0 0.5936436157207936 0.2844311372609809 0.02951191971078515 0.04590818355791271
0 0.5261067225364968 0.29141716519370675 0.026106698205694556 0.05189620750024915
0 0.5085130780935287 0.2714570853859186 0.024971624370664358 0.04790419153869152
