0 0.7784210171084851 0.2890995297348127 0.11894736299291253 0.19905213522724807
0 0.5284210285171866 0.21406003431184217 0.03157894592732191 0.052132702083326876
0 0.462631557835266 0.21484992373734713 0.02842105133458972 0.05055292323231697
0 0.43894734838977456 0.25039494788507 0.02736841980367899 0.048973144381307065
0 0.4052631394006312 0.2851500826072879 0.03157894592732191 0.048973144381307065
0 0.38631577184423804 0.3104265442234464 0.03578947205096483 0.07424960599746555
0 0.39526313985697925 0.21327014488633722 0.02842105133458972 0.04423380782827735
0 0.3221052484586835 0.34992101549869403 0.044210524298250675 0.08372827910352498
0 0.31526314350776374 0.27093207294819877 0.03684210358187556 0.06161137518938631
0 0.3131578804459423 0.2069510294822976 0.02631578827276826 0.05371248093433678
0 0.2705263034440577 0.2251184862689115 0.02736841980367899 0.042654028977267444
0 0.21947367419488728 0.29778831341536716 0.041052629705518484 0.07109004829544574
0 0.2373684102203697 0.37282780883833766 0.05368420807644725 0.09162717335857451
0 0.21789472689852118 0.26145339984213933 0.03578947205096483 0.052132702083326876
0 0.17789472872391343 0.2938388662878424 0.03789473511278629 0.0600315963383764
0 0.1526315719820559 0.25118483731057495 0.02736841980367899 0.05055292323231697
0 0.11578946840018034 0.3436019000946544 0.05052631348371506 0.07109004829544574
0 0.13947367784567177 0.42969984747469425 0.06421052338555455 0.116903634974733
0 0.07789473328739405 0.25750395271461457 0.03789473511278629 0.05055292323231697
0 0.020526314852759242 0.233807269949466 0.03684210358187556 0.05371248093433678
