0 0.06426056218333542 0.5715962523827329 0.12323943432420492 0.19953051931224763
0 0.23855633358471096 0.5575117451371625 0.09859154745936394 0.1408450724557042
0 0.3067781632998958 0.4507042318582535 0.034330985276028514 0.049295775359496474
0 0.42869717511348426 0.5874413230339997 0.10387323750182986 0.14671361714135855
0 0.5343309759628028 0.5927230132510886 0.05809859046712518 0.08685446134768426
0 0.5066021032398567 0.5745305247255601 0.04137323866598308 0.06220657366793603
0 0.6205985799897462 0.562206580885686 0.035211266949772835 0.049295775359496474
0 0.6496478752233088 0.45539906760677695 0.024647886864840984 0.044600939610973
0 0.7029049164848402 0.5909624498453923 0.1223591526504606 0.1561032886384055
0 0.8798415329074487 0.5786385060055181 0.04313380201347172 0.07981220772489905
0 0.9154929406940937 0.5921361587825231 0.06514084385707974 0.0856807524105534
0 0.9828344887355343 0.5774647970683873 0.034330985276028514 0.09859155071899295
