0 0.9412681978428736 0.1898148114560172 0.021829521981999278 0.049999999115243554
0 0.9054054117295891 0.2231481441995129 0.014553014654666185 0.0351851845625788
0 0.890332646551542 0.235185181023553 0.017671517794951797 0.04444444365799427
0 0.8357588415965438 0.23981481057126075 0.02286902302876115 0.049999999115243554
0 0.7806652861181647 0.14814814552664757 0.014553014654666185 0.029629629105329514
0 0.7661122714634985 0.13981481234077364 0.014553014654666185 0.03148148092441261
0 0.6528066573664546 0.14629629370756447 0.014553014654666185 0.025925925467163324
0 0.6351351395715028 0.1388888864312321 0.014553014654666185 0.025925925467163324
0 0.4132016660878435 0.21759258874226362 0.017671517794951797 0.0351851845625788
0 0.4178794207982719 0.087962961406447 0.010395010467618704 0.01666666637174785
