0 0.8561151274479926 0.6274271903093904 0.08633093722164631 0.12378640891984105
0 0.10521582973888144 0.5242718495428562 0.03776978503447026 0.058252427726984024
0 0.170863313251175 0.5194174805656075 0.028776979073882103 0.058252427726984024
0 0.20233813411323354 0.5473301021847874 0.055755396955646574 0.0849514571018517
0 0.24910072510829195 0.48665048996917903 0.02338129549752921 0.036407767329365015
0 0.28237410716246814 0.48543689772486687 0.02517985668964684 0.03883495181798935
0 0.3030575608718209 0.5788835005369037 0.06654676410835236 0.09951456403359771
0 0.3372302235220559 0.4951456356793642 0.03776978503447026 0.058252427726984024
0 0.4064748294185847 0.4805825287476182 0.02517985668964684 0.03883495181798935
0 0.40827339061070234 0.5388349564746022 0.043165468610823154 0.06796116568148136
0 0.46582734875846654 0.6031553454231471 0.07553957006894052 0.11407767096534371
0 0.4478417368372902 0.49393204343505204 0.017985611921176314 0.031553398352116346
0 0.47841727710328996 0.47451456752605736 0.021582734305411577 0.031553398352116346
0 0.49010792485205457 0.48179612099193037 0.019784173113293946 0.036407767329365015
0 0.5134892203495838 0.4684466063044965 0.01258992834482342 0.029126213863492012
0 0.5296762710786425 0.4611650528386235 0.016187050729058683 0.024271844886243343
0 0.5620503725367598 0.47451456752605736 0.02338129549752921 0.026699029374867678
0 0.6034172799554653 0.47815534425899386 0.02697841788176447 0.03398058284074068
0 0.6115108053199947 0.5266990340314806 0.03956834622658789 0.06796116568148136
0 0.6546762739308178 0.6140776756219566 0.07194244768470526 0.10679611749947071
0 0.8264388677780516 0.5327669952530414 0.034172662650235 0.05582524323835969
0 0.741906491748523 0.47936893650330603 0.02697841788176447 0.041262136306613684
0 0.7203237574431114 0.47815534425899386 0.016187050729058683 0.03398058284074068
0 0.673561166448053 0.49635922792367637 0.02697841788176447 0.036407767329365015
0 0.6744604470441118 0.42718446999788284 0.010791367152705789 0.024271844886243343
0 0.7104316708864644 0.428398062242195 0.017985611921176314 0.02184466039761901
0 0.7473021753248759 0.4332524312194437 0.019784173113293946 0.02184466039761901
0 0.7886690827435814 0.4696601985488087 0.019784173113293946 0.026699029374867678
0 0.824640306585934 0.4805825287476182 0.019784173113293946 0.029126213863492012
0 0.8426259185071103 0.46359223732724786 0.016187050729058683 0.029126213863492012
0 0.8714028975809924 0.47087379079312086 0.019784173113293946 0.029126213863492012
0 0.8992805960588157 0.47572815977036953 0.017985611921176314 0.029126213863492012
0 0.9109712438075803 0.46359223732724786 0.016187050729058683 0.029126213863492012
0 0.927158294536639 0.45266990712843835 0.019784173113293946 0.031553398352116346
0 0.9496403094381094 0.49271845119073987 0.02517985668964684 0.03883495181798935
0 0.9802158497041091 0.4769417520146817 0.021582734305411577 0.041262136306613684
0 0.8875899483100511 0.421116508776322 0.01258992834482342 0.01699029142037034
0 0.8543165662558749 0.4186893242876977 0.014388489536941051 0.02184466039761901
0 0.8273381483741105 0.413834955310449 0.017985611921176314 0.02184466039761901
0 0.7931654857238755 0.428398062242195 0.017985611921176314 0.02184466039761901
