0 0.045454545761458576 0.33469944435637444 0.050909091252833605 0.07923497050069273
0 0.039090909354854375 0.2868852380197495 0.04181818210054189 0.07103824941441417
0 0.019090909219812602 0.17486338317394257 0.03090909111779183 0.05464480724185705
0 0.1054545461665839 0.2950819591060281 0.032727272948250175 0.06010928796604276
0 0.10454545525135472 0.3934426121413708 0.056363636744208634 0.0983606530353427
0 0.15363636467372999 0.33469944435637444 0.038181818439625204 0.07377048977650702
0 0.2009090922656469 0.3005464398302138 0.03090909111779183 0.06010928796604276
0 0.22909091063775122 0.2950819591060281 0.025454545626416802 0.06010928796604276
0 0.2609090926707722 0.3961748525034636 0.05272727308329195 0.0983606530353427
0 0.29818182019516826 0.45491802028845996 0.05818181857466698 0.11202185484580696
0 0.29181818378856406 0.3374316847184673 0.027272727456875145 0.0519125668797642
0 0.31090909300837666 0.29781419946812093 0.02909090928733349 0.04371584579348564
0 0.3827272753114812 0.31420764164067805 0.03090909111779183 0.05464480724185705
0 0.37454545707441866 0.36065572779625654 0.03636363660916686 0.06010928796604276
0 0.41636363917496055 0.40163933322764933 0.04363636393100023 0.08196721086278558
0 0.4436363666318357 0.46038250101264566 0.050909091252833605 0.09016393194906414
0 0.4827272759866901 0.3415300452616066 0.02363636379595846 0.04918032651767135
0 0.5072727306978777 0.3729508094256744 0.02909090928733349 0.06830600905232131
0 0.5272727308329195 0.3852458910550922 0.032727272948250175 0.06557376869022846
0 0.5627272765268572 0.44398905884008855 0.04181818210054189 0.08469945122487843
0 0.5690909129334614 0.352459006709978 0.025454545626416802 0.04918032651767135
0 0.5700000038486905 0.3224043627269566 0.02363636379595846 0.04918032651767135
0 0.6036363677121699 0.37704916996881366 0.032727272948250175 0.06557376869022846
0 0.6609090953716077 0.3387978048995137 0.027272727456875145 0.04918032651767135
0 0.6854545500827953 0.36202184797730297 0.02909090928733349 0.057377047603949904
0 0.6990909138112329 0.38251365069299936 0.03090909111779183 0.06010928796604276
0 0.6818181864218786 0.44398905884008855 0.04363636393100023 0.07377048977650702
0 0.7290909140137956 0.3415300452616066 0.02909090928733349 0.05464480724185705
0 0.7818181870970875 0.35655736725311726 0.032727272948250175 0.0519125668797642
0 0.7963636417407542 0.39207649196032435 0.032727272948250175 0.06284152832813561
0 0.8272727328585461 0.4303278570296243 0.03636363660916686 0.07377048977650702
0 0.9418181881774217 0.3005464398302138 0.02909090928733349 0.04918032651767135
