0 0.2089728395221755 0.35146442614495754 0.03778040036559105 0.0794979059137404
0 0.2780401339405216 0.2667363948421553 0.017709562671370804 0.03138075233437121
0 0.32644627190893516 0.28033472085371614 0.020070837694220245 0.03765690280124545
0 0.34002360329031944 0.25523011898621917 0.018890200182795525 0.03765690280124545
0 0.42148759157862514 0.28033472085371614 0.018890200182795525 0.041841003112494946
0 0.4368358792271465 0.2259414168074727 0.014167650137096643 0.033472802489995956
0 0.417945679044351 0.21652719110716134 0.018890200182795525 0.035564852645620704
0 0.36245571600738913 0.21129706571809947 0.016528925159946084 0.033472802489995956
0 0.3789846411673352 0.19979078986216336 0.014167650137096643 0.02301255171187222
0 0.4173553602886386 0.1746861879946664 0.012987012625671923 0.027196652023121715
0 0.45808735443279147 0.2144351409515366 0.016528925159946084 0.035564852645620704
0 0.462219585722778 0.19560668955091387 0.015348287648521364 0.027196652023121715
0 0.4415584292728454 0.15794978674966842 0.014167650137096643 0.03138075233437121
0 0.476977554615587 0.13389120995998383 0.009445100091397762 0.016736401244997978
0 0.48642265470698476 0.17364016291685402 0.014167650137096643 0.025104601867496967
0 0.4681227732799016 0.1705020876834169 0.010625737602822483 0.027196652023121715
0 0.45985831069992855 0.15794978674966842 0.012987012625671923 0.02301255171187222
0 0.5365997489425354 0.1631799121387303 0.015348287648521364 0.025104601867496967
0 0.5253836925840005 0.20292886509560049 0.016528925159946084 0.029288702178746462
0 0.5135773174697533 0.13598326011560857 0.016528925159946084 0.029288702178746462
0 0.5560802678810433 0.17154811276122928 0.016528925159946084 0.029288702178746462
0 0.572018874285277 0.15585773659404367 0.012987012625671923 0.03138075233437121
0 0.5519480365910567 0.12447698425967246 0.012987012625671923 0.02301255171187222
0 0.5820542931323871 0.10564853285904974 0.011806375114247203 0.02301255171187222
0 0.6027154495823197 0.11820083379279822 0.010625737602822483 0.03138075233437121
0 0.6782762503135018 0.10146443254780024 0.010625737602822483 0.02301255171187222
0 0.4728453233256005 0.32322174904402345 0.024793387739919126 0.0397489529568702
0 0.542502936499659 0.302301247487776 0.022432112717069685 0.05230125389061868
0 0.5903187557123601 0.3368200750555843 0.030696575297042727 0.050209203734993935
0 0.6658795564435422 0.33054392458871007 0.030696575297042727 0.06276150466874242
0 0.565525367972441 0.24476986820809543 0.018890200182795525 0.04602510342374444
0 0.6009444933151826 0.25523011898621917 0.018890200182795525 0.041841003112494946
0 0.6092089558951557 0.20711296540684998 0.016528925159946084 0.04602510342374444
0 0.6611570063978434 0.2060669403290376 0.021251475205644965 0.04393305326811969
0 0.6676505127106793 0.16004183690529317 0.015348287648521364 0.035564852645620704
0 0.6812278440920636 0.18723848892841488 0.016528925159946084 0.035564852645620704
0 0.6959858129848726 0.21652719110716134 0.022432112717069685 0.04393305326811969
0 0.6995277255191468 0.1464435108937323 0.012987012625671923 0.025104601867496967
0 0.7272727070376277 0.12552300933748484 0.016528925159946084 0.029288702178746462
0 0.7443919509532861 0.11401673348154873 0.015348287648521364 0.03138075233437121
0 0.7390790821518749 0.06694560497999191 0.014167650137096643 0.029288702178746462
0 0.7573789635789581 0.13284518488217145 0.012987012625671923 0.02301255171187222
0 0.7414403571747243 0.15271966136060655 0.016528925159946084 0.025104601867496967
0 0.7319952570833266 0.1663179873721674 0.014167650137096643 0.027196652023121715
0 0.7432113134418614 0.19351463939528912 0.015348287648521364 0.035564852645620704
0 0.7030696380534209 0.2813807459315285 0.027154662762768567 0.05230125389061868
0 0.6517119063064456 0.26464434468653053 0.021251475205644965 0.04393305326811969
0 0.7626918323803693 0.31485354842152447 0.025974025251343846 0.05230125389061868
0 0.8606847458286211 0.22698744188528508 0.018890200182795525 0.04393305326811969
0 0.9114521588198841 0.18514643877279013 0.016528925159946084 0.03138075233437121
0 0.9569067030097358 0.17677823815029114 0.020070837694220245 0.05230125389061868
0 0.8931522773928009 0.13389120995998383 0.010625737602822483 0.025104601867496967
0 0.8754427147214301 0.13284518488217145 0.012987012625671923 0.02301255171187222
0 0.8636363396071829 0.13389120995998383 0.015348287648521364 0.025104601867496967
0 0.8536009207600728 0.1433054356602952 0.009445100091397762 0.027196652023121715
0 0.8465170956915244 0.1548117115162313 0.014167650137096643 0.025104601867496967
0 0.8364816768444143 0.1746861879946664 0.012987012625671923 0.027196652023121715
0 0.8724911209428683 0.182008363539353 0.014167650137096643 0.029288702178746462
0 0.8093270140816458 0.16422593721654266 0.010625737602822483 0.02301255171187222
0 0.8164108391501941 0.13598326011560857 0.015348287648521364 0.025104601867496967
0 0.8040141452802345 0.12970710964873433 0.011806375114247203 0.029288702178746462
0 0.791617451410275 0.14121338550467044 0.012987012625671923 0.02301255171187222
0 0.7898464951431379 0.18410041369497776 0.021251475205644965 0.041841003112494946
