0 0.05749999871477485 0.7833333523012698 0.11249999748542905 0.16333333728834987
0 0.03124999930150807 0.612500014831312 0.05999999865889549 0.11166666937060654
0 0.09437499789055437 0.6366666820831597 0.08624999807216227 0.11666666949167848
0 0.04499999899417162 0.4975000120466575 0.042499999050050974 0.051666667917743325
0 0.08312499814201146 0.49500001198612154 0.03624999918974936 0.05666666803881526
0 0.1099999975413084 0.48583334509748966 0.0274999993853271 0.04500000108964741
0 0.1406249968567863 0.4883333451580256 0.038749999133870006 0.0533333346247673
0 0.11249999748542905 0.459166677785106 0.0274999993853271 0.0383333342615515
0 0.08937499800231308 0.43166667711921036 0.021249999525025487 0.030000000726431608
0 0.07312499836552888 0.44166667736135423 0.023749999469146132 0.03666666755452752
0 0.05874999868683517 0.4533333443105221 0.024999999441206455 0.033333334140479565
0 0.033749999245628715 0.4525000109570101 0.024999999441206455 0.02833333401940763
0 0.029999999329447746 0.41666667675599456 0.014999999664723873 0.023333333898335695
0 0.047499998938292265 0.4216666768770665 0.01749999960884452 0.023333333898335695
0 0.11437499744351953 0.4266666769981384 0.021249999525025487 0.02666666731238365
0 0.12812499713618308 0.40333334309980273 0.016249999636784196 0.02666666731238365
0 0.14499999675899744 0.4075000098673627 0.01749999960884452 0.02833333401940763
0 0.16062499640975147 0.40333334309980273 0.01874999958090484 0.02666666731238365
0 0.15562499652151018 0.4433333440683782 0.026249999413266778 0.04000000096857548
0 0.18499999586492777 0.44083334400784224 0.024999999441206455 0.03500000084750354
0 0.1862499958369881 0.40083334303926677 0.014999999664723873 0.025000000605359674
0 0.21249999525025487 0.4116666766349226 0.014999999664723873 0.02000000048428774
0 0.23812499467749149 0.43250001047272235 0.023749999469146132 0.03500000084750354
0 0.2412499946076423 0.4116666766349226 0.012499999720603228 0.02000000048428774
0 0.2412499946076423 0.3975000096252188 0.01749999960884452 0.021666667191311717
0 0.259374994202517 0.39583334291819483 0.016249999636784196 0.021666667191311717
0 0.27749999379739165 0.4266666769981384 0.02249999949708581 0.03666666755452752
0 0.2881249935599044 0.4116666766349226 0.01874999958090484 0.030000000726431608
0 0.2524999943561852 0.4733333447948098 0.0274999993853271 0.04000000096857548
0 0.21249999525025487 0.5275000127730891 0.0549999987706542 0.07166666840203106
0 0.24499999452382326 0.5791666806908324 0.05999999865889549 0.07166666840203106
0 0.30999999307096004 0.6983333502430469 0.09499999787658453 0.1300000031478703
0 0.3299999926239252 0.5066666789352894 0.042499999050050974 0.05000000121071935
0 0.3087499930988997 0.4908333452185616 0.029999999329447746 0.051666667917743325
0 0.3168749929172918 0.457500011078082 0.026249999413266778 0.0383333342615515
0 0.2737499938812107 0.4741666781483218 0.029999999329447746 0.04500000108964741
0 0.336874992470257 0.457500011078082 0.021249999525025487 0.031666667433455586
0 0.3168749929172918 0.4275000103516504 0.021249999525025487 0.025000000605359674
0 0.28749999357387424 0.3908333427971229 0.012499999720603228 0.015000000363215804
0 0.3024999932385981 0.4000000096857548 0.014999999664723873 0.023333333898335695
0 0.32124999281950295 0.39333334285765886 0.014999999664723873 0.02000000048428774
0 0.34374999231658876 0.41000000992789865 0.019999999552965164 0.02666666731238365
0 0.3637499918695539 0.39333334285765886 0.01749999960884452 0.023333333898335695
0 0.3881249913247302 0.3916666761506349 0.01374999969266355 0.023333333898335695
0 0.3899999912828207 0.4300000104121864 0.0274999993853271 0.03666666755452752
0 0.37437499163206667 0.5141666791168973 0.0437499990221113 0.06500000157393515
0 0.40874999086372554 0.4966666786931455 0.03999999910593033 0.060000001452863216
0 0.43437499029096216 0.43916667730081826 0.028749999357387424 0.0383333342615515
0 0.4187499906402081 0.43333334382623434 0.01749999960884452 0.033333334140479565
0 0.40187499101739377 0.41083334328141063 0.01874999958090484 0.025000000605359674
0 0.41187499079387635 0.4000000096857548 0.016249999636784196 0.02666666731238365
0 0.4256249904865399 0.4066666765138507 0.016249999636784196 0.02666666731238365
0 0.4418749901233241 0.40083334303926677 0.01874999958090484 0.025000000605359674
0 0.44874998996965587 0.380833342554979 0.014999999664723873 0.021666667191311717
0 0.45562498981598765 0.4191666768165305 0.01874999958090484 0.03500000084750354
0 0.47999998927116394 0.43166667711921036 0.024999999441206455 0.04000000096857548
0 0.47187498945277184 0.40333334309980273 0.016249999636784196 0.02666666731238365
0 0.4693749895086512 0.38666667602956295 0.01874999958090484 0.02666666731238365
0 0.46562498959247023 0.4691666780272499 0.033749999245628715 0.05500000133179128
0 0.4356249902630225 0.5883333475794643 0.0662499985191971 0.10333333583548665
0 0.4787499892991036 0.6966666835360229 0.09249999793246388 0.17000000411644578
0 0.5081249886425212 0.47250001144129783 0.04124999907799065 0.05500000133179128
0 0.472499989438802 0.5533333467319608 0.03999999910593033 0.06666666828095913
0 0.5137499885167927 0.537500013015233 0.04999999888241291 0.06500000157393515
0 0.5162499884609133 0.6025000145891681 0.05999999865889549 0.07833333523012698
0 0.5687499872874469 0.533333346247673 0.06499999854713678 0.076666668523103
0 0.5068749886704609 0.4283333437051624 0.021249999525025487 0.033333334140479565
0 0.5162499884609133 0.383333342615515 0.014999999664723873 0.02666666731238365
0 0.5199999883770943 0.3991666763322428 0.014999999664723873 0.021666667191311717
0 0.5312499881256372 0.40083334303926677 0.014999999664723873 0.025000000605359674
0 0.5362499880138785 0.41833334346301854 0.01749999960884452 0.02666666731238365
0 0.5556249875808135 0.4266666769981384 0.026249999413266778 0.043333334382623434
0 0.553749987622723 0.383333342615515 0.01749999960884452 0.02666666731238365
0 0.5987499866168946 0.42416667693760246 0.019999999552965164 0.02833333401940763
0 0.5931249867426232 0.4050000098068267 0.01374999969266355 0.02000000048428774
0 0.6031249865191057 0.4000000096857548 0.016249999636784196 0.02666666731238365
0 0.6174999861977994 0.4058333431603387 0.01749999960884452 0.02833333401940763
0 0.6487499854993075 0.4133333433419466 0.024999999441206455 0.03666666755452752
0 0.6343749858206138 0.5158333458239213 0.0437499990221113 0.07833333523012698
0 0.6437499856110662 0.6183333483058959 0.06749999849125743 0.11666666949167848
0 0.6887499846052378 0.534166679601185 0.04999999888241291 0.07500000181607902
0 0.6656249851221219 0.48500001174397767 0.033749999245628715 0.060000001452863216
0 0.7062499842140824 0.4733333447948098 0.029999999329447746 0.05000000121071935
0 0.6887499846052378 0.4433333440683782 0.024999999441206455 0.043333334382623434
0 0.5237499882932752 0.4500000108964741 0.029999999329447746 0.03666666755452752
0 0.7062499842140824 0.4116666766349226 0.02249999949708581 0.030000000726431608
0 0.6993749843677506 0.3900000094436109 0.01874999958090484 0.033333334140479565
0 0.712499984074384 0.3900000094436109 0.014999999664723873 0.023333333898335695
0 0.7237499838229269 0.3766666757874191 0.01749999960884452 0.030000000726431608
0 0.7312499836552888 0.38750000938307494 0.019999999552965164 0.02833333401940763
0 0.7343749835854396 0.4350000105332583 0.028749999357387424 0.043333334382623434
0 0.7449999833479524 0.4216666768770665 0.0274999993853271 0.04000000096857548
0 0.7687499828170985 0.4050000098068267 0.01749999960884452 0.04000000096857548
0 0.7912499823141843 0.40166667639277875 0.019999999552965164 0.03666666755452752
0 0.8031249820487574 0.44083334400784224 0.033749999245628715 0.04833333450369537
0 0.8399999812245369 0.3983333429787308 0.024999999441206455 0.033333334140479565
0 0.8431249811546877 0.47250001144129783 0.038749999133870006 0.06500000157393515
0 0.8118749818531796 0.5108333457028493 0.04874999891035259 0.07500000181607902
0 0.7624999829567969 0.6341666820226237 0.07749999826774001 0.11166666937060654
0 0.7362499835435301 0.7825000189477578 0.12249999726191163 0.1616666705813259
0 0.9237499793525785 0.5850000141654164 0.06249999860301614 0.1000000024214387
0 0.9318749791709706 0.5150000124704093 0.04874999891035259 0.07000000169500709
0 0.8956249799812213 0.46416667790617794 0.033749999245628715 0.05500000133179128
0 0.8787499803584069 0.4358333438867703 0.024999999441206455 0.0383333342615515
0 0.871249980526045 0.4075000098673627 0.019999999552965164 0.031666667433455586
0 0.8656249806517735 0.38500000932253897 0.016249999636784196 0.030000000726431608
0 0.8368749812943861 0.37166667566634715 0.01874999958090484 0.030000000726431608
0 0.8856249802047387 0.381666675908491 0.016249999636784196 0.02666666731238365
0 0.8912499800790101 0.40250000974629074 0.02249999949708581 0.03500000084750354
0 0.9356249790871516 0.41833334346301854 0.028749999357387424 0.04000000096857548
0 0.9349999791011214 0.45416667766403407 0.0274999993853271 0.041666667675599456
0 0.9356249790871516 0.39583334291819483 0.026249999413266778 0.031666667433455586
0 0.964374978444539 0.4208333435235545 0.028749999357387424 0.041666667675599456
0 0.991249977843836 0.43416667717974633 0.01749999960884452 0.0383333342615515
0 0.9806249780813232 0.3750000090803951 0.021249999525025487 0.033333334140479565
