0 0.1445993046509102 0.6146666600834578 0.14982578554190695 0.25333333062008023
0 0.10714285826543346 0.5119999945163727 0.15156794583890587 0.2399999974295497
0 0.04529616772197187 0.41466666222549975 0.0871080148499459 0.14666666509583592
0 0.3362369373207912 0.16933333151973784 0.09407665603794158 0.16799999820068479
0 0.35365854029078037 0.30533333006314933 0.06968641187995672 0.1359999985434115
0 0.3780487844487652 0.594666660297662 0.1742160296998918 0.271999997086823
0 0.4660278794472106 0.27599999704398215 0.07142857217695564 0.09866666560992599
0 0.552264814148657 0.297333330148831 0.0766550530679524 0.13066666526719928
0 0.637630668701604 0.3386666630394757 0.07317073247395456 0.13333333190530539
0 0.5993031421676278 0.08266666578128934 0.04181184712797403 0.07466666586697102
0 0.7569686490460299 0.321333329891786 0.08885017514694482 0.16799999820068479
0 0.8780487896874547 0.40266666235402226 0.0871080148499459 0.1706666648387909
0 0.9494773618644103 0.5253333277069032 0.10104529722593725 0.25599999725818634
