0 0.1213165389635833 0.484935912565561 0.05869771816651337 0.08205128461122513
0 0.23229562553751748 0.6977564320259262 0.16183459947933443 0.23717949457932264
0 0.19427281215030234 0.5621795047190972 0.07723383969278075 0.11217949067940935
0 0.3521863089990802 0.6096154036349617 0.09600760380271822 0.16923077451065183
0 0.33246197455446236 0.5275641190237366 0.05655893491348252 0.07692307932302356
0 0.34874049153586384 0.2788461625459604 0.043013307644287124 0.060256412136368454
0 0.47587927379936446 0.8560897702991497 0.20651140520931222 0.2794871882069856
0 0.6213165350054624 0.5740384794480633 0.07580798419076018 0.09807692613685504
0 0.6251188163441839 0.5294871960068122 0.06392585500725545 0.08525641291635111
0 0.6611216677702032 0.4823718099214602 0.051330798072740436 0.08525641291635111
0 0.8868821222567931 0.776442331916769 0.1673003789037466 0.25032052063033916
0 0.8597908677184023 0.5349359141255263 0.08032319328049198 0.11410256766248494
0 0.9525902966415742 0.5346154012950137 0.06249999950523488 0.1032051314250566
0 0.9454610191314714 0.500480784845422 0.05869771816651337 0.08301282310276292
