0 0.8825000213691965 0.25318066240288317 0.05500000133179128 0.09414758300408721
0 0.46250001119915396 0.3829516551923007 0.031666667433455586 0.05343511467799544
0 0.38666667602956295 0.394402036909014 0.04000000096857548 0.06615776102989912
0 0.3508333418285474 0.3816793905571103 0.025000000605359674 0.05597964394837618
0 0.29500000714324415 0.41221374180167913 0.04000000096857548 0.05597964394837618
0 0.28583334025461227 0.37277353811077774 0.02833333401940763 0.0432569975964725
0 0.21000000508502126 0.38804071373306215 0.03666666755452752 0.058524173218756914
0 0.11250000272411853 0.3778625966515392 0.02833333401940763 0.03307888051494956
0 0.1458333368645981 0.6106870248913765 0.14833333692513406 0.21374045871198177
0 0.020833333837799728 0.4681933857500553 0.0383333342615515 0.11704834643751383
0 0.06250000151339918 0.3982188308145851 0.03500000084750354 0.04834605613723397
0 0.016666667070239782 0.38040712592191994 0.023333333898335695 0.05343511467799544
