0 0.13181818270822987 0.46584698173683137 0.06000000040512532 0.10109289339743555
0 0.127272728132084 0.3319672039942816 0.04000000027008355 0.07923497050069273
0 0.2909090928733349 0.4480874193832278 0.06909090955741704 0.12021857593208551
0 0.2718181836535223 0.35109288652893156 0.04909090942237526 0.08469945122487843
0 0.3327272749738768 0.2868852380197495 0.03636363660916686 0.07650273013859987
0 0.3727272752439603 0.35519124707207084 0.05454545491375029 0.08743169158697128
0 0.39363636629423127 0.4221311359433457 0.06727272772695869 0.10655737412162125
0 0.4236363664967939 0.22677595005370677 0.03636363660916686 0.07103824941441417
0 0.4500000030384399 0.32377048290800303 0.04909090942237526 0.07923497050069273
0 0.5390909127308987 0.37158468924462795 0.063636364066042 0.1092896144837141
0 0.6545454589650035 0.352459006709978 0.06181818223558366 0.1092896144837141
0 0.8518181875697337 0.5081967073492706 0.20909091050270945 0.333333324175328
