0 0.09375 0.5195312654832378 0.056640625 0.07812500232830644
0 0.02978515625 0.6406250190921128 0.0517578125 0.13020833721384406
0 0.208984375 0.6022135596140288 0.072265625 0.09765625291038305
0 0.21728515625 0.5358073076349683 0.0439453125 0.08203125244472176
0 0.3173828125 0.5429687661817297 0.048828125 0.08072916907258332
0 0.37939453125 0.6484375193249434 0.0986328125 0.1380208374466747
0 0.5703125 0.7174479380482808 0.10546875 0.15625000465661287
0 0.5830078125 0.5651041835080832 0.068359375 0.10937500325962901
0 0.79443359375 0.6686198115930893 0.1064453125 0.1184895868645981
0 0.76806640625 0.5305989741464145 0.0556640625 0.09765625291038305
0 0.95166015625 0.6100260598468594 0.0888671875 0.12109375360887498
