0 0.08011049358174205 0.36607144970912486 0.038674031384289265 0.07341270265169442
0 0.2745856228284538 0.20535715471487492 0.016574584878981113 0.03769841487519443
0 0.31491711270064116 0.24305556959006935 0.02209944650530815 0.04960317746736109
0 0.31270716805011034 0.20238096406683326 0.015469612553715706 0.0317460335791111
0 0.32872926676645875 0.2043650911655277 0.014364640228450298 0.03571428777649999
0 0.33093921141698956 0.17361112113576382 0.01878452952951193 0.04166666907258332
0 0.3668508119881153 0.1726190575864166 0.01767955720424652 0.03571428777649999
0 0.37292815977707505 0.21626985375769436 0.01878452952951193 0.04761905036866665
0 0.3817679383791983 0.20039683696813881 0.016574584878981113 0.03571428777649999
0 0.4071823018603027 0.22023810795508325 0.01878452952951193 0.04365079617127776
0 0.3773480490781367 0.1547619136981666 0.016574584878981113 0.027777779381722212
0 0.41767953895032406 0.15079365950077772 0.01767955720424652 0.03571428777649999
0 0.4243093729019165 0.13690476980991662 0.015469612553715706 0.0317460335791111
0 0.43370163766667247 0.18452382017858326 0.020994474180042744 0.03571428777649999
0 0.41602208046242595 0.18353175662923604 0.01878452952951193 0.04166666907258332
0 0.441988930106163 0.22619048925116658 0.019889501854777336 0.04365079617127776
0 0.4535911395214498 0.17956350243184716 0.01878452952951193 0.04166666907258332
0 0.4535911395214498 0.1359127062605694 0.014364640228450298 0.03769841487519443
0 0.47182318288832903 0.11706349882297218 0.01325966790318489 0.027777779381722212
0 0.47513809986412525 0.13293651561252773 0.01325966790318489 0.0317460335791111
0 0.47624307218939066 0.17956350243184716 0.01767955720424652 0.04166666907258332
0 0.5243093683384359 0.1587301678955555 0.016574584878981113 0.039682541973888874
0 0.4966850602068007 0.13293651561252773 0.014364640228450298 0.0317460335791111
0 0.4955800878815353 0.10317460913211107 0.012154695577919483 0.027777779381722212
0 0.5348066054284573 0.1408730240073055 0.01325966790318489 0.0317460335791111
0 0.525966826826334 0.11607143527362496 0.01325966790318489 0.03373016067780554
0 0.5453038425184786 0.12599207076709718 0.012154695577919483 0.029761906480416656
0 0.5602209689095616 0.16964286693837494 0.015469612553715706 0.04166666907258332
0 0.5629833997227252 0.14384921465534717 0.014364640228450298 0.029761906480416656
0 0.5635358858853579 0.12301588011905551 0.01325966790318489 0.027777779381722212
0 0.5453038425184786 0.10714286332949996 0.012154695577919483 0.019841270986944437
0 0.5867403047159314 0.15575397724751383 0.015469612553715706 0.03769841487519443
0 0.5961325694806874 0.1448412782046944 0.012154695577919483 0.023809525184333324
0 0.6033148895949125 0.12103175302036107 0.015469612553715706 0.023809525184333324
0 0.5977900279685855 0.09821429138537496 0.011049723252654076 0.02182539808563888
0 0.6193369883112609 0.08928571944124997 0.009944750927388668 0.023809525184333324
0 0.6320441700518131 0.09920635493472219 0.011049723252654076 0.027777779381722212
0 0.6226519052870572 0.12103175302036107 0.014364640228450298 0.027777779381722212
0 0.6325966562144458 0.13492064271122217 0.016574584878981113 0.03571428777649999
0 0.6563535612076521 0.12301588011905551 0.015469612553715706 0.0317460335791111
0 0.6629833951592445 0.09821429138537496 0.01325966790318489 0.025793652283027768
0 0.6740331184118986 0.0952381007373333 0.01325966790318489 0.0317460335791111
0 0.7005524542182684 0.10317460913211107 0.01325966790318489 0.0317460335791111
0 0.675138090737164 0.12400794366840273 0.015469612553715706 0.029761906480416656
0 0.7044198573566973 0.15972223144490272 0.01878452952951193 0.03769841487519443
0 0.6651933398097754 0.1765873117838055 0.024309391155838966 0.04365079617127776
0 0.6237568776123226 0.19642858277074993 0.020994474180042744 0.04761905036866665
0 0.6353590870276093 0.22023810795508325 0.024309391155838966 0.04761905036866665
0 0.5961325694806874 0.21230159956030548 0.02320441883057356 0.04365079617127776
0 0.660220964346081 0.24206350604072213 0.020994474180042744 0.04365079617127776
0 0.6906077032908797 0.23710318829398602 0.024309391155838966 0.04960317746736109
0 0.7121546636335552 0.31150795449502766 0.034254142083227634 0.07142857555299997
0 0.7491712365299463 0.34325398807413876 0.030939225107431412 0.0634920671582222
0 0.783425378613174 0.27876985736656934 0.024309391155838966 0.05753968586213887
0 0.7558010704815388 0.23015874344855547 0.02209944650530815 0.04761905036866665
0 0.7381215132772923 0.2182539808563888 0.019889501854777336 0.051587304566055536
0 0.7359115686267614 0.15773810434620827 0.01767955720424652 0.04166666907258332
0 0.7303867070004344 0.12896826141513884 0.015469612553715706 0.03571428777649999
0 0.753591125831008 0.11309524462558329 0.015469612553715706 0.03571428777649999
0 0.768508252222091 0.10813492687884718 0.012154695577919483 0.029761906480416656
0 0.7861878094263375 0.12500000721774995 0.014364640228450298 0.0317460335791111
0 0.7988949911668897 0.1180555623723194 0.01325966790318489 0.03373016067780554
0 0.7972375326789916 0.1498015959514305 0.014364640228450298 0.03373016067780554
0 0.7928176433779299 0.19246032857336104 0.020994474180042744 0.04761905036866665
0 0.7635358767583966 0.18353175662923604 0.015469612553715706 0.03373016067780554
0 0.8348065917380154 0.2410714424913749 0.020994474180042744 0.05357143166474998
0 0.8237568684853613 0.1954365192214027 0.020994474180042744 0.04166666907258332
0 0.8248618408106267 0.1269841343164444 0.012154695577919483 0.023809525184333324
0 0.8464088011533022 0.13095238851383328 0.015469612553715706 0.03571428777649999
0 0.8707181923091412 0.16170635854359716 0.01325966790318489 0.03373016067780554
0 0.8906076941639185 0.22519842570181936 0.019889501854777336 0.04960317746736109
0 0.9011049312539399 0.21031747246161103 0.014364640228450298 0.03571428777649999
0 0.9011049312539399 0.1636904856422916 0.014364640228450298 0.03769841487519443
0 0.9127071406692266 0.14384921465534717 0.01325966790318489 0.045634923269972205
0 0.902762389741838 0.3134920815937221 0.030939225107431412 0.06746032135561109
0 0.8303867024369538 0.16567461274098605 0.016574584878981113 0.029761906480416656
0 0.9287292393855751 0.254960332182236 0.01878452952951193 0.03769841487519443
0 0.9287292393855751 0.2093254089122638 0.016574584878981113 0.04166666907258332
0 0.9403314488008618 0.19444445567205548 0.01767955720424652 0.03571428777649999
0 0.9430938796140254 0.15178572305012494 0.014364640228450298 0.03373016067780554
