0 0.10667461197590455 0.7071428610943258 0.09415971336420625 0.15000000083819032
0 0.27830750722205266 0.6705357180326246 0.05125148955266923 0.0767857147147879
0 0.14898688823450357 0.7401785755646415 0.05482717487029731 0.11250000062864274
0 0.3557806891039945 0.7517857184866443 0.08224076230544597 0.12857142928987741
0 0.4058402835507877 0.6366071464144625 0.04648390912916511 0.08035714330617338
0 0.4719904619269073 0.6517857179278508 0.05959475529380143 0.08214285760186613
0 0.4553039304446429 0.5044642885331996 0.03814064338803291 0.06964285753201693
0 0.5715137032675557 0.6589285751106218 0.05125148955266923 0.08571428619325161
0 0.5768772312439978 0.8026785759138875 0.1168057203758508 0.1875000010477379
0 0.39809296536259353 0.9053571479162201 0.14779499312862754 0.13571428647264838
0 0.6406436194083653 0.7089285753900185 0.07270560145843774 0.11785714351572096
0 0.5882002347498201 0.6285714320838451 0.03933253849390894 0.06428571464493871
0 0.6585220459965058 0.6151785748661496 0.04886769934091717 0.08035714330617338
0 0.7187127488432452 0.6241071463446133 0.0500595944467932 0.08035714330617338
0 0.7675804481841624 0.6803571466589347 0.06436233571730554 0.09642857196740806
0 0.7556614971254021 0.6133928605704568 0.0333730629645288 0.051785714575089514
0 0.794994035619311 0.6125000034226105 0.04290822381153703 0.07142857182770967
0 0.8122765146545134 0.5642857174389064 0.036948748282156885 0.053571428870782256
0 0.9094159657834098 0.584821431839373 0.03814064338803291 0.06250000034924597
0 0.9237187070539221 0.6419642893015407 0.03814064338803291 0.0767857147147879
0 0.9582836651243269 0.6276785749359988 0.04767580423504114 0.1410714293597266
