0 0.06865079459385015 0.5352422829600982 0.04841269907774404 0.10425844194833189
0 0.26388889251393266 0.22246695711510256 0.021428571722935885 0.03671071899589151
0 0.3166666710167192 0.20778266951674595 0.01746031770016998 0.03377386147622019
0 0.3198412742349319 0.18281938059953973 0.019047619309276342 0.03964757651556283
0 0.34404762377380393 0.20044052571756765 0.01825396850472316 0.045521291554905474
0 0.3623015922785271 0.18869309563888237 0.019841270113829523 0.03671071899589151
0 0.3738095289445482 0.1703377361409366 0.01587301609106362 0.03524229023605585
0 0.4170634977926966 0.15932452044216916 0.01825396850472316 0.04258443403523415
0 0.4035714341152925 0.20704845513682812 0.0166666668956168 0.03817914775572717
0 0.3710317511286121 0.2356828159536235 0.02619047655025497 0.048458149074576795
0 0.4420634981361218 0.2672540342900902 0.023809524136595428 0.046989720314741135
0 0.4365079425042495 0.17694566556019709 0.019047619309276342 0.04258443403523415
0 0.45992064123856835 0.14977973350323737 0.01825396850472316 0.03230543271638453
0 0.47658730813418515 0.13069015962537378 0.015079365286510438 0.026431717677041888
0 0.4833333399728872 0.14610866160364822 0.01746031770016998 0.03377386147622019
0 0.5039682608912699 0.13215858838520944 0.014285714481957257 0.026431717677041888
0 0.5007936576730572 0.18281938059953973 0.01746031770016998 0.03671071899589151
0 0.48095238755922765 0.20484581199707463 0.019047619309276342 0.03964757651556283
0 0.5337301660620142 0.19236416753847152 0.01825396850472316 0.03524229023605585
0 0.5376984200847801 0.14023494656430557 0.019841270113829523 0.03671071899589151
0 0.5603174680145457 0.14023494656430557 0.01587301609106362 0.03377386147622019
0 0.5623015950259287 0.11380322888726369 0.0166666668956168 0.03083700395654887
0 0.5817460397374816 0.12334801582619548 0.019047619309276342 0.03230543271638453
0 0.6003968336444814 0.11306901450734586 0.0166666668956168 0.02936857519671321
0 0.6123015957127791 0.15418501978274435 0.011904762068297714 0.03230543271638453
0 0.5976190558285452 0.17180616490077227 0.01587301609106362 0.03524229023605585
0 0.6214285799651407 0.17107195052085444 0.01587301609106362 0.03671071899589151
0 0.6210317545628641 0.1358296602847986 0.019841270113829523 0.03377386147622019
0 0.6369047706539277 0.10866372822783887 0.015079365286510438 0.03817914775572717
0 0.6535714375495445 0.11820851516677067 0.011904762068297714 0.03377386147622019
0 0.6547619137563743 0.16152716358192265 0.012698412872850895 0.03230543271638453
0 0.6563492153654806 0.22173274273518473 0.019047619309276342 0.052863435354083776
0 0.616269849735545 0.2503671035519801 0.02619047655025497 0.04258443403523415
0 0.567857150657801 0.30469896766589954 0.023015873332042247 0.06020557915326208
0 0.6083333416900132 0.32452275592368096 0.02460317494114861 0.0558002928737551
0 0.6634920726064593 0.35095447360072285 0.02698412735480815 0.0558002928737551
0 0.6726190568588208 0.12114537268644199 0.013492063677404076 0.03377386147622019
0 0.6873015967430547 0.1358296602847986 0.01746031770016998 0.03377386147622019
0 0.7186508035229053 0.13436123152496293 0.015079365286510438 0.03671071899589151
0 0.7158730257069692 0.18502202373929322 0.01746031770016998 0.03230543271638453
0 0.7178571527183522 0.23494860157370567 0.01825396850472316 0.052863435354083776
0 0.7420635022572242 0.1747430224204436 0.019047619309276342 0.03817914775572717
0 0.7623015977733303 0.17107195052085444 0.0166666668956168 0.03671071899589151
0 0.7821428678871598 0.14904551912331954 0.015079365286510438 0.03083700395654887
0 0.7817460424848832 0.18135095183970407 0.01587301609106362 0.03964757651556283
0 0.7468254070845433 0.20704845513682812 0.020634920918382704 0.044052862795069814
0 0.7678571534052026 0.24669603165239096 0.01825396850472316 0.044052862795069814
0 0.723809533752501 0.36343611805932596 0.02698412735480815 0.0631424366729334
0 0.8099206460465211 0.17107195052085444 0.01825396850472316 0.03671071899589151
0 0.8337301701831166 0.18869309563888237 0.015079365286510438 0.03671071899589151
0 0.8170635032874998 0.20778266951674595 0.0166666668956168 0.04258443403523415
0 0.8007936617941596 0.22393538587493822 0.019047619309276342 0.048458149074576795
0 0.8186508048966061 0.2621145336306654 0.021428571722935885 0.05433186411391944
0 0.8019841380009893 0.39720997953554615 0.027777778159361333 0.07488986675161868
0 0.8567460435151588 0.4566813443088904 0.027777778159361333 0.0704845804721117
0 0.8674603293766268 0.31644639774458483 0.020634920918382704 0.051395006594248116
0 0.8932539805246051 0.36049926053965464 0.023015873332042247 0.06020557915326208
0 0.8746031866176054 0.19970631133764982 0.014285714481957257 0.03817914775572717
0 0.8698412817902863 0.21512481331592426 0.01587301609106362 0.03671071899589151
0 0.8908730281109456 0.2503671035519801 0.0166666668956168 0.045521291554905474
0 0.9075396950065624 0.21439059893600643 0.013492063677404076 0.03524229023605585
0 0.9103174728224985 0.1967694538179785 0.01587301609106362 0.03817914775572717
0 0.9464285844296683 0.20558002637699246 0.013492063677404076 0.03524229023605585
0 0.9376984255795833 0.23274595843395218 0.015079365286510438 0.03671071899589151
0 0.9242063619021792 0.2966226094868034 0.01825396850472316 0.0558002928737551
0 0.9452381082228385 0.33406754286261275 0.020634920918382704 0.06020557915326208
0 0.980555569025455 0.22540381463477388 0.011904762068297714 0.02790014643687755
0 0.9765873150026891 0.2569750329712406 0.011904762068297714 0.03524229023605585
0 0.9773809658072423 0.28267253626836464 0.013492063677404076 0.03671071899589151
0 0.9793650928186253 0.31938325526425615 0.014285714481957257 0.045521291554905474
0 0.9543650924752001 0.4074889808543958 0.019841270113829523 0.0631424366729334
