0 0.3872549064690247 0.4779411820345558 0.035947712836787105 0.04411764757242054
0 0.9632353053311817 0.7933006628300063 0.0735294126207009 0.09885621030116454
0 0.928104585967958 0.8705065460817423 0.11764706019312143 0.13316993619082496
0 0.493872554769041 0.8641748466616264 0.109477125457488 0.15236928281956352
0 0.6313317066960735 0.7679738651495427 0.10171568745863624 0.12336601450806484
0 0.7559232114144834 0.655637262534583 0.04779411820345558 0.05882353009656072
0 0.7254902045242488 0.6080473926995182 0.04493464104598388 0.051062092097708955
0 0.6401143865368795 0.6333741903799819 0.04983660188736394 0.055964052939089015
0 0.6160130790667608 0.5855800721765263 0.04493464104598388 0.0518790855712723
0 0.5022467378730653 0.6738153673213674 0.06903594851610251 0.08292483756667934
0 0.5181781106075505 0.6149918372248067 0.048611111677018926 0.05269607904483564
0 0.5392156925518066 0.5725081765995128 0.04493464104598388 0.043709150835638866
0 0.36070261857821606 0.5980392226483673 0.04656862799311057 0.050653595360927284
0 0.3745915076287929 0.6478758245357312 0.05882353009656072 0.05882353009656072
0 0.29452614721958525 0.7081290932110278 0.08006536040920764 0.08537581798736937
0 0.14869281218852848 0.6548202690610196 0.07679738651495427 0.08088235388277099
0 0.04350490246724803 0.7802287672529928 0.08374183104024269 0.1584967338712886
0 0.25163398985750973 0.5974264775431948 0.05800653662299737 0.06576797462184913
0 0.2606209180667065 0.5600490261276718 0.045751634519547224 0.040849673678167164
0 0.10620915156323463 0.5543300718127284 0.04411764757242054 0.04493464104598388
0 0.03799019652069546 0.5420751697092783 0.03513071936322376 0.040849673678167164
0 0.10273692930059042 0.531250006184564 0.038807189994258806 0.038807189994258806
0 0.15808823713450693 0.5263480453431839 0.035947712836787105 0.04289215736207552
