0 0.13039796508383006 0.5332390485564247 0.04064352158457041 0.07355021359398961
0 0.22650295883067884 0.34299859224120155 0.01439458056120202 0.029702970874495804
0 0.2535986398870591 0.36421500000869855 0.017781540693249553 0.041018388350494206
0 0.2891617212735582 0.30834512622095644 0.01439458056120202 0.028288543689996004
0 0.28323454104247503 0.38967468932969496 0.017781540693249553 0.029702970874495804
0 0.3378492731717415 0.36138614563969895 0.02201524085830897 0.041018388350494206
0 0.35647755389800295 0.33380481554195285 0.015241320594213903 0.031117398058995605
0 0.3547840738319792 0.30339463107520714 0.015241320594213903 0.024045262136496603
0 0.3933107453340199 0.26732673787046224 0.01439458056120202 0.025459689320996404
0 0.41617272622534074 0.27652051456971094 0.012701100495178252 0.021216407767497003
0 0.4127857660932932 0.33875531068770215 0.01947502075927332 0.032531825243495405
0 0.3823031249048654 0.35360679612495005 0.017781540693249553 0.031117398058995605
0 0.40812869591172785 0.30622348544420674 0.013547840528190136 0.026874116505496204
0 0.4301439367700368 0.26449788350146264 0.011854360462166369 0.022630834951996803
0 0.4483488474797923 0.26944837864721194 0.012701100495178252 0.024045262136496603
0 0.4521591776283458 0.34794908738695085 0.018628280726261437 0.028288543689996004
0 0.4784081186517142 0.31329562136670575 0.01693480066023767 0.026874116505496204
0 0.4788314886682201 0.27015559223946184 0.016088060627225786 0.025459689320996404
0 0.46994071832159534 0.25318246602546424 0.015241320594213903 0.022630834951996803
0 0.4758678985526785 0.24328147573396564 0.013547840528190136 0.019801980582997203
0 0.5186282702197786 0.26874116505496204 0.01439458056120202 0.028288543689996004
0 0.530906000698451 0.27934936893871054 0.013547840528190136 0.029702970874495804
0 0.5609652718703728 0.28288543689996004 0.016088060627225786 0.028288543689996004
0 0.5503810214577243 0.26520509709371254 0.013547840528190136 0.024045262136496603
0 0.5639288619859144 0.23550212621921673 0.013547840528190136 0.024045262136496603
0 0.5787468125636224 0.22772277670446783 0.012701100495178252 0.022630834951996803
0 0.5863674728607293 0.26732673787046224 0.012701100495178252 0.025459689320996404
0 0.6100761937850621 0.25742574757896364 0.01439458056120202 0.025459689320996404
0 0.6126164138840977 0.23338048544246703 0.012701100495178252 0.022630834951996803
0 0.618120224098675 0.21570014563621953 0.013547840528190136 0.024045262136496603
0 0.646486015204573 0.25459689320996404 0.01439458056120202 0.025459689320996404
0 0.6494496053201146 0.22842999029671773 0.013547840528190136 0.021216407767497003
0 0.68331920664059 0.21711457282071933 0.011854360462166369 0.021216407767497003
0 0.6871295367891435 0.23974540777271613 0.011007620429154485 0.021216407767497003
0 0.6964436771522742 0.23196605825796723 0.012701100495178252 0.025459689320996404
0 0.6350550247589126 0.22560113592771813 0.011854360462166369 0.015558699029497802
0 0.5050804296915885 0.33734088350320235 0.01947502075927332 0.032531825243495405
0 0.486875518981833 0.41301273787394166 0.025402200990356505 0.04526166990399361
0 0.5444538412266411 0.43422914564143866 0.027095681056380272 0.05091937864199281
0 0.5491109114082064 0.36562942719319835 0.021168500825297087 0.041018388350494206
0 0.5948348731908482 0.46251768933143467 0.029635901155415922 0.06223479611799121
0 0.6473327552375849 0.46958982525393367 0.03132938122143969 0.06223479611799121
0 0.7125317377795 0.5431400388479233 0.03640982141951099 0.06506365048699081
0 0.8374258926487528 0.5268741262261756 0.03386960132047534 0.07213578640948981
0 0.944538506824756 0.47383310680743307 0.029635901155415922 0.05657708737999201
0 0.9276037061645184 0.44413013593293726 0.01947502075927332 0.033946252427995205
0 0.8569009134080261 0.47666196117643267 0.03386960132047534 0.05657708737999201
0 0.8005927012127358 0.42220651457319036 0.027942421089392155 0.04667609708849341
0 0.8289584923186339 0.36562942719319835 0.02201524085830897 0.043847242719493806
0 0.8700253839197103 0.40594060195144266 0.02455546095734462 0.05091937864199281
0 0.9508890570723452 0.40806224272819236 0.018628280726261437 0.038189533981494606
0 0.9369178465276491 0.32885432039620355 0.01439458056120202 0.029702970874495804
0 0.9504656870558392 0.31471004855120555 0.01439458056120202 0.026874116505496204
0 0.9585097173694521 0.29278642719145864 0.013547840528190136 0.022630834951996803
0 0.9149026056693401 0.29349364078370854 0.016088060627225786 0.032531825243495405
0 0.8882302946294658 0.34229137864895165 0.01693480066023767 0.033946252427995205
0 0.9093987954547629 0.32956153398845345 0.013547840528190136 0.025459689320996404
0 0.8632514636556152 0.32956153398845345 0.016088060627225786 0.031117398058995605
0 0.87214223400224 0.28076379612321034 0.015241320594213903 0.032531825243495405
0 0.8983911750256084 0.26096181554021314 0.011854360462166369 0.024045262136496603
0 0.8640982036886271 0.26379066990921274 0.012701100495178252 0.018387553398497403
0 0.836155782599235 0.30975955340545624 0.016088060627225786 0.028288543689996004
0 0.8382726326817647 0.27510608738521114 0.015241320594213903 0.026874116505496204
0 0.8259949022030924 0.25176803884096444 0.01439458056120202 0.025459689320996404
0 0.7917019308661111 0.28712871845345944 0.015241320594213903 0.033946252427995205
0 0.8005927012127358 0.26944837864721194 0.01439458056120202 0.026874116505496204
0 0.7955122610146645 0.24469590291846544 0.012701100495178252 0.028288543689996004
0 0.7514817792980466 0.25388967961771414 0.01439458056120202 0.032531825243495405
0 0.7595258096116595 0.24540311651071534 0.013547840528190136 0.026874116505496204
0 0.7188822880270891 0.25813296117121354 0.015241320594213903 0.032531825243495405
0 0.7150719578785356 0.30339463107520714 0.017781540693249553 0.032531825243495405
0 0.6816257265745662 0.28359265049220994 0.015241320594213903 0.032531825243495405
0 0.690093126904685 0.31824611651245505 0.018628280726261437 0.036775106796994805
0 0.7036409674328752 0.36209335923194885 0.02201524085830897 0.04526166990399361
0 0.7345469786378089 0.40523338835919276 0.021168500825297087 0.04667609708849341
0 0.6663844059803523 0.36633664078544825 0.023708720924332738 0.039603961165994406
0 0.6219305542472284 0.37765205826144665 0.01947502075927332 0.031117398058995605
0 0.6447925351385493 0.30905233981320634 0.01439458056120202 0.029702970874495804
0 0.6109229338180739 0.33521924272645265 0.01947502075927332 0.031117398058995605
