0 0.14023437708965503 0.4572916905162856 0.07109375105937943 0.08750000456348062
0 0.255468753806781 0.4635416908422485 0.04218750062864274 0.058333336375653744
0 0.2570312538300641 0.3895833536516875 0.03906250058207661 0.05000000260770321
0 0.38789063078002073 0.6291666994802654 0.08828125131549314 0.12708333996124566
0 0.44296875660074875 0.4994791927165352 0.048437500721774995 0.08229167095851153
0 0.4445312566240318 0.4390625228988938 0.03593750053551048 0.05937500309664756
0 0.4390625065425411 0.3953125206171535 0.029687500442378223 0.044791669002734125
0 0.5175781327125151 0.42291668872348964 0.05390625080326572 0.06666667014360428
0 0.5289062578813173 0.36770835251081735 0.037500000558793545 0.06041666981764138
0 0.5605468833527993 0.489062525506597 0.05078125075669959 0.08229167095851153
0 0.6218750092666596 0.6161458654678427 0.09062500135041773 0.13437500700820237
0 0.6238281342957634 0.29479168204125017 0.02890625043073669 0.03541666851378977
0 0.8105468870780896 0.3833333533257246 0.03984375059371814 0.054166669491678476
0 0.8929687633062713 0.37968751980224624 0.03906250058207661 0.05729166965465993
