0 0.20593779266346246 0.34584013372659683 0.04806786007247865 0.08809135481715202
0 0.30442978045903146 0.24061990436166525 0.01696512708440423 0.04078303463757038
0 0.31950989342294633 0.2650897251442075 0.01885014120489359 0.04730832017958164
0 0.33883128815796226 0.2691680286079645 0.023562676506116986 0.042414356023073196
0 0.33506125991698354 0.2145187621936202 0.014137605903670192 0.03425774909555912
0 0.3534401475917548 0.21941272635012865 0.01885014120489359 0.03425774909555912
0 0.3619227111339569 0.2365416008979082 0.01696512708440423 0.029363784939050674
0 0.3878416552906856 0.2243066905066371 0.023562676506116986 0.03752039186656475
0 0.39443920471239835 0.19738988764584064 0.023562676506116986 0.032626427710056305
0 0.43119698006194085 0.21778140496462584 0.01979264826513827 0.03425774909555912
0 0.4387370365438983 0.27814029622823 0.027332704747095704 0.04730832017958164
0 0.4340245012426749 0.17618270963430405 0.01790763414464891 0.032626427710056305
0 0.4533458959776908 0.18597063794732094 0.020735155325382948 0.039151713252067566
0 0.46418472717050463 0.21207178011536598 0.01790763414464891 0.042414356023073196
0 0.4736097977729514 0.18923328071832657 0.01602262002415955 0.035889070481061935
0 0.45947219186928123 0.16802610270678997 0.01602262002415955 0.029363784939050674
0 0.4627709665801376 0.14763458538800478 0.015080112963914871 0.02446982078254223
0 0.48114985425490886 0.14600326400250196 0.014137605903670192 0.02446982078254223
0 0.48821865720674396 0.16639478132128716 0.01696512708440423 0.029363784939050674
0 0.5103675731224939 0.18678629864007235 0.01790763414464891 0.03425774909555912
0 0.5273327002068982 0.2039151731878519 0.023562676506116986 0.04567699879407883
0 0.49434495309833437 0.1288743894547224 0.01602262002415955 0.029363784939050674
0 0.5414703061105683 0.1378466570749879 0.01979264826513827 0.04078303463757038
0 0.5523091373033822 0.15579119231551886 0.01696512708440423 0.03752039186656475
0 0.5626767149660736 0.14110929984599352 0.013195098843425512 0.02773246355354786
0 0.5815268561709672 0.16476345993578434 0.020735155325382948 0.039151713252067566
0 0.5678605037974194 0.11582381837069988 0.01602262002415955 0.026101142168045044
0 0.5904806732432917 0.1288743894547224 0.014137605903670192 0.026101142168045044
0 0.6036757720867172 0.09951060451567173 0.01602262002415955 0.029363784939050674
0 0.6248821809422225 0.11174551490694284 0.013195098843425512 0.03099510632455349
0 0.6272384485928342 0.14763458538800478 0.01790763414464891 0.03425774909555912
0 0.6578699280507863 0.11092985421419144 0.013195098843425512 0.029363784939050674
0 0.6781338298460469 0.11663947906345129 0.01790763414464891 0.03099510632455349
0 0.7016965063521639 0.10032626520842314 0.014137605903670192 0.03425774909555912
0 0.516022615483962 0.3075040811672807 0.031102732988074422 0.057096248492598534
0 0.5537228978937492 0.29445351008325815 0.029217718867585063 0.060358891263604164
0 0.5801130955806002 0.2365416008979082 0.027332704747095704 0.04893964156508446
0 0.6225259132916108 0.24143556505441666 0.021677662385627627 0.04893964156508446
0 0.6211121527012438 0.20962479803711176 0.026390197686851025 0.04078303463757038
0 0.6687087592436001 0.2455138685181737 0.025447690626606345 0.05057096295058727
0 0.6239396738819778 0.3327895626425743 0.03581526828929782 0.06525285542011261
0 0.6828463651472703 0.3319739019498229 0.03298774710856378 0.07014681957662106
0 0.7304429716896266 0.2683523679152131 0.028275211807340384 0.04730832017958164
0 0.7808670994127169 0.28140293899923563 0.027332704747095704 0.057096248492598534
0 0.7163053657859564 0.21778140496462584 0.022620169445872307 0.04078303463757038
0 0.6790763369062915 0.19820554833859205 0.021677662385627627 0.04078303463757038
0 0.6936851963400841 0.15823817439377308 0.01885014120489359 0.039151713252067566
0 0.7125353375449777 0.17292006686329842 0.020735155325382948 0.042414356023073196
0 0.7384542817017063 0.16965742409229279 0.01602262002415955 0.032626427710056305
0 0.7511781270150095 0.19738988764584064 0.020735155325382948 0.04567699879407883
0 0.7704995217500255 0.17781403101980686 0.01979264826513827 0.035889070481061935
0 0.7318567322799936 0.13376835361123085 0.01602262002415955 0.032626427710056305
0 0.7464655917137861 0.11582381837069988 0.015080112963914871 0.035889070481061935
0 0.7596606905572116 0.13539967499673367 0.015080112963914871 0.035889070481061935
0 0.7634307187981904 0.10848287213593721 0.015080112963914871 0.03099510632455349
0 0.7808670994127169 0.13132137153297663 0.021677662385627627 0.03752039186656475
0 0.8138548465212807 0.17373572755604982 0.01790763414464891 0.04404567740857601
0 0.8176248747622594 0.13376835361123085 0.010367577662691474 0.026101142168045044
0 0.8270499453647062 0.1272430680692196 0.01602262002415955 0.026101142168045044
0 0.8421300583286211 0.13703099638223648 0.014137605903670192 0.035889070481061935
0 0.8369462694972754 0.1615008171647787 0.015080112963914871 0.035889070481061935
0 0.8576814248226583 0.18760195933282375 0.020735155325382948 0.04567699879407883
0 0.8722902842564508 0.1590538350865245 0.01790763414464891 0.04404567740857601
0 0.8812441013287753 0.14681892469525337 0.01885014120489359 0.039151713252067566
0 0.9137605949072167 0.13132137153297663 0.01602262002415955 0.03099510632455349
0 0.911404327256605 0.16394779924303293 0.01885014120489359 0.04078303463757038
0 0.8831291154492646 0.2259380118921399 0.020735155325382948 0.04404567740857601
0 0.9147031019674614 0.22104404773563147 0.01790763414464891 0.04404567740857601
0 0.9340244967024773 0.27243067137897015 0.024505183566361666 0.05546492710709572
0 0.9311969755217433 0.19983686972409487 0.01885014120489359 0.04730832017958164
0 0.9439208208350465 0.15334421023726463 0.01602262002415955 0.035889070481061935
