0 0.2502443790435791 0.22743055725004524 0.019550342112779617 0.04513888922519982
0 0.3167155422270298 0.1762152790906839 0.02346041053533554 0.05034722259733826
0 0.39051808370277286 0.2317708350601606 0.02443792764097452 0.046875000349245965
0 0.3836754639633 0.1927083347691223 0.018572825007140636 0.03472222248092294
0 0.40713587449863553 0.19184027920709923 0.016617790795862675 0.03298611135687679
0 0.4242424238473177 0.20486111263744533 0.015640273690223694 0.041666666977107525
0 0.4433040074072778 0.2552083352347836 0.02443792764097452 0.04513888922519982
0 0.46041055675596 0.2092013904475607 0.019550342112779617 0.03993055585306138
0 0.38514173962175846 0.1276041676173918 0.017595307901501656 0.03298611135687679
0 0.3875855323858559 0.08940972288837656 0.02248289342969656 0.03298611135687679
0 0.4130009771324694 0.13281250098953024 0.016617790795862675 0.029513889108784497
0 0.42228738963603973 0.10850694525288418 0.015640273690223694 0.029513889108784497
0 0.4755620718933642 0.23090277949813753 0.020527859218418598 0.041666666977107525
0 0.45210166135802865 0.11197916750097647 0.020527859218418598 0.036458333604969084
0 0.46236559096723795 0.13454861211357638 0.02150537632405758 0.036458333604969084
0 0.48289345018565655 0.08420138951623812 0.015640273690223694 0.029513889108784497
0 0.48240469163283706 0.12065972312120721 0.014662756584584713 0.026041666860692203
0 0.5058651021681726 0.17447916796663776 0.018572825007140636 0.03993055585306138
0 0.484359725844115 0.20486111263744533 0.018572825007140636 0.03472222248092294
0 0.5254154442809522 0.15190972335403785 0.016617790795862675 0.029513889108784497
0 0.5273704784922302 0.09722222294658422 0.012707722373306751 0.02777777798473835
0 0.5488758548162878 0.12326388980727643 0.014662756584584713 0.024305555736646056
0 0.5645161285065114 0.0980902785086073 0.016617790795862675 0.03298611135687679
0 0.586999021936208 0.10416666744276881 0.016617790795862675 0.031250000232830644
0 0.6001955028623343 0.12500000093132257 0.015640273690223694 0.031250000232830644
0 0.6041055712848902 0.10156250075669959 0.01173020526766777 0.02256944461259991
0 0.5674486798234284 0.13020833430346102 0.012707722373306751 0.024305555736646056
0 0.6319648087956011 0.1336805565515533 0.014662756584584713 0.02777777798473835
0 0.6524926680140197 0.14322916773380712 0.012707722373306751 0.029513889108784497
0 0.6603128048591316 0.10503472300479189 0.014662756584584713 0.029513889108784497
0 0.6867057667113841 0.11545138974906877 0.018572825007140636 0.029513889108784497
0 0.6798631469719112 0.06770833383779973 0.01075268816202879 0.020833333488553762
0 0.7077223844826221 0.11284722306299955 0.013685239478945732 0.020833333488553762
0 0.5503421304747462 0.19531250145519152 0.02346041053533554 0.04340277810115367
0 0.559139784425497 0.2751736131613143 0.025415444746613503 0.05381944484543055
0 0.6070381226018071 0.25607639079680666 0.025415444746613503 0.05381944484543055
0 0.6153470179997385 0.2187500016298145 0.018572825007140636 0.03472222248092294
0 0.6456500482745469 0.20138889038935304 0.02248289342969656 0.041666666977107525
0 0.564027369953692 0.16840277903247625 0.017595307901501656 0.03472222248092294
0 0.6759530785493553 0.18836805695900694 0.020527859218418598 0.03993055585306138
0 0.7086999015882611 0.1866319458349608 0.02150537632405758 0.03993055585306138
0 0.7448680344969034 0.19878472370328382 0.027370478957891464 0.05729166709352285
0 0.7272727265954018 0.14322916773380712 0.013685239478945732 0.03298611135687679
0 0.6163245351053774 0.330729169130791 0.026392961852252483 0.05729166709352285
0 0.7883675456978381 0.2222222238779068 0.018572825007140636 0.04513888922519982
0 0.8020527851767838 0.2647569464170374 0.026392961852252483 0.05381944484543055
0 0.7448680344969034 0.10677083412883803 0.015640273690223694 0.029513889108784497
0 0.7688172035850585 0.11718750087311491 0.016617790795862675 0.036458333604969084
0 0.8284457470290363 0.16579861234640703 0.016617790795862675 0.03298611135687679
0 0.8240469200536609 0.10677083412883803 0.019550342112779617 0.04340277810115367
0 0.791300097014755 0.1666666679084301 0.016617790795862675 0.031250000232830644
0 0.8646138799376786 0.10243055631872267 0.016617790795862675 0.03472222248092294
0 0.9120234595611691 0.1467013899818994 0.017595307901501656 0.03993055585306138
0 0.8890518075786531 0.1927083347691223 0.026392961852252483 0.0555555559694767
0 0.8587487773038447 0.18055555690079927 0.020527859218418598 0.03819444472901523
0 0.8435972621664405 0.22482639056397602 0.017595307901501656 0.04340277810115367
0 0.9682306931354105 0.29600694664986804 0.03225806448608637 0.07812500058207661
0 0.9657869003713131 0.3888888917863369 0.039100684225559235 0.08680555620230734
0 0.9379276628606021 0.1996527792653069 0.028347996063530445 0.06597222271375358
0 0.9496578681282699 0.1727430568425916 0.020527859218418598 0.05034722259733826
0 0.9775171056389809 0.1501736122299917 0.015640273690223694 0.036458333604969084
0 0.9672531760297716 0.12934027874143794 0.014662756584584713 0.036458333604969084
