0 0.2058333383174613 0.32666667457669973 0.08500000205822289 0.1377777811139822
0 0.23416667233686894 0.4911111230030656 0.031666667433455586 0.057777779176831245
0 0.28000000678002834 0.49444445641711354 0.05000000121071935 0.07777777966111898
0 0.3200000077486038 0.5188889014534652 0.076666668523103 0.1000000024214387
0 0.37166667566634715 0.5811111251823604 0.1066666692495346 0.1311111142858863
0 0.32583334122318774 0.46222223341464996 0.03500000084750354 0.04888889007270336
0 0.3683333422522992 0.47777778934687376 0.03666666755452752 0.0533333346247673
0 0.4050000098068267 0.4900000118650496 0.04000000096857548 0.055555556900799274
0 0.40833334322087467 0.44666667748242617 0.030000000726431608 0.04888889007270336
0 0.44166667736135423 0.4833333450369537 0.033333334140479565 0.055555556900799274
0 0.48666667845100164 0.5200000125914812 0.06666666828095913 0.09777778014540672
0 0.4825000116834417 0.4433333440683782 0.0383333342615515 0.04666666779667139
0 0.5300000128336251 0.4744444559328258 0.04666666779667139 0.07333333510905504
0 0.5950000144075602 0.5955555699765682 0.1066666692495346 0.15555555932223797
0 0.5666666803881526 0.4366666772402823 0.033333334140479565 0.04666666779667139
0 0.6416666822042316 0.47777778934687376 0.05666666803881526 0.08888889104127884
0 0.6333333486691117 0.4355555661022663 0.033333334140479565 0.04444444552063942
0 0.616666681598872 0.4366666772402823 0.033333334140479565 0.05111111234873533
0 0.692500016768463 0.41666667675599456 0.041666667675599456 0.055555556900799274
0 0.7133333506062627 0.44666667748242617 0.043333334382623434 0.06222222372889519
0 0.7500000181607902 0.4688889002427459 0.05666666803881526 0.07555555738508701
0 0.7491666848072782 0.5611111246980727 0.11166666937060654 0.1311111142858863
0 0.8208333532093093 0.4522222331725061 0.05500000133179128 0.07777777966111898
0 0.8150000197347254 0.40111112082377076 0.030000000726431608 0.04222222324460745
0 0.8700000210665166 0.44111112179234624 0.04666666779667139 0.06444444600492716
0 0.9383333560544997 0.461111122276634 0.08666666876524687 0.11333333607763052
