0 0.23090909246820956 0.6178082355763763 0.06545454589650035 0.09041096130385995
0 0.3454545477870852 0.6205479616764933 0.07272727321833372 0.10684931790456176
0 0.20363636501133442 0.5726027549244463 0.06545454589650035 0.08767123520374298
0 0.1372727281996049 0.557534261373803 0.04181818210054189 0.05753424810245633
0 0.31181818392360583 0.5410959047731012 0.045454545761458576 0.07397260470315814
0 0.30727272934745997 0.4835616566706449 0.03636363660916686 0.05753424810245633
0 0.37181818432873115 0.5452054939232767 0.04181818210054189 0.07671233080327511
0 0.42545454832725227 0.5698630288243294 0.04000000027008355 0.08219178300350904
0 0.46454545768210664 0.5835616593249142 0.04909090942237526 0.08219178300350904
0 0.5218181853415444 0.60547946812585 0.05818181857466698 0.08219178300350904
0 0.5018181852065027 0.4986301502212882 0.04000000027008355 0.07123287860304117
0 0.46454545768210664 0.5013698763214052 0.03090909111779183 0.04931506980210543
0 0.434545457479544 0.5219178220722824 0.02909090928733349 0.052054795902222395
0 0.4045454572769813 0.5054794654715806 0.03090909111779183 0.04657534370198846
0 0.567272731103003 0.46986302617006004 0.025454545626416802 0.04109589150175452
0 0.5836363675771281 0.5287671373225749 0.025454545626416802 0.05479452200233936
0 0.6209090951015241 0.5493150830734521 0.04181818210054189 0.07397260470315814
0 0.6045454586273991 0.4808219305705279 0.03090909111779183 0.052054795902222395
0 0.7181818230310455 0.4712328892201185 0.03636363660916686 0.06575342640280724
0 0.7763636416057125 0.5684931657742709 0.06181818223558366 0.10136986570432782
0 0.8472727329935879 0.5712328918743879 0.05454545491375029 0.08493150910362601
0 0.8236363691976294 0.5410959047731012 0.03636363660916686 0.052054795902222395
0 0.810909096384421 0.49589042412117124 0.03636363660916686 0.0602739742025733
0 0.7800000052666292 0.4739726153202355 0.03636363660916686 0.07123287860304117
0 0.869090914959088 0.5287671373225749 0.02909090928733349 0.04931506980210543
0 0.9163636425510049 0.554794535273686 0.04727272759191692 0.07945205690339208
0 0.9472727336687967 0.5273972742725164 0.032727272948250175 0.07945205690339208
0 0.9863636430236511 0.56027398747392 0.027272727456875145 0.07397260470315814
