0 0.3808392694918439 0.3072033904027194 0.026920031523332 0.043785310816019773
0 0.3507521754363552 0.21892655408009887 0.017418843926861882 0.028248587623238564
0 0.3262074408121407 0.216101695317775 0.01583531266078353 0.033898305147886276
0 0.4869358643190935 0.20974576310254633 0.017418843926861882 0.03813559329137206
0 0.5657165448064916 0.1730225991923362 0.01821060955990106 0.03248587576672435
0 0.4948535206494853 0.15254237316548824 0.014251781394705176 0.025423728860914707
0 0.5581947712926194 0.11228813580237329 0.012668250128626823 0.02401129947975278
0 0.8016627034521662 0.4046610177028924 0.03404592222068459 0.07768361596390605
0 0.87490102450829 0.14265536749735475 0.01108471886254847 0.028248587623238564
0 0.9010292903985828 0.13700564997270703 0.012668250128626823 0.03107344638556242
