0 0.08684985298896208 0.2793103437870741 0.02453385677654296 0.04827586188912392
0 0.27968596725258976 0.2301724129356444 0.01962708542123437 0.025862068869173527
0 0.29784102126723155 0.2293103439733386 0.016683022608049214 0.03448275849223137
0 0.3321884207543917 0.18965517170727253 0.014720314065925777 0.027586206793785095
0 0.3547595689888112 0.19396551651880145 0.016683022608049214 0.029310344718396664
0 0.35819430893752724 0.2293103439733386 0.01962708542123437 0.037931034341454506
0 0.3802747800364159 0.23620689567178488 0.014720314065925777 0.031034482643008232
0 0.41216879384592175 0.24137930944561958 0.01962708542123437 0.03448275849223137
0 0.3768400400876999 0.2017241371795535 0.011776251252740622 0.02068965509533882
0 0.38469087425619364 0.17155172349885106 0.013738959794864058 0.025862068869173527
0 0.4052993139484897 0.17155172349885106 0.017664376879110932 0.025862068869173527
0 0.42198233655653894 0.17586206831037998 0.013738959794864058 0.02413793094456196
0 0.4249263993697241 0.20689655095338821 0.015701668336987495 0.027586206793785095
0 0.4607458302634768 0.21637930953875184 0.01864573115017265 0.0327586205676198
0 0.4474975476041436 0.25344827491790056 0.023552502505481243 0.031034482643008232
0 0.44357213051989675 0.163793102838099 0.017664376879110932 0.02413793094456196
0 0.39401373983127996 0.21034482680261135 0.01864573115017265 0.02413793094456196
0 0.5039254181901924 0.18362068897113204 0.014720314065925777 0.029310344718396664
0 0.5269872435601428 0.1801724131219089 0.015701668336987495 0.03620689641684294
0 0.4995093239704147 0.15517241321504116 0.013738959794864058 0.02068965509533882
0 0.48675171844661236 0.1534482752904296 0.011776251252740622 0.02413793094456196
0 0.5029440639191307 0.13017241330817342 0.008832188439555466 0.02241379301995039
0 0.5210991179337725 0.13879310293123126 0.013738959794864058 0.02241379301995039
0 0.5485770375235006 0.1258620684966445 0.009813542710617185 0.027586206793785095
0 0.5407262033550069 0.16120689595118165 0.011776251252740622 0.029310344718396664
0 0.5608439659117721 0.18793103378266096 0.010794896981678903 0.031034482643008232
0 0.5706575086223893 0.16034482698887587 0.010794896981678903 0.02413793094456196
0 0.5760549571132287 0.1370689650066197 0.009813542710617185 0.015517241321504116
0 0.596172719669994 0.2301724129356444 0.020608439692296088 0.0327586205676198
0 0.6398429847322404 0.24827586114406586 0.01962708542123437 0.03448275849223137
0 0.6251226706663147 0.21120689576491714 0.023552502505481243 0.03620689641684294
0 0.6074582937872037 0.1646551718004048 0.011776251252740622 0.029310344718396664
0 0.6442590789520182 0.1577586201019585 0.01275760552380234 0.02241379301995039
0 0.6712463214062154 0.18275862000882626 0.013738959794864058 0.031034482643008232
0 0.6256133478018455 0.1413793098181486 0.010794896981678903 0.027586206793785095
0 0.6418056932743639 0.12241379264742136 0.015701668336987495 0.02413793094456196
0 0.6643768415087834 0.12413793057203293 0.011776251252740622 0.02068965509533882
0 0.6810598641168326 0.1362068960443139 0.011776251252740622 0.02413793094456196
0 0.7090284608420916 0.11982758576050401 0.010794896981678903 0.02241379301995039
0 0.6884200211497955 0.11206896509975195 0.008832188439555466 0.013793103396892548
0 0.6820412183878943 0.22068965435028076 0.015701668336987495 0.02413793094456196
0 0.6908734068274498 0.2577586197294295 0.017664376879110932 0.039655172266066074
0 0.6962708553182893 0.3129310333169997 0.0264965653186664 0.05689655151218176
0 0.7482826316845603 0.3827586192637682 0.02453385677654296 0.05862068943679333
0 0.7939156052889302 0.2948275851085782 0.015701668336987495 0.04827586188912392
0 0.7698724256479181 0.2465517232194543 0.016683022608049214 0.04827586188912392
0 0.7350343490252271 0.23793103359639645 0.01962708542123437 0.04137931019067764
0 0.7183513264171779 0.18879310274496675 0.015701668336987495 0.0327586205676198
0 0.7379784118384123 0.17586206831037998 0.011776251252740622 0.031034482643008232
0 0.7566241429885849 0.19913793029263616 0.015701668336987495 0.03620689641684294
0 0.7365063804318197 0.14913793047890067 0.01275760552380234 0.02241379301995039
0 0.7031403352157213 0.18275862000882626 0.014720314065925777 0.02068965509533882
0 0.7615309143438935 0.13879310293123126 0.011776251252740622 0.029310344718396664
0 0.6153091279556975 0.12931034434586763 0.009813542710617185 0.02413793094456196
0 0.7796859683585353 0.13362068915739655 0.008832188439555466 0.02241379301995039
0 0.7885181567980908 0.14999999944120646 0.008832188439555466 0.02413793094456196
0 0.8047105022706091 0.1422413787804544 0.011776251252740622 0.029310344718396664
0 0.7953876366955228 0.17241379246115685 0.01275760552380234 0.02413793094456196
0 0.8341511304024607 0.1413793098181486 0.011776251252740622 0.02413793094456196
0 0.8557409243658185 0.1586206890642643 0.011776251252740622 0.02413793094456196
0 0.8753680097870529 0.1689655166119337 0.013738959794864058 0.027586206793785095
0 0.8326790989958681 0.1801724131219089 0.01275760552380234 0.02241379301995039
0 0.8189401392010041 0.20689655095338821 0.01275760552380234 0.02068965509533882
0 0.7894995110691525 0.2353448267094791 0.01864573115017265 0.0327586205676198
0 0.8238469105563127 0.2681034472770989 0.016683022608049214 0.039655172266066074
0 0.843473995977547 0.22758620604872704 0.01275760552380234 0.04137931019067764
0 0.8900883238529786 0.2353448267094791 0.017664376879110932 0.03620689641684294
0 0.9013738979701884 0.18793103378266096 0.014720314065925777 0.027586206793785095
0 0.937684005999472 0.21465517161414027 0.01275760552380234 0.025862068869173527
0 0.9543670286075212 0.19999999925494194 0.01275760552380234 0.027586206793785095
0 0.9229636919335462 0.2612068955786526 0.01864573115017265 0.0327586205676198
0 0.9160942120361142 0.33103448152542114 0.02453385677654296 0.04827586188912392
0 0.8675171756185591 0.19224137859418988 0.013738959794864058 0.029310344718396664
0 0.8572129557724111 0.22499999916180968 0.010794896981678903 0.0327586205676198
0 0.9141315034939907 0.15517241321504116 0.010794896981678903 0.031034482643008232
