0 0.782089558430016 0.4492032006382942 0.050746269058436155 0.08964143693447113
0 0.6686567217111588 0.4501992166042328 0.05970149300992489 0.09163346886634827
0 0.585820900159888 0.4462151527404785 0.06119403033517301 0.09561753273010254
0 0.5067164219217375 0.41733068972826004 0.04925373173318803 0.08167330920696259
0 0.427611943683587 0.45717132836580276 0.058208955684676766 0.0936255007982254
0 0.3208955249283463 0.45816734433174133 0.07164179161190987 0.09561753273010254
0 0.207462688209489 0.45816734433174133 0.06865671696141362 0.09960159659385681
0 0.11940298601984978 0.35458168387413025 0.050746269058436155 0.07569721341133118
0 0.19701492693275213 0.3147410452365875 0.056716418359428644 0.07569721341133118
0 0.268656718544662 0.31772909313440323 0.050746269058436155 0.08167330920696259
0 0.36940298799891025 0.31673307716846466 0.04925373173318803 0.08366534113883972
0 0.44029851094819605 0.3057769015431404 0.050746269058436155 0.08565737307071686
0 0.537313437089324 0.306772917509079 0.050746269058436155 0.087649405002594
0 0.6074626913759857 0.2898406460881233 0.050746269058436155 0.08167330920696259
0 0.6723880650242791 0.3127490133047104 0.05522388103418052 0.09163346886634827
0 0.7395522446604446 0.32270917296409607 0.05223880638368428 0.07968127727508545
0 0.8067164242966101 0.3336653485894203 0.04626865708269179 0.08167330920696259
0 0.8738806039327756 0.3316733166575432 0.05522388103418052 0.0936255007982254
0 0.647014930495061 0.23306773602962494 0.04925373173318803 0.08366534113883972
0 0.7776119464542717 0.22011952847242355 0.056716418359428644 0.10557769238948822
0 0.5365671684266999 0.23306773602962494 0.06119403033517301 0.07968127727508545
0 0.4753731380915269 0.2340637519955635 0.058208955684676766 0.08565737307071686
0 0.3947761225281283 0.22908367216587067 0.058208955684676766 0.087649405002594
0 0.2917910470860079 0.23904383182525635 0.05223880638368428 0.08366534113883972
0 0.21343283751048148 0.22011952847242355 0.056716418359428644 0.0936255007982254
