0 0.20113851828500628 0.4021558872773312 0.03605313063599169 0.0746268656803295
0 0.14848197222454473 0.3009950249106623 0.021821631700731814 0.04809286899399012
0 0.2727703962591477 0.24212271976284683 0.018026565317995846 0.036484245443716645
0 0.29791271104477346 0.2545605307095684 0.018975331913679838 0.038142620236612856
0 0.3648007560404949 0.20066334994044155 0.018026565317995846 0.036484245443716645
0 0.34724857402034104 0.2213930348516442 0.020872865105047822 0.038142620236612856
0 0.3842504712520167 0.26285240467404947 0.020872865105047822 0.04145936982240528
0 0.34677419072249904 0.2653399668633938 0.016129032126627862 0.03316749585792422
0 0.3657495226361789 0.2661691542598419 0.023719164892099798 0.0447761194081977
0 0.31309297657571733 0.22885572141967714 0.018975331913679838 0.036484245443716645
0 0.38282732135849074 0.2072968491120264 0.018026565317995846 0.03316749585792422
0 0.4093927860376425 0.1915422885795124 0.018026565317995846 0.02819237147923559
0 0.4316888010362163 0.24046434496995062 0.018975331913679838 0.036484245443716645
0 0.4435483834822662 0.1791044776327908 0.014231498935259879 0.036484245443716645
0 0.47533206443767995 0.23548922059126198 0.017077798722311854 0.04643449420109391
0 0.5075901286909357 0.1932006633724086 0.018975331913679838 0.02819237147923559
0 0.49762807943625376 0.15671641792869195 0.012333965743891895 0.024875621893443167
0 0.5716318738996051 0.12686567165656015 0.014231498935259879 0.02819237147923559
0 0.5317836768808775 0.19651741295820102 0.021821631700731814 0.04145936982240528
0 0.5431688760290854 0.16583747928962111 0.014231498935259879 0.036484245443716645
0 0.4914610965643078 0.3109452736680396 0.020872865105047822 0.0447761194081977
0 0.5422201094334014 0.31674958544317633 0.02561669808346778 0.06301824213005602
0 0.6176470537902787 0.330016583786346 0.026565464679151773 0.06301824213005602
0 0.5991461051744409 0.12437810946721584 0.014231498935259879 0.036484245443716645
0 0.6148007540032268 0.13101160863880068 0.011385199148207903 0.02653399668633938
0 0.6489563514478505 0.12271973467431962 0.013282732339575887 0.03316749585792422
0 0.5958254220895469 0.17247097846120596 0.011385199148207903 0.02653399668633938
0 0.584440222941339 0.2238805970409885 0.017077798722311854 0.03980099502950907
0 0.6119544542161748 0.2711442786385305 0.022770398296415806 0.0447761194081977
0 0.6223908867686987 0.21475953568005934 0.02466793148778379 0.04145936982240528
0 0.6916508482536301 0.15091210615355521 0.018975331913679838 0.04643449420109391
0 0.6726755163399503 0.20563847431913018 0.026565464679151773 0.04311774461530149
0 0.6703035998507403 0.2562189055024646 0.023719164892099798 0.04809286899399012
0 0.699715364316944 0.20315091212978587 0.021821631700731814 0.038142620236612856
0 0.7148956298478879 0.23300165840191767 0.01992409850936383 0.0447761194081977
0 0.7167931630392559 0.1484245439642109 0.021821631700731814 0.03150912106502801
0 0.7253320624004118 0.17164179106475785 0.016129032126627862 0.034825870650820434
0 0.7186906962306239 0.2852404643781483 0.02561669808346778 0.05306799337267876
0 0.7784629917587154 0.133499170828145 0.014231498935259879 0.02819237147923559
0 0.7708728589932434 0.17578772804699838 0.014231498935259879 0.0298507462721318
0 0.7447817776119336 0.1326699834316969 0.01518026553094387 0.023217247100546956
0 0.8330170710105449 0.14179104479262605 0.01518026553094387 0.034825870650820434
0 0.814990505692549 0.1774461028398946 0.020872865105047822 0.03980099502950907
0 0.7998102401616052 0.19734660035464913 0.017077798722311854 0.03980099502950907
0 0.7495256105903536 0.20563847431913018 0.017077798722311854 0.04311774461530149
0 0.7794117583543994 0.2222222222480923 0.02561669808346778 0.05306799337267876
0 0.7993358568637632 0.24709784414153546 0.023719164892099798 0.049751243786886334
0 0.8325426877127029 0.20315091212978587 0.027514231274835765 0.04145936982240528
0 0.8648007519659586 0.17164179106475785 0.016129032126627862 0.038142620236612856
0 0.8529411695199087 0.1940298507688567 0.03036053106188774 0.049751243786886334
0 0.9013282658997923 0.15174129355000332 0.018975331913679838 0.03150912106502801
0 0.9003794993041083 0.17578772804699838 0.017077798722311854 0.036484245443716645
0 0.8851992337731645 0.18076285242568702 0.018975331913679838 0.03316749585792422
0 0.8970588162192143 0.20232172473333776 0.021821631700731814 0.04311774461530149
0 0.8681214350508526 0.25787728029536083 0.02466793148778379 0.051409618579782546
0 0.8453510367544368 0.3441127695259638 0.02466793148778379 0.05804311775136739
0 0.933586330153048 0.23466003319481388 0.017077798722311854 0.051409618579782546
0 0.9283681138767861 0.282752902188804 0.021821631700731814 0.04145936982240528
0 0.6238140366622247 0.1484245439642109 0.012333965743891895 0.03150912106502801
0 0.40275141986785457 0.22636815923033282 0.01992409850936383 0.03150912106502801
0 0.583017073047813 0.14510779437841848 0.010436432552523911 0.02819237147923559
0 0.6774193493183702 0.18407960201147944 0.018975331913679838 0.04311774461530149
0 0.7964895570767112 0.15920398011803627 0.014231498935259879 0.02653399668633938
