0 0.06786152200947981 0.45710784845869057 0.0431985309405718 0.0735294126207009
0 0.12745098490267992 0.5790441243880196 0.044117648620158434 0.06658496809541248
0 0.10156250359432306 0.5792483727564104 0.028492648067185655 0.05882353009656072
0 0.07689951252541505 0.5720996798627311 0.03431372670456767 0.06250000072759576
0 0.11504289622826036 0.6388888963265345 0.0566789235745091 0.07843137346208096
0 0.15196078969165683 0.6911764786345884 0.06801470828941092 0.08741830167127773
0 0.20128677182947285 0.7689951069914969 0.09926470939535648 0.13766340029542334
0 0.1784620161197381 0.9162581806012895 0.14491422081482597 0.16748366208048537
0 0.49264707625843585 0.8946078535518609 0.11580882762791589 0.1772875837632455
0 0.3728554053523112 0.7111928187368903 0.08517157164169475 0.12581699492875487
0 0.2968750105064828 0.6758578510052757 0.06801470828941092 0.09681372661725618
0 0.24693628324894235 0.6417483734840062 0.04840686445822939 0.07679738651495427
0 0.22794118453748524 0.5972222291748039 0.037377452303189784 0.05882353009656072
0 0.20435049742809497 0.5678104641265236 0.03799019742291421 0.06372549093794078
0 0.21400123306375463 0.5287990257638739 0.03216911878553219 0.043709150835638866
0 0.2562806463247398 0.534926476815599 0.025428922468563542 0.03799019652069546
0 0.26562500940053724 0.5553513136546826 0.026348040148150176 0.04289215736207552
0 0.291360304428963 0.564746738600661 0.037377452303189784 0.06168300725403242
0 0.34972427708271425 0.562295758179971 0.041973040701122954 0.07475490283104591
0 0.42202820121019613 0.5627042549167527 0.03890931510250084 0.0575980398862157
0 0.4747242815064965 0.5841503335977904 0.039522060222225264 0.06862745177932084
0 0.46063114375283476 0.5145016399765154 0.029105393186910078 0.04697712472989224
0 0.5078125179716153 0.5426879148144508 0.03829656998277642 0.0575980398862157
0 0.520373792925966 0.6011029481742298 0.05177696261671372 0.06658496809541248
0 0.5540747745108092 0.5651552353374427 0.035232844384154305 0.05269607904483564
0 0.5629595787468133 0.5228758230805397 0.026041667588287964 0.04983660188736394
0 0.6309742870362243 0.5412581762357149 0.04136029558139853 0.054738562728744
0 0.6351103165943641 0.5882353009656072 0.04166666814126074 0.05882353009656072
0 0.6228554141998757 0.6188725562242325 0.05453431565547362 0.07679738651495427
0 0.7722120371327037 0.6887254982138984 0.081188728363486 0.10294117766898125
0 0.7429534576658625 0.6060049090156099 0.05453431565547362 0.08455882451380603
0 0.7403492909070337 0.5447303984983591 0.03584558950387873 0.0518790855712723
0 0.7352941436693072 0.516339875292033 0.0269607852678746 0.04656862799311057
0 0.6893382596899755 0.533700986605254 0.030637255986221135 0.043709150835638866
0 0.6753983082162449 0.5138888948713429 0.02236519686994143 0.035947712836787105
0 0.6593137488234788 0.5488153658661759 0.024509804788976908 0.033905229152878746
0 0.7749693901714636 0.5322712480265182 0.025428922468563542 0.0490196084138006
0 0.762561301497044 0.5069444503460545 0.02022058895090595 0.03758169978391379
0 0.7961090968019562 0.5663807255477877 0.03216911878553219 0.05678104641265236
0 0.8077512540767202 0.5482026207610033 0.0297181383066345 0.04656862799311057
0 0.8347120393445948 0.5145016399765154 0.028492648067185655 0.05269607904483564
0 0.8563113048148807 0.5287990257638739 0.03125000110594556 0.0518790855712723
0 0.8880208647606196 0.5667892222845694 0.03339460902498104 0.06168300725403242
0 0.8996630220353836 0.5273692871851381 0.032781863905256614 0.04493464104598388
0 0.9459252785745775 0.543709156656405 0.032781863905256614 0.05800653662299737
0 0.9238664542644983 0.5894607911759522 0.04258578582084738 0.06781045830575749
0 0.9131434146693209 0.6478758245357312 0.06587010037037544 0.09885621030116454
0 0.9702818970836233 0.7704248455702327 0.05882353149354458 0.14624183176783845
