0 0.22967034031171352 0.7250000175554305 0.12087912647984922 0.21000000508502126
0 0.6010989289497957 0.4816666783299297 0.08131868508644402 0.16333333728834987
0 0.7747253106208518 0.7733333520591259 0.14285714947618544 0.22666667215526104
0 0.9670330118387938 0.4750000115018338 0.06593406898900867 0.15666667046025395
0 0.8263736646622419 0.40833334322087467 0.0791208827868104 0.11666666949167848
0 0.9252747681457549 0.31833334104157984 0.05274725519120693 0.11000000266358256
0 0.8527472922578454 0.26500000641681254 0.057142859790474176 0.09000000217929482
0 0.7428571772761643 0.2983333405572921 0.06153846438974142 0.09666666900739074
0 0.7087912416318431 0.2700000065378845 0.04175824369303882 0.09333333559334278
0 0.7208791542798281 0.22000000532716513 0.04835165059193969 0.06666666828095913
0 0.7120879450812936 0.17833333765156567 0.035164836794137955 0.06333333486691117
0 0.6791209105867893 0.18500000447966158 0.03076923219487071 0.043333334382623434
0 0.7692308048717678 0.1450000035110861 0.03076923219487071 0.05000000121071935
0 0.6076923358486965 0.20500000496394932 0.03296703449450433 0.05666666803881526
0 0.5549450806574896 0.31000000750645995 0.054945057490840554 0.08666666876524687
0 0.4736263955710456 0.27833334007300436 0.054945057490840554 0.076666668523103
0 0.47032969212159514 0.2133333384990692 0.035164836794137955 0.0533333346247673
0 0.3164835311472416 0.2533333394676447 0.04835165059193969 0.08666666876524687
0 0.2758241886040196 0.38833334273658693 0.08571428968571126 0.10333333583548665
0 0.11758242303039879 0.2683333398308605 0.054945057490840554 0.076666668523103
0 0.0791208827868104 0.22666667215526104 0.04835165059193969 0.07333333510905504
0 0.03736263909377158 0.1833333377726376 0.035164836794137955 0.060000001452863216
0 0.2483516598585993 0.19666667142882943 0.035164836794137955 0.060000001452863216
0 0.20329671271611005 0.14833333692513406 0.028571429895237088 0.043333334382623434
0 0.24945056100841612 0.12666666973382235 0.028571429895237088 0.04000000096857548
0 0.35164836794137955 0.17500000423751771 0.0395604413934052 0.06333333486691117
