0 0.01808972447179258 0.654013023711741 0.033285093028098345 0.08459869958460331
0 0.040520982816815376 0.5911062983796 0.026049203239381313 0.04989154078066349
0 0.06512300809845328 0.5943600945174694 0.026049203239381313 0.043383948504924774
0 0.10130245704203844 0.5824295086786151 0.028943559154868126 0.041214751079678535
0 0.1360347280278802 0.5867679035291076 0.0231548473238945 0.041214751079678535
0 0.1613603422883898 0.5759219164028764 0.018813313450664282 0.028199566528201103
0 0.1823444226756692 0.6355748455971479 0.04341533873230219 0.06507592275738716
0 0.19681620225310326 0.6030368842184544 0.026049203239381313 0.043383948504924774
0 0.2503617866896093 0.6312364507466555 0.049204050563275814 0.08242950215935707
0 0.26628074422478676 0.5889371009543538 0.017366135492920876 0.03687635622918606
0 0.277858167886734 0.5867679035291076 0.020260491408407688 0.03687635622918606
0 0.31114326091483235 0.5845987061038613 0.028943559154868126 0.03687635622918606
0 0.31114326091483235 0.6681128069758415 0.05209840647876263 0.09110629186034203
0 0.3617944894358516 0.7039045644924045 0.07235889788717031 0.13232104294002056
0 0.47033283626660705 0.7071583606302738 0.07525325380265713 0.1561822146177292
0 0.33068016334436834 0.5835141073912382 0.01591895753517747 0.026030369102954865
0 0.36107090045697987 0.5867679035291076 0.018813313450664282 0.028199566528201103
0 0.3943559934850782 0.6149674700573087 0.03907380485907197 0.06290672533214092
0 0.4356005652807653 0.6279826546087861 0.037626626901328564 0.058568330481648445
0 0.42908826447091997 0.5824295086786151 0.021707669366151094 0.03253796137869358
0 0.40520982816815376 0.5607375344261527 0.014471779577434063 0.023861171677708626
0 0.4551374677103013 0.5943600945174694 0.018813313450664282 0.030368763953447342
0 0.4833574378862977 0.5900216996669769 0.017366135492920876 0.026030369102954865
0 0.5159189419355243 0.6431670365855098 0.04775687260553241 0.08459869958460331
0 0.5347322553861886 0.60845987778157 0.021707669366151094 0.03687635622918606
0 0.5477568570058793 0.5921908970922232 0.013024601619690657 0.026030369102954865
0 0.5687409373931587 0.6127982726320624 0.026049203239381313 0.04989154078066349
0 0.6056439753156155 0.6323210494592786 0.030390737112611532 0.05422993563115597
0 0.6360347124282271 0.5986984893679619 0.02749638119712472 0.04772234335541725
0 0.6628075046464801 0.599783088080585 0.0231548473238945 0.03687635622918606
0 0.6808972291182727 0.6062906803563237 0.024602025281637907 0.04989154078066349
0 0.6758321062661707 0.654013023711741 0.03473227098584175 0.06290672533214092
0 0.714182322146371 0.6583514185622334 0.04196816077455878 0.0672451201826334
0 0.7561504829209298 0.6898047812283039 0.07091171992942691 0.09978308156132698
0 0.7518089490476996 0.6279826546087861 0.030390737112611532 0.04555314593017101
0 0.814037601230666 0.6334056481719017 0.04775687260553241 0.06507592275738716
0 0.9211287701036781 0.5260303756222129 0.024602025281637907 0.03687635622918606
0 0.9486251513008028 0.6355748455971479 0.03907380485907197 0.06507592275738716
