0 0.08500000403728336 0.8101851912215352 0.08600000408478081 0.15740740858018398
0 0.03200000151991844 0.7314814869314432 0.06000000284984708 0.12962963059544563
0 0.07900000375229865 0.6543209925293922 0.058000002754852176 0.11728395149111748
0 0.12600000598467886 0.6697530914098024 0.0760000036098063 0.12345679104328156
0 0.13800000655464828 0.5925925970077515 0.05200000246986747 0.07407407462596893
0 0.06700000318232924 0.5771604981273413 0.050000002374872565 0.07407407462596893
0 0.050000002374872565 0.4583333367481828 0.03600000170990825 0.06481481529772282
0 0.1480000070296228 0.5246913619339466 0.04000000189989805 0.06172839552164078
0 0.25400001206435263 0.6358024738729 0.06400000303983688 0.10493827238678932
0 0.21600001025944948 0.638888893648982 0.05200000246986747 0.1111111119389534
0 0.23700001125689596 0.7222222276031971 0.08200000389479101 0.12345679104328156
0 0.26800001272931695 0.9043209943920374 0.10400000493973494 0.1666666679084301
0 0.3630000172415748 0.7993827220052481 0.08200000389479101 0.1419753096997738
0 0.38900001847650856 0.395061731338501 0.06600000313483179 0.12345679104328156
0 0.49200002336874604 0.41049383021891117 0.03600000170990825 0.08024691417813301
0 0.503000023891218 0.5972222266718745 0.042000001994892955 0.0956790130585432
0 0.5410000256961212 0.5833333376795053 0.042000001994892955 0.09259259328246117
0 0.5830000276910141 0.5493827201426029 0.034000001614913344 0.06790123507380486
0 0.6130000291159377 0.6141975354403257 0.05400000256486237 0.1111111119389534
0 0.49200002336874604 0.8503086483106017 0.11200000531971455 0.19444444589316845
0 0.7240000343881547 0.6543209925293922 0.06400000303983688 0.1111111119389534
0 0.6710000318707898 0.5864197574555874 0.03800000180490315 0.07407407462596893
0 0.6920000328682363 0.5740740783512592 0.03200000151991844 0.06172839552164078
0 0.709000033675693 0.43364197853952646 0.03800000180490315 0.06481481529772282
0 0.8170000388054177 0.476851855404675 0.06600000313483179 0.11419753171503544
0 0.8640000410377979 0.4290123488754034 0.03200000151991844 0.06172839552164078
0 0.9560000454075634 0.4274691389873624 0.0800000037997961 0.1512345690280199
0 0.7320000347681344 0.875000006519258 0.09600000455975533 0.14506172947585583
