0 0.040262172697111964 0.40448504022788256 0.0374531839042902 0.07475082878954709
0 0.26170412253122777 0.28986710275057703 0.021535580744966865 0.038205979159101844
0 0.28323970327619463 0.2799003255786374 0.019662921549752355 0.04485049727372825
0 0.3033707896247506 0.2632890302920714 0.01685393275693059 0.04485049727372825
0 0.32584269996732473 0.2682724188780412 0.02059925114735961 0.04152823821641505
0 0.34456929191946983 0.28654484369326383 0.02247191034257412 0.038205979159101844
0 0.398408243781887 0.30980065709445626 0.025280899135395885 0.05149501538835466
0 0.326779029564932 0.22591361589729786 0.01685393275693059 0.03654484963044524
0 0.3459737863158807 0.22009966254699975 0.015917603159323335 0.04152823821641505
0 0.354400752694346 0.24584717024117708 0.019662921549752355 0.039867108687758446
0 0.37359550944529474 0.23338869877625257 0.01685393275693059 0.03488372010178864
0 0.41994382452685386 0.22674418066162616 0.017790262354537845 0.04152823821641505
0 0.45224719564430416 0.22674418066162616 0.02247191034257412 0.04152823821641505
0 0.4087078693555668 0.1810631186235696 0.015917603159323335 0.03322259057313204
0 0.4279026261065155 0.1852159424452111 0.01685393275693059 0.03488372010178864
0 0.46395131561439484 0.19933554343879223 0.017790262354537845 0.03654484963044524
0 0.4583333380287513 0.1694352119229734 0.014044943964108825 0.023255813401192427
0 0.49953184032347053 0.23837208736222237 0.021535580744966865 0.048172756331041455
0 0.48314607236534357 0.1702657766873017 0.01498127356171608 0.031561461044475436
0 0.47284644679166377 0.15116278710775077 0.01310861436650157 0.029900331515818834
0 0.4527153604431078 0.14534883375745267 0.012172284768894315 0.028239201987162232
0 0.4882958851521835 0.14036544517148286 0.015917603159323335 0.028239201987162232
0 0.5280898930504918 0.14285713946446776 0.0187265919521451 0.03322259057313204
0 0.534176035434939 0.1777408595662564 0.019662921549752355 0.03322259057313204
0 0.5421348370146006 0.20431893202476203 0.02059925114735961 0.039867108687758446
0 0.57303371373564 0.1677740823943168 0.02059925114735961 0.03654484963044524
0 0.5833333393093199 0.15614617569372058 0.01310861436650157 0.029900331515818834
0 0.5594569345703349 0.14700996328610927 0.014044943964108825 0.028239201987162232
0 0.5519662977894768 0.13704318611416966 0.014044943964108825 0.028239201987162232
0 0.5697565601440147 0.11960132606327534 0.012172284768894315 0.02657807245850563
0 0.5889513168949634 0.13538205658551306 0.01310861436650157 0.02491694292984903
0 0.6231273472076282 0.14700996328610927 0.017790262354537845 0.038205979159101844
0 0.6324906431837007 0.13289036229252815 0.015917603159323335 0.02657807245850563
0 0.640917609562166 0.10797341936267912 0.014044943964108825 0.03322259057313204
0 0.6198501936160028 0.10880398412700742 0.01310861436650157 0.031561461044475436
0 0.5983146128710359 0.10714285459835082 0.01498127356171608 0.03488372010178864
0 0.6722846510820091 0.12873753847088665 0.01498127356171608 0.03488372010178864
0 0.6896067486377433 0.10631228983402252 0.015917603159323335 0.03322259057313204
0 0.6863295950461179 0.14451826899312437 0.01498127356171608 0.03322259057313204
0 0.7111423293827102 0.14119600993581116 0.015917603159323335 0.03654484963044524
0 0.6470037519466132 0.1785714243305847 0.0187265919521451 0.04485049727372825
0 0.6254681712016463 0.19601328438147902 0.0187265919521451 0.04318936774507165
0 0.6044007552554831 0.2583056417061016 0.027153558330610394 0.05149501538835466
0 0.565543076954782 0.24086378165520728 0.02247191034257412 0.04651162680238485
0 0.5627340881619602 0.30232557421550155 0.02621722873300314 0.056478403974324465
0 0.490168544347398 0.30813952756579965 0.030898876721039414 0.06146179256029427
0 0.605805249651894 0.3322259057313204 0.02996254712343216 0.05980066303163767
0 0.677434463868849 0.3455149419605732 0.038389513501897454 0.07308969926089048
0 0.6779026286676526 0.24750829976983368 0.02434456953778863 0.04983388585969806
0 0.7111423293827102 0.29568105610087514 0.029026217525824904 0.05980066303163767
0 0.6685393326915801 0.21428570919670165 0.02059925114735961 0.04983388585969806
0 0.6928839022293687 0.22259135683998466 0.02059925114735961 0.05315614491701126
0 0.6956928910221905 0.18687707197386771 0.0187265919521451 0.04152823821641505
0 0.7331460749264807 0.15863786998670548 0.01498127356171608 0.038205979159101844
0 0.7425093709025532 0.20598006155341864 0.02059925114735961 0.04983388585969806
0 0.760299633257091 0.23588039306923747 0.02247191034257412 0.04651162680238485
0 0.7715355884283781 0.28654484369326383 0.02621722873300314 0.05481727444566786
0 0.7982209819601849 0.1777408595662564 0.017790262354537845 0.04983388585969806
0 0.7556179852690548 0.15946843475103378 0.0187265919521451 0.04318936774507165
0 0.7411048765061423 0.13205979752819985 0.017790262354537845 0.03488372010178864
0 0.7476591836893931 0.11627906700596213 0.019662921549752355 0.03654484963044524
0 0.7687265996355563 0.13787375087849796 0.01498127356171608 0.039867108687758446
0 0.793071169173345 0.12956810323521495 0.01498127356171608 0.039867108687758446
0 0.8127340907230973 0.14202657470013946 0.01498127356171608 0.028239201987162232
0 0.8216292219003662 0.17109634145163 0.014044943964108825 0.029900331515818834
0 0.8295880234800279 0.13538205658551306 0.01685393275693059 0.04152823821641505
0 0.8534644282190129 0.16112956427969038 0.019662921549752355 0.04318936774507165
0 0.852059933822602 0.19767441391013563 0.02059925114735961 0.04318936774507165
0 0.8750000089639798 0.23172756924759597 0.021535580744966865 0.048172756331041455
0 0.8750000089639798 0.20099667296744883 0.019662921549752355 0.039867108687758446
0 0.8675093721831217 0.15780730522237718 0.015917603159323335 0.03322259057313204
0 0.8712546905735508 0.13039866799954325 0.017790262354537845 0.038205979159101844
0 0.8974719193065539 0.13621262134984136 0.014044943964108825 0.03322259057313204
0 0.8946629305137321 0.1735880357446149 0.019662921549752355 0.04152823821641505
0 0.9339887736132368 0.1719269062159583 0.014044943964108825 0.03488372010178864
0 0.9330524440156296 0.281561455107294 0.023408239940181375 0.05481727444566786
