0 0.2072368473163806 0.43624161276966333 0.055451129213906825 0.11744966497644782
0 0.25187970558181405 0.392617451492697 0.0469924823846668 0.09060402726754546
0 0.28148496948415413 0.1912751686759293 0.025375940487720072 0.05033557070419192
0 0.34586467035114765 0.24832214880734682 0.022556391544640064 0.05369127541780472
0 0.36325188883347437 0.2642617461970076 0.021616541896946728 0.048657718347385526
0 0.3980263257981278 0.18456375924870372 0.0234962411923334 0.04026845656335354
0 0.4215225669904612 0.21728188020642847 0.021616541896946728 0.05201342306099832
0 0.4407894847681746 0.23573825613129884 0.020676692249253392 0.041946308920159936
0 0.4464285826543346 0.18288590689189732 0.020676692249253392 0.04026845656335354
0 0.4290413641720079 0.28355704830028117 0.025375940487720072 0.04697986599057913
0 0.46898497419897467 0.1946308733895421 0.01879699295386672 0.04362416127696633
0 0.46475565078435466 0.15016778593417257 0.021616541896946728 0.03187919477932155
0 0.4802631699712947 0.130872483830899 0.015037594363093376 0.030201342422515154
0 0.5267857275321148 0.1384228194365278 0.017857143306173384 0.04530201363377273
0 0.5084586594020948 0.17030201421584934 0.020676692249253392 0.04530201363377273
0 0.5319549005944282 0.2021812089951709 0.024436090840026736 0.04530201363377273
0 0.5512218183721416 0.15100671211257577 0.017857143306173384 0.036912751849740744
0 0.5568609162583016 0.10906040319241583 0.012218045420013368 0.02684563770890236
0 0.574718059564475 0.15604026918299496 0.017857143306173384 0.030201342422515154
0 0.6372180611360818 0.05872483248822391 0.015037594363093376 0.036912751849740744
0 0.4816729444428347 0.3137583907227963 0.03101503837388009 0.0637583895586431
0 0.6156015192391351 0.24077181320171803 0.031954888021573424 0.04530201363377273
0 0.6705827236291952 0.24580537027213722 0.027255639783106744 0.05872483248822391
0 0.6748120470438153 0.16107382625341415 0.015037594363093376 0.04697986599057913
0 0.706297010241542 0.14597315504215658 0.017857143306173384 0.036912751849740744
0 0.7297932514338754 0.15436241682618856 0.019736842601560056 0.04026845656335354
0 0.7363721989677288 0.139261745614931 0.019736842601560056 0.036912751849740744
0 0.7509398685069755 0.09731543669477105 0.015037594363093376 0.036912751849740744
0 0.7453007706208155 0.16946308803744614 0.01879699295386672 0.036912751849740744
0 0.7128759577753954 0.2760067126946524 0.025375940487720072 0.05872483248822391
0 0.7617481394554488 0.28523490065708756 0.027255639783106744 0.06040268484503031
0 0.7927631778293289 0.18204698071349412 0.019736842601560056 0.041946308920159936
0 0.8063909977208823 0.11996644351165742 0.016917293658480048 0.035234899492934346
0 0.8406955098616891 0.17365771892946213 0.019736842601560056 0.048657718347385526
0 0.8646616758778691 0.22147651109844446 0.01879699295386672 0.05369127541780472
