0 0.050833334564231336 0.45663264370523393 0.09500000230036676 0.34183672768995166
0 0.18083333771210164 0.38775509409606457 0.10833333595655859 0.18367346562445164
0 0.1150000027846545 0.3252550953766331 0.0533333346247673 0.0994897938799113
0 0.16416667064186186 0.2844387696823105 0.04833333450369537 0.06887754960916936
0 0.23500000569038093 0.30357142235152423 0.07000000169500709 0.11224489565938711
0 0.29500000714324415 0.35714284982532263 0.06666666828095913 0.14285713993012905
0 0.31166667421348393 0.26147958647925407 0.033333334140479565 0.07908163103275001
0 0.3750000090803951 0.3112244834192097 0.05666666803881526 0.09183673281222582
0 0.46250001119915396 0.28954081039410084 0.05833333474583924 0.1198979567270726
0 0.5733333472162485 0.2193877506069839 0.08666666876524687 0.16326530277729034
0 0.7325000177370384 0.2997448918176815 0.07166666840203106 0.1454081602860242
0 0.8641666875919327 0.331632646266371 0.12500000302679837 0.22959183203056455
