0 0.043000002042390406 0.6456456612795591 0.0780000037048012 0.12012012302875519
0 0.11400000541470945 0.6051051197573543 0.06000000284984708 0.09909910149872303
0 0.15300000726711005 0.4624624736607075 0.03800000180490315 0.048048049211502075
0 0.12200000579468906 0.47297298442572355 0.02400000113993883 0.045045046135783195
0 0.1990000094519928 0.4864864982664585 0.02200000104494393 0.048048049211502075
0 0.2300000109244138 0.4939940059557557 0.03200000151991844 0.057057058438658714
0 0.25600001215934753 0.6081081228330731 0.06800000322982669 0.11711711995303631
0 0.1600000075995922 0.5435435567051172 0.04800000227987766 0.060060061514377594
0 0.28200001339428127 0.49099100288003683 0.03200000151991844 0.051051052287220955
0 0.29100001382175833 0.45795796904712915 0.026000001234933734 0.039039039984345436
0 0.33400001586414874 0.43543544597923756 0.020000000949949026 0.030030030757188797
0 0.32100001524668187 0.48348349519073963 0.026000001234933734 0.042042043060064316
0 0.34400001633912325 0.5405405536293983 0.05200000246986747 0.07207207381725311
0 0.4020000190939754 0.5180180305615067 0.04000000189989805 0.051051052287220955
0 0.43800002080388367 0.5135135259479284 0.04400000208988786 0.07207207381725311
0 0.42400002013891935 0.4639639751985669 0.02400000113993883 0.03303303383290768
0 0.4890000232262537 0.48048049211502075 0.034000001614913344 0.054054055362939835
0 0.5190000246511772 0.47297298442572355 0.026000001234933734 0.051051052287220955
0 0.49800002365373075 0.44294295366853476 0.01600000075995922 0.03303303383290768
0 0.5320000252686441 0.44294295366853476 0.02400000113993883 0.039039039984345436
0 0.5550000263610855 0.474474485963583 0.034000001614913344 0.054054055362939835
0 0.6570000312058255 0.4474474582821131 0.03000000142492354 0.042042043060064316
0 0.5440000258386135 0.6966967135667801 0.09200000436976552 0.1921921968460083
0 0.6090000289259478 0.6921922089532018 0.0780000037048012 0.14114114455878735
0 0.7130000338656828 0.5195195320993662 0.08200000389479101 0.15615615993738174
0 0.7660000363830477 0.5030030151829123 0.04400000208988786 0.08708708919584751
0 0.7930000376654789 0.46546547673642635 0.042000001994892955 0.06606606766581535
0 0.8340000396128744 0.6186186335980892 0.0720000034198165 0.14414414763450623
0 0.853000040515326 0.774774793535471 0.12600000598467886 0.20420420914888382
0 0.873000041465275 0.5435435567051172 0.06600000313483179 0.09609609842300415
0 0.8760000416077673 0.4594594705849886 0.03600000170990825 0.054054055362939835
0 0.8370000397553667 0.4819819936528802 0.03000000142492354 0.057057058438658714
