0 0.03298045488190837 0.40322580316569656 0.02035830548265949 0.04067321144975722
0 0.2349348452698905 0.33941093692556024 0.01710097660543397 0.033660588786005974
0 0.26017914406838827 0.3695652143796906 0.02035830548265949 0.043478260515257716
0 0.2915309345116839 0.3751753125106916 0.02117263770196587 0.043478260515257716
0 0.2980455922661349 0.3036465613404289 0.01628664438612759 0.032258064253255725
0 0.3350977082445752 0.3611500671831891 0.023615634359885007 0.046283309580758214
0 0.3587133426044602 0.293127627344802 0.01710097660543397 0.033660588786005974
0 0.3591205087141134 0.3352033633273095 0.01791530882474035 0.033660588786005974
0 0.38436480751261115 0.3302945274626836 0.01791530882474035 0.032258064253255725
0 0.40879477409180254 0.33660588786005974 0.022801302140578628 0.04207573598250747
0 0.3937296280346345 0.2573632517596707 0.013843647728208452 0.032258064253255725
0 0.4092019402014557 0.27068723482079804 0.015472312166821212 0.028050490655004978
0 0.4112377707497217 0.3008415122749284 0.01954397326335311 0.032258064253255725
0 0.44462539174128324 0.3415147237246856 0.02117263770196587 0.043478260515257716
0 0.431188910122728 0.2545582026941702 0.013843647728208452 0.029453015187755227
0 0.4470683883992024 0.2720897593535483 0.01628664438612759 0.033660588786005974
0 0.4747556838556193 0.3036465613404289 0.01954397326335311 0.03506311331875622
0 0.46742669388186187 0.24614305549766868 0.01791530882474035 0.03786816238425672
0 0.4780130127328448 0.26858344802167267 0.01628664438612759 0.032258064253255725
0 0.5024429793120362 0.3239831670653075 0.02117263770196587 0.03927068691700697
0 0.5109934676147532 0.26507713668979704 0.015472312166821212 0.030855539720505476
0 0.525651447562268 0.2776998574845493 0.02035830548265949 0.033660588786005974
0 0.5179152914788574 0.24474053096491843 0.01628664438612759 0.02664796612225473
0 0.5399022614001296 0.24824684229679406 0.01628664438612759 0.030855539720505476
0 0.5537459091283381 0.30014025000855327 0.01791530882474035 0.033660588786005974
0 0.5594462346634828 0.23001402337104082 0.01628664438612759 0.028050490655004978
0 0.583469035133021 0.2573632517596707 0.015472312166821212 0.032258064253255725
0 0.5753257129399572 0.22300140070728958 0.01710097660543397 0.022440392524003983
0 0.6001628456288017 0.24894810456316918 0.01628664438612759 0.032258064253255725
0 0.6034201745060273 0.22300140070728958 0.013029315508902073 0.030855539720505476
0 0.6103419983701315 0.20827489311341196 0.012214983289595693 0.02664796612225473
0 0.6278501410852186 0.22019635164178908 0.013029315508902073 0.033660588786005974
0 0.6412866227037739 0.24754558003041893 0.013843647728208452 0.02384291705675423
0 0.6416937888134271 0.22791023657191545 0.014657979947514832 0.029453015187755227
0 0.6571661009802483 0.2152875157771632 0.011400651070289314 0.02384291705675423
0 0.675895742024295 0.23071528563741595 0.013029315508902073 0.03506311331875622
0 0.6974755458359141 0.22791023657191545 0.013843647728208452 0.029453015187755227
0 0.7052117019193247 0.2573632517596707 0.01628664438612759 0.03506311331875622
0 0.6767100742436014 0.27138849708717316 0.01791530882474035 0.03506311331875622
0 0.6323289682914037 0.3015427745413035 0.02035830548265949 0.04207573598250747
0 0.6026058422867209 0.33099578972905874 0.022801302140578628 0.03927068691700697
0 0.6095276661508251 0.3590462803840637 0.021986969921272248 0.044880785048007965
0 0.5362377664132509 0.3520336577203125 0.026872963237110525 0.04768583411350846
0 0.4653908633335959 0.4102384258294478 0.03338762099156156 0.057503505842760205
0 0.5468240852642339 0.40322580316569656 0.026872963237110525 0.05189340771175921
0 0.6119706628087442 0.4179523107595742 0.028501627675723284 0.056100981310009956
0 0.6530944398837164 0.4481065882137045 0.03908794652670622 0.0659186530392617
0 0.6526872737740632 0.3723702634451911 0.026872963237110525 0.0603085549082607
0 0.6868892269849312 0.3562412313185632 0.026872963237110525 0.044880785048007965
0 0.6807817353401333 0.3218793802661821 0.022801302140578628 0.04067321144975722
0 0.7153908546606544 0.4698457184713334 0.03664494986878708 0.07293127570301294
0 0.7308631668274757 0.3990182295674458 0.026872963237110525 0.04908835864625871
0 0.7805374322051648 0.42286114662420005 0.030130292114336044 0.05469845677725971
0 0.8379478536662646 0.5245441752485931 0.0358306176494807 0.06732117757201195
0 0.8436481792014092 0.4326788183534518 0.03257328877225518 0.05189340771175921
0 0.8106677243195008 0.3639551162486896 0.023615634359885007 0.05189340771175921
0 0.8147393854160327 0.3359046255936846 0.021986969921272248 0.043478260515257716
0 0.7259771735116374 0.28821879148017615 0.01872964104404673 0.03506311331875622
0 0.740227987349499 0.2601683008251712 0.01628664438612759 0.04067321144975722
0 0.7463354789942969 0.2405329573666677 0.012214983289595693 0.02664796612225473
0 0.7569217978452798 0.2349228592356667 0.015472312166821212 0.032258064253255725
0 0.7703582794638351 0.2861150046810508 0.014657979947514832 0.033660588786005974
0 0.7585504622838926 0.26297334989067167 0.01710097660543397 0.02664796612225473
0 0.7772801033279393 0.23913043283391744 0.013843647728208452 0.029453015187755227
0 0.7862377577403095 0.2517531536286697 0.013843647728208452 0.029453015187755227
0 0.8192182126222178 0.298737725475803 0.01628664438612759 0.030855539720505476
0 0.8135178870870732 0.26788218575529754 0.01628664438612759 0.030855539720505476
0 0.8412051825434901 0.304347823606804 0.01791530882474035 0.03927068691700697
0 0.8489413386269007 0.28190743108280003 0.015472312166821212 0.033660588786005974
0 0.8407980164338369 0.2552594649605453 0.012214983289595693 0.028050490655004978
0 0.8599348235875368 0.27068723482079804 0.013029315508902073 0.033660588786005974
0 0.8709283085481729 0.25105189136229455 0.013843647728208452 0.033660588786005974
0 0.8945439429080579 0.2861150046810508 0.015472312166821212 0.03646563785150647
0 0.8851791223860346 0.32538569159805775 0.014657979947514832 0.028050490655004978
0 0.8778501324122772 0.34782608412206173 0.01628664438612759 0.03646563785150647
0 0.86034198969719 0.3702664766460657 0.023615634359885007 0.05329593224450946
0 0.9108305872941855 0.4642356203403324 0.03664494986878708 0.06451612850651145
0 0.914087916171411 0.32608695386443287 0.015472312166821212 0.04067321144975722
0 0.931188892776845 0.29733520094305277 0.013843647728208452 0.028050490655004978
0 0.9287458961189259 0.2784011197509244 0.01710097660543397 0.03506311331875622
0 0.9328175572154578 0.36044880491681397 0.01872964104404673 0.05329593224450946
