0 0.1315352710953448 0.5334302305709571 0.040663900843355805 0.06976744160056114
0 0.22780083227553405 0.3422965103527531 0.017427386075723916 0.03633720916695893
0 0.25435684915282764 0.3633720916695893 0.019087137130554765 0.037790697533637285
0 0.28257261708495207 0.3146802313858643 0.015767635020893067 0.027616278966888785
0 0.2809128660301212 0.3822674404364079 0.019087137130554765 0.037790697533637285
0 0.33195021096616983 0.36482558003626764 0.02323651476763189 0.043604651000350714
0 0.35228216138784774 0.34084302198607475 0.015767635020893067 0.027616278966888785
0 0.3510373480967246 0.3015988360857591 0.014937759493477643 0.0305232557002455
0 0.3917012489400804 0.2601744176354259 0.014937759493477643 0.029069767333567142
0 0.42697095885523595 0.26235465018544346 0.015767635020893067 0.02470930223353207
0 0.44439834493095987 0.2674418594688177 0.015767635020893067 0.03488372080028057
0 0.46721992193488404 0.24345930141862482 0.01659751054830849 0.0305232557002455
0 0.473029050626792 0.26671511528547853 0.014937759493477643 0.0305232557002455
0 0.473029050626792 0.30741278955247253 0.014937759493477643 0.027616278966888785
0 0.4078838217246812 0.33357558015268296 0.020746888185385615 0.03924418590031564
0 0.4053941951424349 0.28270348731894046 0.014107883966062218 0.0305232557002455
0 0.4518672246776987 0.3422965103527531 0.019087137130554765 0.04215116263367236
0 0.5078838227782398 0.26598837110213935 0.014937759493477643 0.029069767333567142
0 0.5165975158161018 0.2536337199853733 0.014107883966062218 0.021802325500175357
0 0.5269709599087946 0.2507267432520166 0.014937759493477643 0.027616278966888785
0 0.5340249018918257 0.2776162780355662 0.019087137130554765 0.029069767333567142
0 0.5448132837482262 0.2550872083520517 0.017427386075723916 0.0305232557002455
0 0.5560166033683345 0.27906976640224457 0.02157676371280104 0.029069767333567142
0 0.5568464788957499 0.22601744101848453 0.01659751054830849 0.027616278966888785
0 0.5713693006255198 0.223837208468467 0.015767635020893067 0.026162790600210428
0 0.6087136993592139 0.20857558061834425 0.014107883966062218 0.021802325500175357
0 0.60580913501326 0.22819767356850207 0.014937759493477643 0.023255813866853714
0 0.6298755253083073 0.21584302245173603 0.01659751054830849 0.021802325500175357
0 0.6402489694010001 0.22311046428512782 0.012448132911231369 0.021802325500175357
0 0.6742738660250325 0.2100290689850226 0.014107883966062218 0.021802325500175357
0 0.673443990497617 0.2303779061185196 0.015767635020893067 0.02470930223353207
0 0.6867219989362638 0.22601744101848453 0.012448132911231369 0.021802325500175357
0 0.6373444050550461 0.24999999906867743 0.014937759493477643 0.026162790600210428
0 0.6020746951398905 0.2572674409020692 0.015767635020893067 0.029069767333567142
0 0.5796680558996741 0.2718023245688528 0.014107883966062218 0.026162790600210428
0 0.5029045696137473 0.33066860341932625 0.02323651476763189 0.03633720916695893
0 0.7087137004127726 0.2543604641687125 0.014937759493477643 0.03488372080028057
0 0.739834032690851 0.2572674409020692 0.014107883966062218 0.029069767333567142
0 0.7423236592730973 0.24345930141862482 0.012448132911231369 0.027616278966888785
0 0.7493776012561284 0.2376453479519114 0.009958506328985095 0.018895348766818643
0 0.784647311171284 0.24273255723528564 0.014107883966062218 0.029069767333567142
0 0.8136929546308238 0.24563953396864235 0.014107883966062218 0.026162790600210428
0 0.8215767721412703 0.2747093013022095 0.01825726160313934 0.03488372080028057
0 0.8514522911282256 0.26235465018544346 0.014937759493477643 0.0305232557002455
0 0.8593361086386722 0.27616278966888785 0.014107883966062218 0.03197674406692386
0 0.8838174366974272 0.2601744176354259 0.014937759493477643 0.029069767333567142
0 0.8995850717183203 0.28343023150227964 0.01659751054830849 0.037790697533637285
0 0.9452282257261686 0.284883719868958 0.014937759493477643 0.023255813866853714
0 0.9360995949245989 0.3117732546525076 0.01825726160313934 0.0305232557002455
0 0.9257261508319061 0.3328488359693438 0.014107883966062218 0.03488372080028057
0 0.8937759430264123 0.3212209290359169 0.01659751054830849 0.029069767333567142
0 0.8730290548410267 0.3452034870861098 0.01825726160313934 0.03633720916695893
0 0.8518672288919333 0.32049418485257775 0.017427386075723916 0.03633720916695893
0 0.800414946192177 0.2986918593524024 0.015767635020893067 0.027616278966888785
0 0.7854771866986994 0.28997092915233225 0.014107883966062218 0.033430232433602214
0 0.7058091360668186 0.3023255802690983 0.017427386075723916 0.03488372080028057
0 0.6705394261516631 0.27688953385222703 0.013278008438646793 0.0305232557002455
0 0.37634855168289505 0.3517441847361624 0.017427386075723916 0.037790697533637285
0 0.4767634905001614 0.40843023103661835 0.025726141349878162 0.052325581200420856
0 0.539419092820026 0.3597383707528934 0.02323651476763189 0.047965116100385785
0 0.5298755242547486 0.43895348673686385 0.03070539451437071 0.061046511400491
0 0.5867219978827052 0.46656976570375264 0.031535270041786134 0.06976744160056114
0 0.6352697162365075 0.47238371917046607 0.03402489662403241 0.06686046486720443
0 0.636099591763923 0.3045058128191158 0.019087137130554765 0.03633720916695893
0 0.6016597573761828 0.3328488359693438 0.01825726160313934 0.037790697533637285
0 0.6145228280511219 0.37136627768632025 0.019087137130554765 0.04215116263367236
0 0.6477178491477389 0.3517441847361624 0.019087137130554765 0.040697674266994
0 0.6564315421856008 0.3670058125862852 0.02323651476763189 0.03924418590031564
0 0.6800829947169404 0.31976744066923857 0.019087137130554765 0.040697674266994
0 0.6950207542104181 0.36845930095296353 0.020746888185385615 0.047965116100385785
0 0.7244813354336657 0.4077034868532792 0.024896265822462738 0.05668604630045593
0 0.7879668132809456 0.4265988356200978 0.024066390295047313 0.047965116100385785
0 0.8153527056856547 0.366279068402946 0.022406639240216464 0.040697674266994
0 0.8601659841660876 0.3720930218696594 0.022406639240216464 0.03488372080028057
0 0.8560166065290105 0.4135174403199926 0.022406639240216464 0.04505813936702907
0 0.9356846571608912 0.40697674266994 0.019087137130554765 0.037790697533637285
0 0.9307054039963987 0.4745639517204836 0.02738589240470901 0.05959302303381264
0 0.8468879757274408 0.48037790518719703 0.02904564345953986 0.062499999767169356
0 0.8257261497783475 0.49709302140399814 0.029875518986955285 0.061046511400491
0 0.7024896339571569 0.5501453467877582 0.037344398733694106 0.0712209299672395
