0 0.051562502689193934 0.45416667766403407 0.05937500309664756 0.08055555750615895
0 0.14010417397366837 0.44166667736135423 0.04270833556074649 0.05833333474583924
0 0.12135417299577966 0.4118055655271746 0.04270833556074649 0.05138889013323933
0 0.07916667079553008 0.4131944544496946 0.031250001629814506 0.05138889013323933
0 0.18854167649988085 0.47013890027301386 0.04375000228174031 0.076388890738599
0 0.23697917902609333 0.6187500149826519 0.10104167193640023 0.14861111470963806
0 0.33697918424149975 0.535416679631453 0.0927083381684497 0.1458333368645981
0 0.27291668090038 0.45625001104781404 0.06041666981764138 0.076388890738599
0 0.33072918391553685 0.42500001029111445 0.021875001140870154 0.04444444552063942
0 0.35000001825392246 0.4138888989109546 0.027083334745839238 0.05277777905575931
0 0.3708333526737988 0.42638889921363443 0.025000001303851604 0.05000000121071935
0 0.39947918750112876 0.4354166772100143 0.03645833523478359 0.05416666797827929
0 0.43072918913094327 0.41875001013977453 0.02604166802484542 0.048611112288199365
0 0.45989585731877014 0.4375000105937943 0.04062500211875886 0.06388889043591917
0 0.44322918978286907 0.3388888970948756 0.023958334582857788 0.03888888983055949
0 0.5104166932869703 0.43333334382623434 0.03333333507180214 0.05277777905575931
0 0.5322916944278404 0.40277778753079474 0.02291666786186397 0.03888888983055949
0 0.5656250294996426 0.3923611206118949 0.02291666786186397 0.034722223062999547
0 0.5619791959761642 0.5618055691593327 0.1302083401242271 0.2069444494554773
0 0.6932292028213851 0.4826389005756937 0.04687500244472176 0.0847222242737189
0 0.6546875341446139 0.44027778843883425 0.03020833490882069 0.05000000121071935
0 0.6229166991543025 0.3993055652244948 0.025000001303851604 0.03750000090803951
0 0.6755208685644902 0.41805556567851454 0.02604166802484542 0.03611111198551953
0 0.693750036181882 0.4000000096857548 0.029166668187826872 0.04444444552063942
0 0.7458333722315729 0.34930556401377544 0.02291666786186397 0.03750000090803951
0 0.7692708734539337 0.4916666785720736 0.051041669328697026 0.09444444673135877
0 0.7401042052661069 0.4298611215199344 0.03229166835080832 0.048611112288199365
0 0.7625000397674739 0.41111112106591463 0.020833334419876337 0.033333334140479565
0 0.7843750409083441 0.4062500098370947 0.018750000977888703 0.03750000090803951
0 0.8088542088516988 0.4201388990622945 0.021875001140870154 0.05138889013323933
0 0.8458333774469793 0.4291666770586744 0.02291666786186397 0.041666667675599456
0 0.8723958788323216 0.44027778843883425 0.03645833523478359 0.06666666828095913
0 0.9093750474276021 0.4298611215199344 0.03333333507180214 0.056944445823319256
0 0.9375000488944352 0.4652777890441939 0.04583333572372794 0.07222222397103906
0 0.8671875452273525 0.5263889016350731 0.05937500309664756 0.09444444673135877
0 0.9828125512576662 0.44097223290009424 0.03229166835080832 0.056944445823319256
0 0.9406250490574166 0.4118055655271746 0.02291666786186397 0.04305555659811944
