0 0.7123572477139533 0.3022181185078807 0.03322949260473251 0.0646950100781396
0 0.5960540235973895 0.22735674970317632 0.02076843287795782 0.044362292625010014
0 0.6230529863387346 0.21903881983598694 0.022845276165753603 0.042513863765634596
0 0.657840111409314 0.18669131479691714 0.017653167946264148 0.036968577187508345
0 0.6822430200409144 0.22181146312505007 0.01869158959016204 0.04066543490625918
0 0.7222222533309832 0.2245841064141132 0.01973001123405993 0.03881700604688376
0 0.7133956693578511 0.19131238694535568 0.01869158959016204 0.03512014832813293
0 0.6978193446993828 0.17560074164066464 0.01869158959016204 0.03327171946875751
0 0.7383177888114005 0.17560074164066464 0.016614746302366257 0.03327171946875751
0 0.7279335723724216 0.1404805933125317 0.012461059726774693 0.03327171946875751
0 0.7450675294967368 0.14510166546097025 0.013499481370672584 0.024029575171880424
0 0.7637591190868989 0.13216266344534233 0.013499481370672584 0.02772643289063126
0 0.31775702303275466 0.2144177476875484 0.016614746302366257 0.02587800403125584
0 0.37019731604959816 0.1931608158047311 0.013499481370672584 0.03142329060938209
0 0.37590863509103656 0.17560074164066464 0.014537903014570475 0.02587800403125584
0 0.4200415549566969 0.1728280983516015 0.015576324658468366 0.03142329060938209
0 0.43717551208101213 0.17467652721097693 0.012461059726774693 0.02772643289063126
0 0.4449636744102463 0.15619223861722276 0.013499481370672584 0.024029575171880424
0 0.44184840947855264 0.13770795002346858 0.013499481370672584 0.02033271745312959
0 0.47144342632964253 0.13401109230471775 0.012461059726774693 0.02033271745312959
0 0.4745586912613362 0.15804066747659817 0.012461059726774693 0.02772643289063126
0 0.4584631557809189 0.16635859734378755 0.013499481370672584 0.022181146312505007
0 0.46936658304184675 0.2033271745312959 0.016614746302366257 0.036968577187508345
0 0.47403948043938726 0.19038817251566797 0.013499481370672584 0.022181146312505007
0 0.5254413518123329 0.1820702426484786 0.016614746302366257 0.03142329060938209
0 0.5581516335951164 0.18576710036722943 0.015576324658468366 0.03142329060938209
0 0.4870197509881109 0.14695009432034567 0.014537903014570475 0.02772643289063126
0 0.4984423890709877 0.1275415912969038 0.01038421643897891 0.018484288593754172
0 0.5254413518123329 0.12292051914846525 0.012461059726774693 0.02033271745312959
0 0.5321910924976692 0.11922366142971441 0.007268951507285237 0.02033271745312959
0 0.5290758275659755 0.15434380975784734 0.013499481370672584 0.024029575171880424
0 0.5368639898952097 0.14787430875003338 0.012461059726774693 0.02587800403125584
0 0.5456905738683417 0.13678373559378088 0.011422638082876801 0.022181146312505007
0 0.5784008556511253 0.1386321644531563 0.01038421643897891 0.02587800403125584
0 0.5846313855145127 0.12292051914846525 0.012461059726774693 0.024029575171880424
0 0.5976116560632363 0.13401109230471775 0.011422638082876801 0.02033271745312959
0 0.6157840348314494 0.10351201612502337 0.01038421643897891 0.022181146312505007
0 0.6308411486679688 0.13031423458596691 0.011422638082876801 0.024029575171880424
0 0.6344756244216114 0.15711645304691046 0.014537903014570475 0.02587800403125584
0 0.6604361655190587 0.14232902217190713 0.01038421643897891 0.02587800403125584
0 0.6547248464776203 0.12476894800784066 0.00934579479508102 0.02033271745312959
0 0.6609553763410076 0.11367837485158816 0.00934579479508102 0.02033271745312959
0 0.6780893334653229 0.10905730270314962 0.01038421643897891 0.02587800403125584
0 0.7092419827822596 0.12199630471877754 0.01038421643897891 0.022181146312505007
0 0.685877495794557 0.14787430875003338 0.013499481370672584 0.018484288593754172
0 0.7788162329234183 0.15249538089847192 0.012461059726774693 0.03142329060938209
0 0.7954309792257845 0.1598890963359736 0.012461059726774693 0.02772643289063126
0 0.800623087445274 0.13308687787503004 0.01038421643897891 0.022181146312505007
0 0.8146417796378955 0.15896488190628588 0.011422638082876801 0.029574861750006676
0 0.800623087445274 0.20147874567192048 0.014537903014570475 0.029574861750006676
0 0.8167186229256913 0.19963031681254506 0.013499481370672584 0.029574861750006676
0 0.8354102125158533 0.1728280983516015 0.011422638082876801 0.03512014832813293
0 0.828660471830517 0.13678373559378088 0.012461059726774693 0.02587800403125584
0 0.857736277859658 0.139556378882844 0.01038421643897891 0.03142329060938209
0 0.8655244401888922 0.20055453124223277 0.011422638082876801 0.03881700604688376
0 0.8795431323815137 0.2707948278984986 0.014537903014570475 0.042513863765634596
0 0.8878505055326968 0.23012939299223945 0.014537903014570475 0.04621072148438543
0 0.8982347219716758 0.20609981782035902 0.012461059726774693 0.03142329060938209
0 0.9408100093714893 0.22365989198442549 0.012461059726774693 0.036968577187508345
0 0.9413292201934382 0.18946395808598027 0.011422638082876801 0.02033271745312959
0 0.9174455223837867 0.17652495607035235 0.013499481370672584 0.03142329060938209
0 0.9449636959470809 0.1709796694922261 0.01038421643897891 0.024029575171880424
0 0.8966770895058289 0.1598890963359736 0.011422638082876801 0.02772643289063126
