0 0.0375000000349246 0.5256410277215764 0.07115384622011334 0.16483516548760235
0 0.1096153847174719 0.4285714302677661 0.0615384615957737 0.12454212503507733
0 0.1788461540127173 0.5347985369153321 0.08076923084445298 0.17582417652010918
0 0.23846153868362308 0.4377289394615218 0.053846153896301985 0.10622710664756596
0 0.20769230788573623 0.3772893787827343 0.034615384647622705 0.07326007355004549
0 0.31153846182860434 0.3919413934927434 0.03846153849735856 0.07326007355004549
0 0.2884615387301892 0.38095238246023655 0.026923076948150992 0.07326007355004549
0 0.4625000004307367 0.2619047629414126 0.032692307722754776 0.06959706987254322
0 0.5009615389280953 0.37545787694398314 0.032692307722754776 0.07692307722754776
0 0.5855769236222841 0.3791208806214854 0.032692307722754776 0.07692307722754776
0 0.6211538467323408 0.3846153861377388 0.03846153849735856 0.08791208826005459
0 0.6653846160043031 0.44505494681652635 0.05000000004656613 0.12087912135757506
0 0.667307692929171 0.373626375105232 0.04230769234709442 0.07326007355004549
0 0.6894230775651522 0.6208791233366355 0.12115384626667947 0.2307692316826433
0 0.7403846160741523 0.48901099094655365 0.053846153896301985 0.13553113606758416
0 0.7240384622127749 0.3937728953314945 0.044230769271962345 0.09157509193755686
0 0.775000000721775 0.4322344339452684 0.04615384619683027 0.09523809561505914
0 0.8903846162138507 0.507326009334065 0.05769230774603784 0.13553113606758416
0 0.9413461547228508 0.5659340681741014 0.1096153847174719 0.2454212463926524
0 0.96057692397153 0.40476190636400133 0.05192307697143406 0.11355311400257051
