0 0.12545454630162567 0.594240843784064 0.07272727321833372 0.12041884940117598
0 0.07636363687925041 0.5235602147877216 0.05454545491375029 0.07853403221815825
0 0.06909090955741704 0.46858639223501086 0.04727272759191692 0.06806282792240381
0 0.17363636480877176 0.46335079008713365 0.038181818439625204 0.05759162362664938
0 0.24636363802710548 0.5039267067331821 0.056363636744208634 0.07068062899634242
0 0.22727272880729288 0.4751308949198574 0.050909091252833605 0.0654450268484652
0 0.29909091111039743 0.6636125722434372 0.09636363701429218 0.14397905906662345
0 0.33636363863479346 0.5798429378774017 0.06545454589650035 0.10732984403148293
0 0.4827272759866901 0.6321989593561739 0.08909090969245881 0.14921466121450067
0 0.4363636393100023 0.4725130938459188 0.04000000027008355 0.05497382255271077
0 0.39454545720946044 0.4410994809586555 0.032727272948250175 0.05497382255271077
0 0.47181818500394 0.447643983643502 0.027272727456875145 0.04712041933089495
0 0.5181818216806278 0.49214660190045834 0.04363636393100023 0.06806282792240381
0 0.5418181854765862 0.46727749169804156 0.032727272948250175 0.049738220404833555
0 0.6218181860167533 0.5248691153246909 0.06545454589650035 0.08115183329209685
0 0.6154545496101491 0.4790575965307653 0.038181818439625204 0.05235602147877216
0 0.5972727313055657 0.4397905804216862 0.03090909111779183 0.04188481718301773
0 0.6827272773371078 0.42670157505199313 0.03090909111779183 0.05759162362664938
0 0.6990909138112329 0.46727749169804156 0.038181818439625204 0.05497382255271077
0 0.7536363687249832 0.5235602147877216 0.045454545761458576 0.05759162362664938
0 0.7609090960468166 0.447643983643502 0.03454545477870852 0.05759162362664938
0 0.8136363691301085 0.46596859116107225 0.03454545477870852 0.05759162362664938
0 0.8918181878398173 0.46465969062410295 0.038181818439625204 0.0654450268484652
0 0.8300000056042336 0.6073298491537571 0.10000000067520887 0.1256544515490532
0 0.9781818247865885 0.5732984351925552 0.04363636393100023 0.10994764510542154
0 0.9827272793627344 0.4842931986786425 0.03454545477870852 0.07329843007028103
