0 0.24944445048458874 0.44473229587310925 0.15222222590819 0.2780656296527013
0 0.20333333825692534 0.2521588939707726 0.09777778014540672 0.16580310836434364
0 0.15777778159826994 0.12953367840964347 0.04000000096857548 0.07253885990940034
0 0.19444444915279746 0.1105354055762291 0.035555556416511536 0.06563039706088603
0 0.16666667070239782 0.08549222775036469 0.028888889588415623 0.03626942995470017
0 0.16555555956438184 0.06563039706088603 0.02222222276031971 0.03454231424257159
0 0.25777778401970863 0.07858376490185037 0.031111111864447594 0.05699481850024313
0 0.2900000070221722 0.1018998270155862 0.033333334140479565 0.06563039706088603
0 0.31944445217959583 0.1433506041066721 0.047777778934687376 0.07944732275791466
0 0.33388889697380364 0.09412780631100759 0.030000000726431608 0.04663212422747165
0 0.37166667566634715 0.0846286698943004 0.030000000726431608 0.062176165636628866
0 0.3988888985477388 0.1856649390538223 0.057777779176831245 0.10535405843984336
0 0.45555556658655405 0.2452504311222583 0.0688888905569911 0.13126079412177205
0 0.6327777931001037 0.4136442130547948 0.1144444472156465 0.2297063897131011
0 0.6450000156182796 0.24697754683438689 0.07444444624707103 0.1450777198188007
0 0.5266666794195771 0.17098445550072938 0.04666666779667139 0.08981001703068614
0 0.4500000108964741 0.14680483553092927 0.04222222324460745 0.07253885990940034
0 0.41722223232500255 0.09499136416707188 0.030000000726431608 0.04835923993960023
0 0.46333334455266595 0.09067357488675043 0.031111111864447594 0.07426597562152892
0 0.5088889012113214 0.10103626915952191 0.035555556416511536 0.05354058707598597
0 0.5461111243348569 0.08808290131855756 0.023333333898335695 0.04490500851534307
0 0.5716666805092245 0.10276338487165049 0.027777778450399637 0.05354058707598597
0 0.5944444588385522 0.09412780631100759 0.02666666731238365 0.06044904992450029
0 0.6338889042381197 0.11398963700048625 0.030000000726431608 0.05872193421237171
0 0.6727777940686792 0.18134714977350086 0.043333334382623434 0.08981001703068614
0 0.7000000169500709 0.13903281482635066 0.04222222324460745 0.08808290131855756
0 0.7883333524223417 0.151986182667315 0.03222222300246358 0.062176165636628866
0 0.8522222428582609 0.24265975755406544 0.06222222372889519 0.10880828986410052
0 0.8655555765144527 0.3704663202515803 0.1066666692495346 0.18825561262201518
0 0.8494444650132209 0.18393782334169373 0.05666666803881526 0.11226252128835768
0 0.9500000230036676 0.19689119118265808 0.04888889007270336 0.10017271130345762
