0 0.09423828125 0.6612665705615655 0.0986328125 0.1354933730326593
0 0.07275390625 0.6075110475649126 0.0927734375 0.1045655378839001
0 0.0517578125 0.8571428598370403 0.1015625 0.22680412442423403
0 0.21728515625 0.6597938165068626 0.0849609375 0.1590574379079044
0 0.2001953125 0.908689251751639 0.185546875 0.18262150278314948
0 0.24755859375 0.572164950252045 0.0595703125 0.09278350544627756
0 0.3115234375 0.5611192948417738 0.07421875 0.11487481626681983
0 0.39501953125 0.5780559664708562 0.0673828125 0.11340206221211702
0 0.42578125 0.5368188529391773 0.05078125 0.09867452166508883
0 0.4970703125 0.5986745232366957 0.06640625 0.11929307843092829
0 0.501953125 0.5324005907750688 0.060546875 0.08394698111806065
0 0.4775390625 0.7628866003360599 0.11328125 0.2002945514395833
0 0.59130859375 0.5346097218571231 0.0439453125 0.06774668651632965
0 0.6669921875 0.5331369678024203 0.05078125 0.08541973517276347
0 0.68359375 0.4808541988604702 0.048828125 0.07805596489924937
0 0.7265625 0.5353460988844745 0.060546875 0.09867452166508883
0 0.75537109375 0.5029455096810125 0.0400390625 0.07511045678984374
0 0.76708984375 0.7621502233087085 0.1162109375 0.2400589109165594
0 0.85400390625 0.8888070720131509 0.1650390625 0.22238586226012558
0 0.783203125 0.6318114894675091 0.08984375 0.16494845412671566
0 0.83251953125 0.5169366732006893 0.0458984375 0.0883652432821691
0 0.91650390625 0.5213549353647977 0.0498046875 0.0795287189539522
0 0.95458984375 0.5846833597170189 0.0751953125 0.12960235681384802
