0 0.18793273135088384 0.44561404432170093 0.04154302482493222 0.0807017560582608
0 0.34075171552831307 0.2500000051804818 0.02077151241246611 0.04385965003166348
0 0.38625121890800074 0.24824561917921528 0.024727990967221558 0.0403508780291304
0 0.4431255981326103 0.2622807071893476 0.017804153496399522 0.0403508780291304
0 0.4970326184411533 0.22631579416338354 0.022749751689843833 0.03508772002533078
0 0.441641918674577 0.22017544315895066 0.01681503385771066 0.03333333402406424
0 0.39119681710144505 0.19649123214185238 0.01681503385771066 0.031578948022797704
0 0.36547970649553463 0.19473684614058584 0.014836794580332935 0.028070176020264626
0 0.4223540857201442 0.18508772313361987 0.015825914219021797 0.03333333402406424
0 0.47032638819655403 0.18771930213551968 0.018793273135088384 0.031578948022797704
0 0.46587534982245415 0.14561403810512275 0.013847674941644073 0.024561404017731547
0 0.4995054175378755 0.13157895009499043 0.011869435664266348 0.024561404017731547
0 0.5257170879631303 0.1324561430956237 0.010880316025577486 0.022807018016465008
0 0.5415430021821521 0.1324561430956237 0.01285855530295521 0.01929824601393193
0 0.5128585326601751 0.1903508811374195 0.01681503385771066 0.029824562021531165
0 0.5375865236273967 0.20000000414438546 0.02077151241246611 0.031578948022797704
0 0.5860533859231509 0.17719298612792045 0.014836794580332935 0.031578948022797704
0 0.5786349886329845 0.12543859909055755 0.009891196386888623 0.029824562021531165
0 0.6167160947225057 0.11403509008232504 0.010880316025577486 0.02105263201519847
0 0.6201780134579167 0.14298245910322294 0.013847674941644073 0.026315790018998086
0 0.6360039276769385 0.2587719351868145 0.019782392773777246 0.04385965003166348
0 0.5850642662844621 0.2447368471766822 0.022749751689843833 0.0403508780291304
0 0.628585530386772 0.2131578991538845 0.018793273135088384 0.03333333402406424
0 0.6557863204507157 0.1842105301329866 0.02176063205115497 0.03508772002533078
0 0.746785327210091 0.178947372129187 0.013847674941644073 0.028070176020264626
0 0.7319485326297581 0.1526315821101889 0.011869435664266348 0.024561404017731547
0 0.6988130247336812 0.17192982812412083 0.018793273135088384 0.024561404017731547
0 0.6973293452756479 0.20526316214818507 0.015825914219021797 0.03508772002533078
0 0.7166171782300808 0.22807018016465008 0.018793273135088384 0.045614036032930017
0 0.7606330021517351 0.26403509319061413 0.017804153496399522 0.03333333402406424
0 0.6671611962956376 0.27807018120074645 0.026706230244599283 0.047368422034196556
0 0.7729969976353459 0.30438597121974453 0.022749751689843833 0.050877194036729634
0 0.8016814671573229 0.30701755022164434 0.018793273135088384 0.045614036032930017
0 0.8353115348727442 0.31491228722734377 0.024727990967221558 0.050877194036729634
0 0.8644905642140657 0.28333333920454606 0.019782392773777246 0.0403508780291304
0 0.9109791872324422 0.3491228142520413 0.023738871328532696 0.05964912404306233
0 0.926805101451464 0.3140350942267105 0.017804153496399522 0.04210526403039694
0 0.9272996612708084 0.20350877614691854 0.01681503385771066 0.04210526403039694
0 0.9470820540445857 0.17982456512982026 0.010880316025577486 0.03333333402406424
0 0.862512324936688 0.1929824601393193 0.013847674941644073 0.031578948022797704
0 0.8887239953619428 0.23245614516781643 0.018793273135088384 0.0403508780291304
0 0.8353115348727442 0.23508772416971624 0.01681503385771066 0.03508772002533078
0 0.8481700901756994 0.20614035514881834 0.01681503385771066 0.029824562021531165
0 0.8382788937888108 0.18771930213551968 0.01681503385771066 0.031578948022797704
0 0.9317506996449083 0.2877193042077124 0.015825914219021797 0.03859649202786386
