0 0.20230105734663084 0.487664477317594 0.04602109361439943 0.0871710532810539
0 0.3039309724117629 0.24424342287238687 0.01917545567266643 0.03453947394154966
0 0.34132311097346246 0.277138159959577 0.021093001239933074 0.04111842135898769
0 0.43432407098589465 0.28207237052265555 0.023010546807199717 0.04111842135898769
0 0.3911792957223952 0.20723684364929795 0.015340364538133144 0.03289473708719015
0 0.43288591181044467 0.21792763320263475 0.014381591754499823 0.03453947394154966
0 0.4534995266585611 0.22368421219289303 0.017257910105399787 0.036184210795909166
0 0.4554170722258277 0.18996710667852312 0.017257910105399787 0.031250000232830644
0 0.4372003893367946 0.17351973813492805 0.015340364538133144 0.031250000232830644
0 0.48418025573482737 0.19325658038724214 0.015340364538133144 0.02796052652411163
0 0.46260786810307764 0.15871710644569248 0.01246404618723318 0.02796052652411163
0 0.48082455099211074 0.15789473801851273 0.014381591754499823 0.029605263378471136
0 0.510067120892927 0.16776315914466977 0.013422818970866501 0.03289473708719015
0 0.49424736996297725 0.13569079048465937 0.01246404618723318 0.024671052815392613
0 0.568072874302743 0.15049342217389494 0.01246404618723318 0.024671052815392613
0 0.5910834211099427 0.15953947487287223 0.016299137321766466 0.029605263378471136
0 0.54410355471191 0.14720394846517593 0.01246404618723318 0.02796052652411163
0 0.5512943505891599 0.12664473778568208 0.013422818970866501 0.02631578966975212
0 0.5728667382209096 0.12664473778568208 0.016299137321766466 0.01973684225231409
0 0.6069031720398925 0.061677632038481534 0.011505273403599858 0.0213815791066736
0 0.6495685609115753 0.060032895184122026 0.01246404618723318 0.02796052652411163
0 0.6327900371979922 0.11842105351388454 0.015340364538133144 0.02631578966975212
0 0.6222435365780257 0.1439144747564569 0.011505273403599858 0.024671052815392613
0 0.6006711489462759 0.12500000093132257 0.01246404618723318 0.023026315961033106
0 0.4899328924366273 0.32648026559036225 0.02492809237446636 0.044407895067706704
0 0.568072874302743 0.30345394962932914 0.027804410725366324 0.050986842485144734
0 0.5733461246127263 0.2491776334354654 0.021093001239933074 0.037828947650268674
0 0.6169702862680424 0.2508223702898249 0.01821668288903311 0.037828947650268674
0 0.6313518780225422 0.30345394962932914 0.02588686515809968 0.05427631619386375
0 0.6749760396778584 0.26398026512470096 0.021093001239933074 0.050986842485144734
0 0.6342281963734422 0.19901315937750041 0.022051774023566395 0.036184210795909166
0 0.679769903596025 0.21052631735801697 0.021093001239933074 0.03289473708719015
0 0.7181208149413578 0.20312500151339918 0.017257910105399787 0.04111842135898769
0 0.7013422912277747 0.16118421172723174 0.016299137321766466 0.03289473708719015
0 0.708053700713208 0.10690789553336799 0.014381591754499823 0.029605263378471136
0 0.730584861128591 0.14638158003799617 0.013422818970866501 0.02631578966975212
0 0.7420901345321909 0.18009868555236608 0.013422818970866501 0.031250000232830644
0 0.7627037493803073 0.19161184353288263 0.01821668288903311 0.02796052652411163
0 0.7718120908248238 0.1529605274554342 0.013422818970866501 0.02631578966975212
0 0.7540747943276074 0.12006579036824405 0.014381591754499823 0.029605263378471136
0 0.7703739316493738 0.11430921137798578 0.01246404618723318 0.031250000232830644
0 0.7761265683511738 0.18256579083390534 0.01246404618723318 0.02631578966975212
0 0.8183125708310399 0.19078947510570288 0.020134228456299752 0.03947368450462818
0 0.8326941625855397 0.13404605363029987 0.01246404618723318 0.0213815791066736
0 0.8504314590827562 0.15378289588261396 0.013422818970866501 0.02796052652411163
0 0.8715244603226893 0.18750000139698386 0.015340364538133144 0.029605263378471136
0 0.8954937799135223 0.23437500174622983 0.017257910105399787 0.031250000232830644
0 0.9089165988843888 0.19490131724160165 0.015340364538133144 0.04111842135898769
0 0.945349964662455 0.19983552780468017 0.017257910105399787 0.03453947394154966
0 0.7933844784565736 0.3166118444642052 0.022051774023566395 0.04769736877642572
0 0.7344199522631243 0.2845394758041948 0.021093001239933074 0.05263157933950424
0 0.4798657782084774 0.21628289634827524 0.020134228456299752 0.037828947650268674
