0 0.9481393455644138 0.23344370839186013 0.011876484495587647 0.036423841025680304
0 0.9342834469862282 0.25827814545482397 0.012668250128626823 0.036423841025680304
0 0.8974663450499065 0.2731788076926023 0.013460015761666 0.04635761585086584
0 0.8927157512516715 0.2168874170165509 0.013460015761666 0.03973509930074215
0 0.87490102450829 0.22847682097926736 0.012668250128626823 0.03973509930074215
0 0.9053840013802983 0.2359271520981565 0.011876484495587647 0.04470198671333492
0 0.9885193928494118 0.2533112580422312 0.008709421963430941 0.036423841025680304
0 0.9790182052529417 0.2922185427742079 0.011876484495587647 0.038079470163211226
0 0.9750593770877458 0.32698675466235727 0.011876484495587647 0.04470198671333492
0 0.9802058537025005 0.3543046354316175 0.014251781394705176 0.043046357575803995
0 0.9291369703714736 0.3369205294875428 0.016627078293822706 0.054635761538520455
0 0.9576405331608839 0.3692052976693958 0.01821060955990106 0.06622516550123692
0 0.9548693534452468 0.43294701946433634 0.017418843926861882 0.07450331118889153
0 0.8642121884622611 0.3352649003500119 0.01821060955990106 0.0579470198135823
0 0.8808392667560838 0.4230132446391508 0.01979414082597941 0.07781456946395338
0 0.8539192352327518 0.49668874125927687 0.02454473462421447 0.08609271515160799
0 0.8139350707642734 0.18294701969716698 0.012668250128626823 0.038079470163211226
0 0.8234362583607435 0.21605960244778544 0.014251781394705176 0.04139072843827307
0 0.8372921569389291 0.20529801305383444 0.015043547027744353 0.03973509930074215
0 0.8115597738651559 0.24172185407951474 0.01583531266078353 0.04635761585086584
0 0.8206650786451064 0.3004966884618625 0.016627078293822706 0.0579470198135823
0 0.7759303203783929 0.1804635759908706 0.01108471886254847 0.03311258275061846
0 0.7624703046167269 0.1887417216785252 0.012668250128626823 0.03311258275061846
0 0.7834520938922651 0.1995033110724762 0.015043547027744353 0.038079470163211226
0 0.7711797265801579 0.27566225139889866 0.019002375192940235 0.0579470198135823
0 0.7494061716715805 0.22268211899790913 0.016627078293822706 0.05132450326345861
0 0.7371338043594733 0.21357615874148905 0.014251781394705176 0.036423841025680304
0 0.7272367339464836 0.2533112580422312 0.01979414082597941 0.05298013240098953
0 0.6951702258083969 0.20529801305383444 0.017418843926861882 0.04635761585086584
0 0.6963578742579557 0.13576158927753568 0.011876484495587647 0.036423841025680304
0 0.7173396635334939 0.15149006608407944 0.012668250128626823 0.04139072843827307
0 0.6916072804597206 0.15397350979037583 0.013460015761666 0.03973509930074215
0 0.671021374000702 0.22433774813544005 0.01821060955990106 0.05132450326345861
0 0.7292161480290815 0.3973509930074215 0.025336500257253647 0.07284768205136061
0 0.6650831317529082 0.3990066221449524 0.023752968991175294 0.06953642377629876
0 0.8079968285164796 0.4569536419585347 0.032462390954606235 0.08609271515160799
0 0.659540772321634 0.12582781445235014 0.01108471886254847 0.03311258275061846
0 0.6365795689634979 0.12334437074605376 0.014251781394705176 0.03476821188814938
0 0.6539984128903598 0.14486754953395575 0.012668250128626823 0.03476821188814938
0 0.6615201864042319 0.17715231771580875 0.013460015761666 0.036423841025680304
0 0.596991287311539 0.11920529790222645 0.01108471886254847 0.036423841025680304
0 0.5866983340820298 0.13245033100247383 0.012668250128626823 0.03311258275061846
0 0.5942201075959019 0.1564569534966722 0.013460015761666 0.03476821188814938
0 0.6132224827888422 0.14900662237778306 0.013460015761666 0.03311258275061846
0 0.6175771937705576 0.17052980116568506 0.012668250128626823 0.036423841025680304
0 0.6211401391192339 0.1953642382286489 0.013460015761666 0.04635761585086584
0 0.6096595374401659 0.29552980104926974 0.020585906459018588 0.0579470198135823
0 0.5874900997150689 0.19288079452235252 0.014251781394705176 0.04470198671333492
0 0.5625494822743349 0.13245033100247383 0.013460015761666 0.03311258275061846
0 0.5589865369256586 0.15149006608407944 0.014251781394705176 0.031456953613087535
0 0.5312747397692874 0.15728476806543767 0.01583531266078353 0.03311258275061846
0 0.5593824197421782 0.21109271503519267 0.015043547027744353 0.04139072843827307
0 0.5851148028159514 0.3311258275061846 0.025336500257253647 0.059602648951113224
0 0.610451303073205 0.3634105956880376 0.023752968991175294 0.0579470198135823
0 0.5122723645763472 0.05711920524481684 0.014251781394705176 0.02814569533802569
0 0.4600158327957615 0.15397350979037583 0.012668250128626823 0.036423841025680304
0 0.4853523330530152 0.16225165547803044 0.014251781394705176 0.043046357575803995
0 0.4984164659981616 0.14900662237778306 0.011876484495587647 0.03311258275061846
0 0.49999999726423994 0.20281456934753805 0.015043547027744353 0.04470198671333492
0 0.4837688017869368 0.2317880792543292 0.019002375192940235 0.05298013240098953
0 0.43942992633674294 0.19453642365988344 0.014251781394705176 0.04139072843827307
0 0.423990496492479 0.17301324487198144 0.013460015761666 0.038079470163211226
0 0.3998416446847841 0.23261589382309467 0.01583531266078353 0.048013244988396764
0 0.44932699674973264 0.2938741719117388 0.022961203358136117 0.0579470198135823
0 0.37846397259272635 0.1779801322845742 0.01583531266078353 0.038079470163211226
0 0.36183689429890364 0.20447019848506898 0.014251781394705176 0.04470198671333492
0 0.3741092616110109 0.26076158916112036 0.01821060955990106 0.054635761538520455
0 0.3226444954634644 0.2061258276225999 0.01821060955990106 0.04470198671333492
0 0.3222486126469448 0.23509933752939105 0.01583531266078353 0.03973509930074215
0 0.36144101148238406 0.2450331123545766 0.021377672092057765 0.036423841025680304
0 0.2652414870681241 0.2450331123545766 0.014251781394705176 0.043046357575803995
0 0.23357086174655706 0.2574503308860585 0.01108471886254847 0.04139072843827307
0 0.24623911187518388 0.2615894037298858 0.017418843926861882 0.043046357575803995
0 0.10649247764376923 0.5504966882290319 0.04196357855107635 0.10761589393950999
