1 0.6623036717064679 0.39578713627997786 0.15445026336237788 0.29933480895124376
1 0.8108638826524839 0.3891352516366169 0.10340314242057502 0.26385809085331857
1 0.9168848261469975 0.3747228349093348 0.14790576067753136 0.30598669359460473
1 0.8920157159445807 0.2982261615106836 0.11649214779026806 0.26385809085331857
1 0.8095549821155146 0.07649667339865118 0.10078534134663641 0.14855875703506172
1 0.6197644042549655 0.1751662956085056 0.11387434671632946 0.2660753857344389
1 0.7074607402319089 0.15299334679730237 0.07984293275512755 0.19955653930082917
1 0.9273560304427519 0.10088691709097475 0.0981675402726978 0.14855875703506172
1 0.5785340373404324 0.08980044268537313 0.08900523651391268 0.1662971160840243
1 0.47447644465137273 0.2217294881120324 0.0955497391987592 0.19512194953858852
1 0.2879581181332469 0.07427937851753086 0.07853403221815825 0.14412416727282107
1 0.3599476476665586 0.060975609230808914 0.07853403221815825 0.11751662869937718
1 0.06937172845937312 0.06651884643360972 0.08115183329209685 0.1286031031049788
0 0.28337696625385433 0.3337028796086088 0.11125654564239085 0.2505543215665966
0 0.37434555357322097 0.2339246099581942 0.10471204295754433 0.2106430137064308
0 0.05497382255271077 0.49002216872759163 0.10732984403148293 0.2217294881120324
0 0.462696339818649 0.5354767137905583 0.13481675530783832 0.2505543215665966
