0 0.17647058330476284 0.38698631164152175 0.032507739029824734 0.04794520675204694
0 0.17066562990657985 0.3472602831898257 0.025541794952005148 0.031506850151345134
0 0.20859132544137537 0.29931507643777877 0.025541794952005148 0.03972602845169604
0 0.22368420427665114 0.3287671320140362 0.02476780116558075 0.04657534370198846
0 0.28018575068563223 0.27123288391157985 0.017027863301336765 0.038356165401637554
0 0.3018575767055154 0.24520548596046865 0.018575850874185562 0.03287671320140362
0 0.32856036233715713 0.2554794588359073 0.020897832233458757 0.045205480651929975
0 0.3552631479687989 0.2589041164610535 0.02012383844703436 0.04109589150175452
0 0.4024767689406872 0.23561644461005926 0.023219813592731953 0.052054795902222395
0 0.4315015359316021 0.24726028053555638 0.02863777009770274 0.05068493285216391
0 0.32430339651182294 0.35753425606526434 0.026315788738429546 0.05479452200233936
0 0.36726005165837705 0.44726028584409505 0.041021670680493116 0.07260274165309966
0 0.3467492163181305 0.5520548091735691 0.05263157747685909 0.09315068740397692
