0 0.017666666477452964 0.5281406978610903 0.031333332997746766 0.05326633108779788
0 0.06333333265502006 0.6417085358407348 0.050666666124016047 0.07135678315535188
0 0.04499999951804057 0.624623108888045 0.03266666631679982 0.06130653200671077
0 0.22366666427114978 0.5201004969421774 0.024666666402481496 0.04321607993915677
0 0.2573333305772394 0.5105527583509684 0.026666666381061077 0.046231155283749104
0 0.3236666632001288 0.6663316511549056 0.061999999335967004 0.10452261194586754
0 0.3949999957694672 0.7125628064386547 0.07799999916460365 0.11658291332423687
0 0.42466666211839765 0.6597989879082888 0.03866666625253856 0.07135678315535188
0 0.47033332829596475 0.6723618018440902 0.05133333278354257 0.09447236079722643
0 0.46033332840306684 0.5045226076617837 0.02199999976437539 0.038190954364836216
0 0.5296666609938256 0.6658291385974735 0.04066666623111814 0.0733668333850801
0 0.5446666608331725 0.7412060222122818 0.07733333250507712 0.11155778774991632
0 0.569333327235654 0.8396984834689647 0.13333333190530539 0.18994974670931697
0 0.5713333272142336 0.6783919525332749 0.04799999948590994 0.08040200918912888
0 0.718666658969596 0.6638190883677453 0.050666666124016047 0.0914572854526341
0 0.753999991924502 0.7391959719825536 0.07599999918602407 0.10552763706073165
0 0.7726666583912447 0.8120602928102016 0.11066666548140347 0.16884421929717064
0 0.8453333242796361 0.7412060222122818 0.0693333325907588 0.09346733568236232
0 0.8266666578128934 0.697487429715693 0.059999999357387424 0.08643215987831354
0 0.8999999903608114 0.5487437127158046 0.03199999965727329 0.06633165758103132
0 0.9686666562920436 0.6904522539116442 0.06266666599549353 0.10251256171613932
