0 0.04933814809191972 0.5992779745720327 0.09145607938989997 0.19494584714993834
0 0.08062575419899076 0.3953068567207083 0.05776173435151577 0.104693140136078
0 0.11311672977171838 0.43140793952625245 0.06257521221414208 0.09025270701386034
0 0.13056558702373877 0.3971119108609855 0.061371842748485506 0.08664259873330593
0 0.21119134122272953 0.5018050509970635 0.08543923206161708 0.14079422294162214
0 0.33393502671970055 0.8402527022990398 0.20336943969596177 0.3194945828290656
0 0.26654633664293215 0.40433212742209435 0.06377858167979866 0.09386281529441476
0 0.32310470152879134 0.38086642359849066 0.04693140916060656 0.07220216561108828
0 0.3592057854984887 0.6083032452734187 0.145607705344446 0.21299638855271041
0 0.4332130076363683 0.41064981691306457 0.05535499542020261 0.11010830255690962
0 0.5246690870262682 0.466606495261658 0.07942238473333418 0.1281588439596817
0 0.5716004961868748 0.3592057739151642 0.04332130076363683 0.08303249045275152
0 0.6101083190878853 0.35288808442419395 0.03850782290101051 0.07039711147081107
0 0.5018050671787933 0.22021660511381924 0.0336943450383842 0.061371840769425035
0 0.6456077183247544 0.4431407914380543 0.06859205954242498 0.13537906052079052
0 0.6901323885540478 0.5081227404880337 0.09025270992424339 0.16787003504578024
0 0.6811071175616235 0.35649819270474836 0.045728039694949985 0.07039711147081107
0 0.7484958076383919 0.38267147773876786 0.05776173435151577 0.09747292357496917
0 0.755114339699503 0.33122743474086747 0.04933814809191972 0.07400721975136548
0 0.7882070000050589 0.3592057739151642 0.052948256488889456 0.08303249045275152
0 0.8646209610742517 0.3375451242318377 0.05174488702323288 0.0794223821721971
0 0.888086665654555 0.35649819270474836 0.045728039694949985 0.07039711147081107
0 0.9524669320671819 0.3916967484401539 0.06377858167979866 0.104693140136078
0 0.9687124198535457 0.5658844729769044 0.06257521221414208 0.19675090129021555
0 0.8790613946621306 0.7662454825476743 0.19855596183333546 0.3411552325123921
0 0.8164861824479885 0.48646209080470726 0.0782190152676776 0.12454873567912728
