0 0.15384615864604712 0.43173076963284984 0.020512821152806282 0.03653846157249063
0 0.03653846267843619 0.7413461545365863 0.06794872006867081 0.12884615396615118
0 0.02435897511895746 0.6538461544550955 0.04358974494971335 0.07307692314498127
0 0.06730769440764561 0.6807692314032465 0.0525641042040661 0.07692307699471712
0 0.06217948911944404 0.6173076928826049 0.0346153856953606 0.053846153896301985
0 0.053205129865091294 0.5673076928360388 0.032051283051259816 0.053846153896301985
0 0.016025641525629908 0.5548076928243972 0.021794872474856675 0.044230769271962345
0 0.14679487637476996 0.6538461544550955 0.032051283051259816 0.05769230774603784
0 0.16987180017167702 0.7057692314265296 0.04743589891586453 0.07692307699471712
0 0.23974359722342342 0.8721153854276054 0.12564102956093848 0.1442307693650946
0 0.3000000093597919 0.7884615391958505 0.06666666874662042 0.1230769231915474
0 0.2762820599018596 0.6846153852529824 0.05512820684816688 0.08846153854392469
0 0.20576923718908802 0.6461538467556238 0.04230769362766296 0.05769230774603784
0 0.19679487793473527 0.5394230774254538 0.032051283051259816 0.03653846157249063
0 0.23076923796907067 0.5567307697492652 0.023076923796907067 0.04038461542222649
0 0.25000000779982656 0.5298076928011142 0.025641026441007853 0.04038461542222649
0 0.28846154746133834 0.5567307697492652 0.023076923796907067 0.04038461542222649
0 0.2967948810546659 0.5230769235640764 0.026923077763058245 0.03846153849735856
0 0.33653847203822806 0.5259615389513783 0.021794872474856675 0.04038461542222649
0 0.32435898447874933 0.5913461543968879 0.028205129085108638 0.03653846157249063
0 0.3506410365807824 0.5663461543736048 0.02435897511895746 0.03653846157249063
0 0.35897437017410994 0.5480769235873595 0.025641026441007853 0.034615384647622705
0 0.3801282169879414 0.5298076928011142 0.01923076983075589 0.03653846157249063
0 0.39166667888639495 0.561538462061435 0.02948718040715903 0.04615384619683027
0 0.3474359082756564 0.6230769236572087 0.035897437017410994 0.04615384619683027
0 0.4019230894627981 0.7442307699238881 0.07820513064507395 0.1307692308910191
0 0.47564104048069566 0.8038461545947939 0.08974359254352748 0.1653846155386418
0 0.698717970517464 0.7538461545482278 0.08461538725532591 0.13461538474075496
0 0.835897461976856 0.9163461546995677 0.1564102612901479 0.16730769246350974
0 0.9237179775373079 0.667307692929171 0.06282051478046924 0.09230769239366055
0 0.8929487458080985 0.6038461544085294 0.037179488339461386 0.053846153896301985
0 0.9205128492321819 0.5807692313101143 0.03846153966151178 0.05769230774603784
0 0.9538461836054921 0.5692307697609067 0.03333333437331021 0.05000000004656613
0 0.8589743857737631 0.5721153851482086 0.030769231729209423 0.0480769231216982
0 0.806410281569697 0.6201923082699068 0.04358974494971335 0.0750000000698492
0 0.7685897675692104 0.5846153851598501 0.032051283051259816 0.05000000004656613
0 0.7333333562128246 0.6336538467439823 0.051282052882015705 0.07884615391958505
0 0.721794894314371 0.5855769236222841 0.025641026441007853 0.04038461542222649
0 0.6833333546528593 0.6028846159460954 0.03846153966151178 0.0480769231216982
0 0.6250000194995664 0.5961538467090577 0.04230769362766296 0.06538461544550955
0 0.5641025817021728 0.6192307698074728 0.041025642305612564 0.06538461544550955
0 0.5282051446847618 0.587500000547152 0.025641026441007853 0.03653846157249063
0 0.5096154005150311 0.6250000005820766 0.037179488339461386 0.053846153896301985
0 0.49358975898940116 0.5644230774487369 0.025641026441007853 0.03653846157249063
0 0.4487179627176374 0.6288461544318125 0.030769231729209423 0.05769230774603784
0 0.421153859293554 0.6201923082699068 0.02948718040715903 0.05192307697143406
0 0.4487179627176374 0.5663461543736048 0.023076923796907067 0.03653846157249063
0 0.42948719288688153 0.5471153851249255 0.017948718508705497 0.02884615387301892
0 0.4153846283443272 0.5230769235640764 0.015384615864604712 0.026923076948150992
0 0.44679488573456183 0.5230769235640764 0.016666667186655104 0.026923076948150992
0 0.4673077068873681 0.534615385113284 0.016666667186655104 0.03076923079788685
0 0.4891025793622248 0.5230769235640764 0.01923076983075589 0.03076923079788685
0 0.5044871952268295 0.5288461543386802 0.01923076983075589 0.034615384647622705
0 0.5326923243119381 0.5538461543619633 0.01923076983075589 0.03076923079788685
0 0.5352564269560389 0.5278846158762462 0.01923076983075589 0.02884615387301892
0 0.5525641198037192 0.5153846158646047 0.020512821152806282 0.026923076948150992
0 0.5762820692616515 0.5134615389397368 0.01923076983075589 0.03846153849735856
0 0.5935897621093318 0.5326923081884161 0.023076923796907067 0.04230769234709442
0 0.6153846345841885 0.5096153850900009 0.017948718508705497 0.03076923079788685
0 0.6275641221436672 0.5009615389280953 0.01923076983075589 0.02884615387301892
0 0.626923096482642 0.5230769235640764 0.015384615864604712 0.023076923098415136
0 0.6384615583810955 0.5413461543503217 0.015384615864604712 0.02884615387301892
0 0.6012820700416341 0.588461539009586 0.028205129085108638 0.05000000004656613
0 0.6743589953985065 0.5365384620381519 0.020512821152806282 0.03076923079788685
0 0.6506410459405743 0.5134615389397368 0.014102564542554319 0.026923076948150992
0 0.6884615599410608 0.5173076927894726 0.015384615864604712 0.03076923079788685
0 0.6961538678733632 0.5375000005005859 0.017948718508705497 0.02884615387301892
0 0.7076923297718167 0.506730769702699 0.015384615864604712 0.03653846157249063
0 0.721794894314371 0.5028846158529632 0.017948718508705497 0.02884615387301892
0 0.8525641291635111 0.5192307697143406 0.020512821152806282 0.026923076948150992
0 0.7852564347558655 0.5115384620148689 0.016666667186655104 0.026923076948150992
