0 0.1222222251817584 0.6346153794438578 0.08000000193715096 0.13210702233482152
0 0.11222222493961453 0.4715719025116414 0.03777777869254351 0.07357859471812844
0 0.051666667917743325 0.45401337422663346 0.03666666755452752 0.06187290919478983
0 0.047777778934687376 0.3988294281880371 0.02444444503635168 0.038461538148112595
0 0.21055556065402925 0.4757525044842623 0.043333334382623434 0.07859531708527356
0 0.13333333656191826 0.4180601972620934 0.031111111864447594 0.05351170524954796
0 0.08333333535119891 0.39214046503184363 0.02666666731238365 0.04180601972620934
0 0.18055555992759764 0.4055183913442306 0.03222222300246358 0.051839464460499585
0 0.1988888937048614 0.39715718739898875 0.02444444503635168 0.04180601972620934
0 0.230000005569309 0.38963210384827107 0.028888889588415623 0.04013377893716097
0 0.25611111731268466 0.44230768870329484 0.027777778450399637 0.05518394603859633
0 0.2888888958841562 0.3988294281880371 0.02666666731238365 0.04849498288240284
0 0.3216666744556278 0.433946484758053 0.030000000726431608 0.051839464460499585
0 0.29555556271225214 0.4899665511911735 0.04888889007270336 0.07357859471812844
0 0.3983333429787308 0.4581939761992544 0.03444444527849555 0.0635451499838382
0 0.3988888985477388 0.3996655485825613 0.02666666731238365 0.05016722367145121
0 0.4200000101700425 0.5209030057885684 0.04888889007270336 0.08193979866337031
0 0.460000011138618 0.4080267525278032 0.031111111864447594 0.05351170524954796
0 0.3355555636808276 0.3954849466099404 0.028888889588415623 0.04180601972620934
0 0.538333346368745 0.42307691962923855 0.03222222300246358 0.0635451499838382
0 0.5050000122282654 0.46237457817187533 0.03888888983055949 0.06856187235098332
0 0.5922222365625203 0.32775919465348125 0.033333334140479565 0.046822742093354464
0 0.615555570460856 0.48578594921855256 0.03777777869254351 0.06856187235098332
0 0.6372222376521677 0.4397993275197223 0.03444444527849555 0.06020066840574145
0 0.7416666846256703 0.4439799294923432 0.03222222300246358 0.06187290919478983
