0 0.10836038950947113 0.5499999934691004 0.04626623372314498 0.09999999881256372
0 0.2130681816197466 0.26864406460663304 0.010551948042120785 0.02542372851166874
0 0.2260551945946645 0.3050847421400249 0.02516233763890341 0.044067796086892486
0 0.2719155841623433 0.24406779371201992 0.01623376621864736 0.047457626555114985
0 0.304383116599638 0.24745762418024242 0.01623376621864736 0.03728813515044749
0 0.3246753243729472 0.2364406751585193 0.017857142840512097 0.049152541789226234
0 0.34172077890252694 0.22118643805151805 0.01623376621864736 0.03898305038455874
0 0.36160714252036996 0.26864406460663304 0.018668831151444465 0.049152541789226234
0 0.3912337658694014 0.25593220035079867 0.014610389596782625 0.03389830468222499
0 0.3831168827600777 0.20084745524218306 0.01623376621864736 0.03220338944811374
0 0.43790584374801256 0.31355931831058115 0.0202922077733092 0.05762711795978248
0 0.42573051908402704 0.20847457379568368 0.013798701285850257 0.047457626555114985
0 0.4387175320589449 0.1677966081770137 0.01217532466398552 0.03389830468222499
0 0.4679383112525102 0.25508474273374304 0.018668831151444465 0.05254237225744873
0 0.48904220733675174 0.1576271167723462 0.01217532466398552 0.03389830468222499
0 0.49634740213514306 0.21694914996623993 0.015422077907714993 0.047457626555114985
0 0.5154220774420537 0.1779660995816812 0.017857142840512097 0.03728813515044749
0 0.5450487007910851 0.2330508446902968 0.01704545452957973 0.03898305038455874
0 0.5588474020769354 0.1677966081770137 0.015422077907714993 0.03728813515044749
0 0.5511363631230779 0.1406779644312337 0.012987012974917889 0.03389830468222499
0 0.573457791673718 0.14237287966534495 0.01217532466398552 0.03728813515044749
0 0.5949675319134258 0.1305084730265662 0.012987012974917889 0.03389830468222499
0 0.6099837656656746 0.18305084528401494 0.015422077907714993 0.03728813515044749
0 0.6217532461741939 0.20338982809334993 0.014610389596782625 0.04067796561866999
0 0.6274350643507205 0.13474576111184433 0.012987012974917889 0.03220338944811374
0 0.6521915578341577 0.14999999821884558 0.01217532466398552 0.03559321991633624
0 0.6647727266536094 0.1338983034947887 0.012987012974917889 0.03389830468222499
0 0.655032466922421 0.19067796383751556 0.014610389596782625 0.03559321991633624
0 0.7134740253095515 0.1576271167723462 0.014610389596782625 0.03389830468222499
0 0.5702110384299885 0.3355932163540274 0.018668831151444465 0.044067796086892486
0 0.5892857137368992 0.40254236810142174 0.017857142840512097 0.07288135506678373
0 0.6067370124219451 0.309322030225303 0.018668831151444465 0.05254237225744873
0 0.6578733760106843 0.41271185950608924 0.02516233763890341 0.05593220272567123
0 0.7199675317970105 0.42372880852781236 0.027597402571700513 0.06440677889622748
0 0.7849025966715999 0.46101694367825985 0.027597402571700513 0.08135593123733997
0 0.877840908273356 0.48474575695581734 0.0202922077733092 0.07796610076911747
0 0.8904220770928077 0.4016949104843661 0.02110389608424157 0.06101694842800498
0 0.9614448042993899 0.451694909890648 0.021915584395173937 0.06610169413033873
0 0.6607142850989476 0.25932203081902117 0.022727272706106305 0.05762711795978248
0 0.6956168824690394 0.22118643805151805 0.017857142840512097 0.042372880852781236
0 0.7110389603767544 0.2771186407771893 0.01623376621864736 0.05593220272567123
0 0.7516233759233728 0.29999999643769115 0.022727272706106305 0.06440677889622748
0 0.7402597395703197 0.23813559039263055 0.017857142840512097 0.045762711321003735
0 0.7459415577468462 0.1991525400080718 0.014610389596782625 0.042372880852781236
0 0.7702922070748173 0.1915254214545712 0.012987012974917889 0.047457626555114985
0 0.8096590901550371 0.19322033668868244 0.015422077907714993 0.03728813515044749
0 0.7844967525161337 0.2194915228174068 0.015422077907714993 0.03898305038455874
0 0.798295453801984 0.25169491226552054 0.018668831151444465 0.05254237225744873
0 0.822646103129955 0.23474575992440805 0.01704545452957973 0.049152541789226234
0 0.8161525966424961 0.3050847421400249 0.0202922077733092 0.05762711795978248
0 0.8441558433696628 0.2228813532856293 0.01623376621864736 0.045762711321003735
0 0.8705357134749647 0.23813559039263055 0.015422077907714993 0.042372880852781236
0 0.8827110381389502 0.22372881090268493 0.010551948042120785 0.02711864374577999
0 0.9070616874669213 0.2330508446902968 0.015422077907714993 0.03220338944811374
0 0.9030032459122594 0.26525423413841054 0.018668831151444465 0.042372880852781236
0 0.9318181809503585 0.27542372554307804 0.014610389596782625 0.042372880852781236
0 0.9553571419673972 0.25508474273374304 0.012987012974917889 0.03559321991633624
0 0.9894480510265566 0.2601694884360768 0.012987012974917889 0.03559321991633624
0 0.8685064926976338 0.32372880971524864 0.02110389608424157 0.06101694842800498
0 0.9281655835511629 0.33813558920519426 0.015422077907714993 0.05593220272567123
0 0.9764610380516388 0.37457626673858613 0.017857142840512097 0.05423728749155998
0 0.8482142849243246 0.38559321576030925 0.019480519462376833 0.05593220272567123
0 0.6038961033336818 0.16016948962351307 0.014610389596782625 0.02881355897989124
0 0.5795454540057108 0.17881355719873682 0.012987012974917889 0.042372880852781236
0 0.3587662334321067 0.2025423704762943 0.01623376621864736 0.03220338944811374
0 0.9764610380516388 0.33813558920519426 0.014610389596782625 0.042372880852781236
0 0.8904220770928077 0.29999999643769115 0.017857142840512097 0.044067796086892486
0 0.6887175318261143 0.14491525251651183 0.013798701285850257 0.03559321991633624
0 0.6935876616917085 0.15847457438940182 0.015422077907714993 0.03559321991633624
