0 0.04459064360707998 0.5276497690938413 0.08625731058418751 0.1797235021367669
0 0.08040935732424259 0.45161290280520916 0.04093567281961441 0.06451612897217274
0 0.1564327497035265 0.4631336401216686 0.035087719559669495 0.06451612897217274
0 0.17324561532586813 0.42972350190393627 0.033625731244683266 0.05760368658229709
0 0.2222222238779068 0.4562211977317929 0.035087719559669495 0.07373271882534027
0 0.2631578966975212 0.6163594464305788 0.12280701845884323 0.20046082930639386
0 0.2719298265874386 0.4470046078786254 0.02923976629972458 0.04608294926583767
0 0.3084795344620943 0.4447004604153335 0.035087719559669495 0.05990783404558897
0 0.3377193007618189 0.4447004604153335 0.023391813039779663 0.0552995391190052
0 0.357456143014133 0.43778801802545786 0.019005848094820976 0.0414746543392539
0 0.38596491515636444 0.44354838668368757 0.02631578966975212 0.043778801802545786
0 0.3633040962740779 0.5322580640204251 0.05701754428446293 0.10599078331142664
0 0.43786550033837557 0.4585253451950848 0.03947368450462818 0.05990783404558897
0 0.4554093601182103 0.4493087553419173 0.021929824724793434 0.0414746543392539
0 0.4685672549530864 0.43202764936722815 0.01608187146484852 0.03456221194937825
0 0.48318713810294867 0.4700460825115442 0.04239766113460064 0.0691244238987565
0 0.5131578985601664 0.4412442392203957 0.023391813039779663 0.03917050687596202
0 0.5065789511427283 0.4216589857824147 0.01608187146484852 0.0276497695595026
0 0.5380116999149323 0.41589861712418497 0.020467836409807205 0.03456221194937825
0 0.5511695947498083 0.435483870562166 0.017543859779834747 0.0276497695595026
0 0.5343567291274667 0.4781105986330658 0.04239766113460064 0.06682027643546462
0 0.6008771974593401 0.5011520732659847 0.05263157933950424 0.09447004599496722
0 0.5760233961045742 0.4308755756355822 0.01461988314986229 0.0276497695595026
0 0.6030701799318194 0.4285714281722903 0.01608187146484852 0.0276497695595026
0 0.6293859696015716 0.44585253414697945 0.024853801354765892 0.062211981508880854
0 0.6564327534288168 0.47580645116977394 0.04093567281961441 0.08525345614179969
0 0.6732456190511584 0.42972350190393627 0.01315789483487606 0.03456221194937825
0 0.657894741743803 0.43433179683052003 0.01461988314986229 0.029953917022794485
0 0.6929824613034725 0.45391705026850104 0.03216374292969704 0.0552995391190052
0 0.7076023444533348 0.4493087553419173 0.023391813039779663 0.050691244192421436
0 0.7266081925481558 0.4412442392203957 0.020467836409807205 0.043778801802545786
0 0.7616959121078253 0.4251152069773525 0.020467836409807205 0.03917050687596202
0 0.7894736900925636 0.42626728070899844 0.01461988314986229 0.0276497695595026
0 0.8252924038097262 0.4366359442938119 0.019005848094820976 0.029953917022794485
0 0.8961988370865583 0.5207373267039657 0.06432748585939407 0.10599078331142664
0 0.8888888955116272 0.4769585249014199 0.04093567281961441 0.07373271882534027
0 0.9605263229459524 0.6705069118179381 0.07894736900925636 0.2672811057418585
