0 0.27576601202599704 0.2520661157905124 0.014856081455945969 0.03471074381377548
0 0.2934076087549329 0.2702479339786805 0.022284122183918953 0.0446280991891399
0 0.2985143867554143 0.23884297529002652 0.017641596728935838 0.03471074381377548
0 0.36118848039768636 0.25619834719691426 0.022284122183918953 0.042975206626579165
0 0.38440110767260194 0.2685950414161198 0.016713091637939215 0.04132231406401843
0 0.3625812380341813 0.19669421494472772 0.01578458654694259 0.03305785125121474
0 0.39647167385555804 0.19586776866344735 0.016713091637939215 0.031404958688654006
0 0.40575672476552427 0.17190082650631666 0.012999071273952723 0.026446281000971794
0 0.43779015040490776 0.22148760338313878 0.017641596728935838 0.03636363637633622
0 0.4642525454983115 0.19834710750728846 0.025998142547905445 0.049586776876822114
0 0.44196842331439257 0.18512396700680256 0.016713091637939215 0.03305785125121474
0 0.447075201314874 0.15123966947430745 0.0120705661829561 0.031404958688654006
0 0.4596100200433284 0.15702479344327003 0.014856081455945969 0.02975206612609327
0 0.4633240404073149 0.1421487603802234 0.00928505090996623 0.019834710750728846
0 0.4837511524092406 0.16446280997479334 0.012999071273952723 0.02809917356353253
0 0.48235839477274567 0.19586776866344735 0.017641596728935838 0.038016528938896954
0 0.5051067695021629 0.12479338847333565 0.011142061091959476 0.024793388438411057
0 0.5116063051391393 0.15041322319302708 0.012999071273952723 0.03305785125121474
0 0.5218198611401021 0.16115702484967187 0.012999071273952723 0.02809917356353253
0 0.5167130831396207 0.19256198353832588 0.019498606910929084 0.04132231406401843
0 0.5343546798685566 0.18099173560040072 0.0120705661829561 0.02809917356353253
0 0.5487465087790042 0.18595041328808293 0.014856081455945969 0.031404958688654006
0 0.532033417141065 0.13305785128613934 0.014856081455945969 0.02809917356353253
0 0.5598885698709637 0.13057851244229823 0.012999071273952723 0.026446281000971794
0 0.552924781688489 0.11157024797284976 0.0120705661829561 0.02809917356353253
0 0.5798514293273911 0.1363636364112608 0.013927576364949346 0.031404958688654006
0 0.5877437226008624 0.12809917359845713 0.014856081455945969 0.02809917356353253
0 0.5909934904193506 0.10165289259748533 0.010213556000962853 0.031404958688654006
0 0.6067780769662932 0.10330578516004607 0.010213556000962853 0.024793388438411057
0 0.6114206024212763 0.13223140500485897 0.0120705661829561 0.03305785125121474
0 0.5993500362383202 0.15371900831814855 0.01578458654694259 0.02975206612609327
0 0.6374187449691817 0.1338842975674197 0.013927576364949346 0.02314049587585032
0 0.6281336940592155 0.11983471078565344 0.0120705661829561 0.021487603313289583
0 0.6350974822416902 0.09917355375364423 0.012999071273952723 0.026446281000971794
0 0.6666666553355753 0.10578512400388718 0.012999071273952723 0.026446281000971794
0 0.6917362927924842 0.09834710747236386 0.012999071273952723 0.02809917356353253
0 0.4870009202277288 0.31652892573038116 0.025069637456908822 0.054545454564504325
0 0.5566388020524755 0.3157024794491008 0.028783657820895314 0.05950413225218654
0 0.5654596004169434 0.24793388438411057 0.025998142547905445 0.04628099175170064
0 0.6030640566023067 0.26115702488459647 0.023212627274915576 0.05289256200194359
0 0.6267409364227206 0.20330578519497067 0.022284122183918953 0.03966942150145769
0 0.6155988753307611 0.33223140507470816 0.03342618327587843 0.05950413225218654
0 0.6638811400625855 0.3305785125121474 0.03156917309388518 0.06611570250242949
0 0.6694521706085652 0.2024793389136903 0.0241411323659122 0.0446280991891399
0 0.6532033315161243 0.1685950413811952 0.02135561709292233 0.03966942150145769
0 0.6768802113365382 0.15867768600583076 0.01857010181993246 0.03305785125121474
0 0.6880222724284977 0.19090909097576514 0.020427112001925707 0.038016528938896954
0 0.7149489200673997 0.17190082650631666 0.016713091637939215 0.03636363637633622
0 0.7256267286138609 0.19090909097576514 0.019498606910929084 0.0446280991891399
0 0.7205199506133795 0.2504132232279517 0.025998142547905445 0.054545454564504325
0 0.74512533552479 0.21735537197673693 0.025069637456908822 0.04793388431426138
0 0.7748374984366819 0.2000000000698492 0.019498606910929084 0.04628099175170064
0 0.752553376252763 0.1421487603802234 0.013927576364949346 0.03636363637633622
0 0.7595171644352376 0.12809917359845713 0.014856081455945969 0.031404958688654006
0 0.7330547693418339 0.11239669425413013 0.01578458654694259 0.03636363637633622
0 0.7739089933456853 0.15454545459942892 0.017641596728935838 0.04132231406401843
0 0.795728862984106 0.15289256203686818 0.01857010181993246 0.04132231406401843
0 0.8254410258959979 0.20578512403881177 0.020427112001925707 0.04132231406401843
0 0.8040854088030756 0.23801652900874615 0.025998142547905445 0.049586776876822114
0 0.7896935798926279 0.2710743802599609 0.028783657820895314 0.05950413225218654
0 0.7562673966167495 0.3388429753249511 0.0362116985488683 0.07603305787779391
0 0.7952646104386076 0.3966942150145769 0.03992571891285479 0.07603305787779391
0 0.830083551350981 0.32231404969934374 0.025998142547905445 0.06280991737730801
0 0.8263695309869945 0.13884297525510192 0.012999071273952723 0.02975206612609327
0 0.830083551350981 0.12479338847333565 0.014856081455945969 0.031404958688654006
0 0.8495821582619101 0.14132231409894302 0.014856081455945969 0.02809917356353253
0 0.8472608955344185 0.17272727278759703 0.01578458654694259 0.03471074381377548
0 0.864438239717856 0.21157024800777435 0.020427112001925707 0.042975206626579165
0 0.8597957142628729 0.25619834719691426 0.01857010181993246 0.042975206626579165
0 0.8918291399022564 0.37768595054512843 0.0362116985488683 0.0842975206905976
0 0.8974001704482362 0.2975206612609327 0.028783657820895314 0.06942148762755096
0 0.907613726449199 0.2628099174471572 0.019498606910929084 0.042975206626579165
0 0.9173630299046636 0.2363636364461854 0.016713091637939215 0.03636363637633622
0 0.9155060197226703 0.20909090916393325 0.011142061091959476 0.02809917356353253
0 0.8802228262647986 0.1710743802250363 0.016713091637939215 0.038016528938896954
0 0.8862581093562767 0.14132231409894302 0.017641596728935838 0.031404958688654006
0 0.8755803008098155 0.13305785128613934 0.012999071273952723 0.02809917356353253
0 0.9196842926321551 0.15867768600583076 0.0120705661829561 0.03305785125121474
