0 0.9334381229709834 0.2104283079970628 0.015723269898444414 0.044692737981677055
0 0.5765198962762952 0.32588454778306186 0.04821802768856287 0.10055866045877337
0 0.5340670675504953 0.18715084029827267 0.019916141871362925 0.046554935397580266
0 0.49842765578068793 0.1918063338380307 0.019916141871362925 0.03351955348625779
0 0.4931865658145398 0.1573556816438213 0.019916141871362925 0.042830540565773845
0 0.4627882440108806 0.13035381911322474 0.01781970588490367 0.03351955348625779
0 0.43815512116998434 0.16201117518357933 0.014675051905214787 0.02979515865445137
0 0.41614254331216216 0.16201117518357933 0.014675051905214787 0.02979515865445137
0 0.38574422150850296 0.25325884856283665 0.023060795851051807 0.04841713281348348
0 0.35115302773192525 0.27374302013777196 0.037735847756266594 0.07448789663612843
0 0.33962262980639935 0.2290502821560949 0.025157231837511063 0.044692737981677055
0 0.26781969727016985 0.2113594067050144 0.024109013844281435 0.046554935397580266
0 0.19234800175763667 0.25605214468669146 0.0303983218036592 0.05027933022938669
