0 0.04833333450369537 0.21249999525025487 0.09333333559334278 0.17999999597668648
0 0.09000000217929482 0.042499999050050974 0.07000000169500709 0.07999999821186066
0 0.32583334122318774 0.2199999950826168 0.09833333571441472 0.14999999664723873
0 0.3916666761506349 0.4162499906960875 0.18666667118668556 0.2974999933503568
0 0.5058333455817774 0.2312499948311597 0.09833333571441472 0.14749999670311809
0 0.380833342554979 0.15124999661929905 0.05833333474583924 0.09749999782070518
0 0.3375000081723556 0.08499999810010195 0.051666667917743325 0.07499999832361937
0 0.4350000105332583 0.14749999670311809 0.04000000096857548 0.07499999832361937
0 0.5433333464898169 0.1762499960605055 0.0533333346247673 0.10749999759718776
0 0.7516666848678142 0.26124999416060746 0.07333333510905504 0.12749999715015292
0 0.8891666881972924 0.38124999147839844 0.14833333692513406 0.2474999944679439
0 0.8766666878946126 0.19874999555759132 0.05000000121071935 0.07249999837949872
0 0.8558333540568128 0.12999999709427357 0.051666667917743325 0.07999999821186066
0 0.8225000199163333 0.08999999798834324 0.02833333401940763 0.04999999888241291
0 0.8325000201584771 0.038749999133870006 0.02833333401940763 0.052499998826533556
0 0.8958333550253883 0.028749999357387424 0.025000000605359674 0.047499998938292265
0 0.9475000229431316 0.1487499966751784 0.0383333342615515 0.06749999849125743
0 0.9750000236090273 0.3499999921768904 0.05000000121071935 0.15499999653548002
