0 0.20974576310254633 0.35902256541885436 0.050847457721829414 0.09022556617856026
0 0.26959745812928304 0.23402256227564067 0.018008474609814584 0.02819548943080008
0 0.29290254291845486 0.17387218482326716 0.015889830538071692 0.031954888021573424
0 0.3358050853712484 0.15507519186940044 0.016949152573943138 0.03947368520312011
0 0.3426906786044128 0.23120301333256066 0.020127118681557477 0.041353384498506784
0 0.3760593227343634 0.11842105560936034 0.012711864430457354 0.02631579013541341
0 0.3951271193800494 0.12312030384782702 0.012711864430457354 0.031954888021573424
0 0.3903601702186279 0.22838346438948065 0.02224576275330037 0.043233083793893456
0 0.42108050925889984 0.25751880346797407 0.02224576275330037 0.03759398590773344
0 0.43750000081490725 0.17387218482326716 0.014830508502200246 0.03571428661234677
0 0.46239406865788624 0.10996240878012031 0.015889830538071692 0.024436090840026736
0 0.4825211873394437 0.16259398905094713 0.018008474609814584 0.0469924823846668
0 0.5143008484155871 0.11560150666628033 0.0137711864663288 0.02819548943080008
0 0.501059322967194 0.12875940173398703 0.008474576286971569 0.020676692249253392
0 0.5402542382944375 0.1719924855278805 0.012711864430457354 0.02819548943080008
0 0.5031779670389369 0.15507519186940044 0.012711864430457354 0.024436090840026736
0 0.5381355942226946 0.13909774785861373 0.008474576286971569 0.030075188726186752
0 0.5328389840433374 0.11936090525705367 0.010593220358714461 0.020676692249253392
0 0.5497881366172805 0.12218045420013368 0.010593220358714461 0.02631579013541341
0 0.5858050858369097 0.117481205961667 0.014830508502200246 0.03571428661234677
0 0.5858050858369097 0.24718045734334737 0.01906779664568603 0.050751880975440145
0 0.5556144078145735 0.19360902742482722 0.0137711864663288 0.03759398590773344
0 0.6054025435005315 0.10244361159857363 0.009533898322843015 0.020676692249253392
0 0.6371822045766748 0.10244361159857363 0.0137711864663288 0.02819548943080008
0 0.6191737299668603 0.12875940173398703 0.018008474609814584 0.0469924823846668
0 0.6657838995452039 0.1071428598370403 0.0137711864663288 0.033834587316960096
0 0.682733052119147 0.09116541582625359 0.0137711864663288 0.031954888021573424
0 0.629237289307639 0.24718045734334737 0.01906779664568603 0.0469924823846668
0 0.6673728825990111 0.17575188411865383 0.021186440717428923 0.043233083793893456
0 0.7081567809800617 0.11936090525705367 0.0137711864663288 0.031954888021573424
0 0.6769067809218541 0.2631579013541341 0.01906779664568603 0.04511278308928013
0 0.6795550860115327 0.21522556932177395 0.02224576275330037 0.0469924823846668
0 0.7060381369083188 0.17669173376634717 0.015889830538071692 0.030075188726186752
0 0.7155720352311619 0.2086466217879206 0.0137711864663288 0.033834587316960096
0 0.7261652555898763 0.24060150980949402 0.020127118681557477 0.041353384498506784
0 0.7314618657692336 0.2734962474787608 0.02224576275330037 0.0469924823846668
0 0.747881357325241 0.11372180737089366 0.01906779664568603 0.03947368520312011
0 0.7288135606795549 0.1409774471540004 0.014830508502200246 0.02631579013541341
0 0.7833686455269344 0.1541353422217071 0.018008474609814584 0.03759398590773344
0 0.7738347472040914 0.24718045734334737 0.020127118681557477 0.050751880975440145
0 0.7992584760650061 0.2894736914895475 0.02224576275330037 0.04511278308928013
0 0.7987288150470704 0.16259398905094713 0.014830508502200246 0.031954888021573424
0 0.8003177981008776 0.12593985279090703 0.018008474609814584 0.033834587316960096
0 0.8177966116927564 0.1381578982109204 0.014830508502200246 0.03571428661234677
0 0.8538135609123856 0.1071428598370403 0.016949152573943138 0.02631579013541341
0 0.8522245778585784 0.15225564292632043 0.020127118681557477 0.02631579013541341
0 0.8379237303743139 0.17951128270942718 0.01906779664568603 0.031954888021573424
0 0.8559322049841285 0.1907894784817472 0.01906779664568603 0.031954888021573424
0 0.8458686456433497 0.2218045168556273 0.020127118681557477 0.033834587316960096
0 0.8728813575580716 0.17857143306173384 0.014830508502200246 0.033834587316960096
0 0.8622881371993572 0.29417293972801417 0.025423728860914707 0.05451127956621349
0 0.8670550863607787 0.24624060769565403 0.02436440682504326 0.033834587316960096
0 0.8940677982755005 0.21804511826485395 0.016949152573943138 0.03759398590773344
0 0.9131355949211866 0.1644736883463338 0.014830508502200246 0.03571428661234677
0 0.9364406797103584 0.1672932372894138 0.014830508502200246 0.04887218168005347
0 0.9480932221049443 0.16541353799402714 0.010593220358714461 0.033834587316960096
0 0.979343222163152 0.14943609398324043 0.011652542394585907 0.03947368520312011
0 0.9417372898897156 0.2189849679125473 0.01906779664568603 0.043233083793893456
0 0.9168432220467366 0.27255639783106744 0.02436440682504326 0.04511278308928013
0 0.9369703407282941 0.2772556460695341 0.018008474609814584 0.043233083793893456
0 0.9009533915086649 0.3214285795111209 0.030720339040271938 0.05639097886160016
0 0.8850635609705932 0.1513157932786271 0.018008474609814584 0.02819548943080008
0 0.6689618656528182 0.114661657018587 0.0137711864663288 0.030075188726186752
0 0.4253177974023856 0.2218045168556273 0.020127118681557477 0.041353384498506784
0 0.44703389913775027 0.14567669539246708 0.016949152573943138 0.024436090840026736
