0 0.19104478508234024 0.46958854218246415 0.04378109658136964 0.08407871040981263
0 0.28656717762351036 0.22719140897970647 0.01990049844607711 0.03577817464247346
0 0.3353233988163993 0.2182468653190881 0.017910448601469398 0.03577817464247346
0 0.3517413100344129 0.2504472224973142 0.018905473523773253 0.04293380957096815
0 0.43532340350793675 0.2522361312294379 0.026865672902204096 0.0465116270352155
0 0.3751243957085535 0.2817531253094785 0.02388059813529253 0.04114490083884448
0 0.3253731495933607 0.19946332363178954 0.015920398756861687 0.03041144844610244
0 0.3462686729617417 0.19320214306935668 0.015920398756861687 0.03577817464247346
0 0.3810945452423766 0.18962432560510933 0.015920398756861687 0.03577817464247346
0 0.3910447944654152 0.2012522323639132 0.017910448601469398 0.04114490083884448
0 0.4437811153475195 0.21288013912271708 0.01990049844607711 0.0465116270352155
0 0.41890549228992313 0.15026833349838853 0.017910448601469398 0.028622539713978767
0 0.4348258910467848 0.16815742081962526 0.015920398756861687 0.039355992106720805
0 0.44626867765327916 0.1547406053286977 0.014925373834557831 0.033989265910349786
0 0.46915425086626783 0.1690518751856871 0.018905473523773253 0.03756708337459713
0 0.47462688793893903 0.21288013912271708 0.02388059813529253 0.0465116270352155
0 0.5139303723699413 0.21914131968514994 0.022885573212988675 0.044722718303091824
0 0.5119403225253336 0.17978532757842913 0.020895523368380964 0.03756708337459713
0 0.4741293754777871 0.13685151800746098 0.01293532398995012 0.026833630981855094
0 0.488557236851193 0.14579606166807935 0.011940299067646265 0.03756708337459713
0 0.49452738638501614 0.12432915688259527 0.015920398756861687 0.026833630981855094
0 0.5074627103749663 0.142218244203832 0.017910448601469398 0.03756708337459713
0 0.5358209206606261 0.1592128771590069 0.016915423679165542 0.03220035717822611
0 0.5557214191067033 0.19320214306935668 0.024875623057596385 0.039355992106720805
0 0.5855721667758189 0.17710196448024362 0.018905473523773253 0.03220035717822611
0 0.5805970421642996 0.14758497040020302 0.014925373834557831 0.03041144844610244
0 0.5716418178635649 0.14847942476626486 0.01094527414534241 0.028622539713978767
0 0.5597015187959187 0.13774597237352282 0.01094527414534241 0.021466904785484076
0 0.5611940561793745 0.1618962402571924 0.015920398756861687 0.03041144844610244
0 0.5467661948059686 0.1323792461771518 0.014925373834557831 0.028622539713978767
0 0.5238806215929799 0.12790697434684262 0.016915423679165542 0.03041144844610244
0 0.5791045047808439 0.11627906758803874 0.013930348912253976 0.03220035717822611
0 0.5910448038484901 0.11806797632016242 0.009950249223038554 0.028622539713978767
0 0.6009950530715287 0.14579606166807935 0.015920398756861687 0.03041144844610244
0 0.6213930639787577 0.15384615096263587 0.016915423679165542 0.03577817464247346
0 0.6164179393672384 0.12164579378440976 0.016915423679165542 0.028622539713978767
0 0.6378109751967713 0.11627906758803874 0.013930348912253976 0.028622539713978767
0 0.6547263988759369 0.13416815490927547 0.013930348912253976 0.03220035717822611
0 0.6597015234874561 0.10017888899892569 0.015920398756861687 0.028622539713978767
0 0.674129384860862 0.11717352195410058 0.01293532398995012 0.03041144844610244
0 0.6875622213119641 0.11985688505228609 0.011940299067646265 0.028622539713978767
0 0.6980099829961546 0.10017888899892569 0.01293532398995012 0.02504472224973142
0 0.7164179440587759 0.10107334336498752 0.015920398756861687 0.033989265910349786
0 0.5243781340541318 0.2745974903809838 0.03184079751372337 0.06976744055282325
0 0.5467661948059686 0.2889087602379732 0.026865672902204096 0.06261180562432855
0 0.5776119673973881 0.23613595264032483 0.028855722746811807 0.05008944449946284
0 0.6000000281492248 0.3434704765677452 0.033830847358331084 0.06440071435645223
0 0.6273632135125808 0.2701252185506746 0.028855722746811807 0.05008944449946284
0 0.6388060001190752 0.21377459348877892 0.01990049844607711 0.044722718303091824
0 0.6835821216227487 0.2817531253094785 0.027860697824507952 0.06261180562432855
0 0.70199008268537 0.3157423912198283 0.030845772591419518 0.06976744055282325
0 0.6890547586954199 0.17352414701599628 0.022885573212988675 0.04293380957096815
0 0.7099502820638008 0.18962432560510933 0.022885573212988675 0.0465116270352155
0 0.7343283926602453 0.22987477207789198 0.01990049844607711 0.051878353231586516
0 0.750248791417107 0.20483004982816055 0.017910448601469398 0.044722718303091824
0 0.7611940655624494 0.1815742363105528 0.017910448601469398 0.033989265910349786
0 0.7303482929710299 0.14311269856989384 0.017910448601469398 0.039355992106720805
0 0.7582089907955378 0.14042933547170833 0.015920398756861687 0.033989265910349786
0 0.771144314785488 0.1592128771590069 0.017910448601469398 0.039355992106720805
0 0.7671642150962725 0.12701251998078078 0.013930348912253976 0.02504472224973142
0 0.7910448132315651 0.1323792461771518 0.017910448601469398 0.03577817464247346
0 0.8169154612114653 0.15384615096263587 0.017910448601469398 0.03577817464247346
0 0.7751244144747034 0.24329158756881952 0.02587064797990024 0.05366726196371019
0 0.7970149627653882 0.2522361312294379 0.027860697824507952 0.05366726196371019
0 0.8029851122992113 0.22182468278333545 0.02189054829068482 0.04293380957096815
0 0.7139303817530163 0.29069766897009686 0.026865672902204096 0.04830053576733917
0 0.7825871013919823 0.4016100103617646 0.03482587228063494 0.07692307548131794
0 0.8283582478179596 0.4150268258526921 0.03482587228063494 0.07155634928494692
0 0.9029851169907488 0.42576027824543417 0.03482587228063494 0.08228980167768896
0 0.9174129783641547 0.35688729205867276 0.027860697824507952 0.0661896230885759
0 0.9343284020433202 0.31037566502345726 0.02587064797990024 0.05903398816008121
0 0.9323383521987125 0.235241498274263 0.02189054829068482 0.04830053576733917
0 0.8900497930007987 0.23971377010457218 0.018905473523773253 0.04293380957096815
0 0.8681592447101139 0.28354203404160216 0.024875623057596385 0.051878353231586516
0 0.8457711839582771 0.3291592067107558 0.03184079751372337 0.06440071435645223
0 0.7970149627653882 0.31753129995195195 0.027860697824507952 0.06261180562432855
