0 0.18410700384993106 0.48058254027273506 0.04563335992861539 0.08183079329319298
0 0.3379228980920743 0.22676838480401784 0.0212431158288382 0.04299584054388106
0 0.38158930285135284 0.23092927259858698 0.028324154438450933 0.040221915347501636
0 0.4032258097140584 0.2024965393356979 0.0212431158288382 0.038834952749311924
0 0.4409913489653263 0.22052705311216414 0.018095987557899207 0.0360610275529325
0 0.46302124686189927 0.2274618661031127 0.022816679964307696 0.04715672833845019
0 0.5114083440275863 0.1865464694565162 0.022029897896572948 0.04299584054388106
0 0.5680566529044881 0.16504854918457568 0.02045633376110345 0.04438280314207077
0 0.5959874163090717 0.10679612006060779 0.010228166880551726 0.022191401571035385
0 0.560582223261008 0.2461858611786738 0.025963808235246688 0.04576976574026048
0 0.6219512245443184 0.2350901603931561 0.025963808235246688 0.048543690936639905
0 0.6514555520843714 0.2149792027194053 0.023603462032042444 0.04715672833845019
0 0.6675845844729338 0.25173371157143265 0.02911093650618568 0.056865466525778174
0 0.704563341656467 0.2288488287013024 0.025963808235246688 0.05547850392758846
0 0.7584579132962972 0.2732316318433732 0.026750590302981436 0.06102635432034731
0 0.7218725471466314 0.15603329229634255 0.022816679964307696 0.040221915347501636
0 0.7576711312285624 0.16851595568004996 0.01730920549016446 0.04299584054388106
0 0.7942564973782282 0.17059639957733452 0.019669551693368703 0.04715672833845019
0 0.8068450104619842 0.35367546253837645 0.03697875718353316 0.07489598030224442
0 0.8288749083585571 0.31900139758363366 0.03225806477712467 0.072122055105865
0 0.8867033903370611 0.3689320511184633 0.031471282709389925 0.072122055105865
0 0.8894571275741328 0.29750347731169313 0.025963808235246688 0.06518724211491644
0 0.8198269145796075 0.21914009051397443 0.022029897896572948 0.038834952749311924
0 0.8343823828327004 0.17475728737190366 0.014948859286960214 0.038834952749311924
0 0.8874901724047959 0.1789181751664728 0.015735641354694963 0.03328710235655308
0 0.8662470565759577 0.23092927259858698 0.018882769625633955 0.04576976574026048
0 0.8469708959164564 0.1629681052872911 0.018095987557899207 0.03744799015112221
0 0.9158143268432468 0.2350901603931561 0.018882769625633955 0.048543690936639905
