0 0.23162134923040867 0.29927007062360644 0.03021148033440113 0.058394160121679306
0 0.24622356472536922 0.24543795426143333 0.023162134923040867 0.05291970761027187
0 0.26283987890928984 0.2189781004562974 0.028197381645441055 0.05474452511407435
0 0.30614300072193146 0.20072992541827261 0.02215508557856083 0.04379562009125948
0 0.3288016109727323 0.1797445241245441 0.01309164147824049 0.03467153257224709
0 0.30614300072193146 0.22536496171960607 0.032225579023361206 0.04562043759506196
0 0.3152064448222518 0.26459853805135936 0.032225579023361206 0.06204379512928426
0 0.3423967771232128 0.2682481730589643 0.032225579023361206 0.07664233515970409
0 0.4405840882100165 0.2627737205475569 0.033232628367841244 0.05474452511407435
0 0.44209466222673655 0.20620437792968005 0.03021148033440113 0.06934306514449418
0 0.47180261788889766 0.14963503531180322 0.027190332300961018 0.06204379512928426
0 0.4788519633002579 0.2052919691777788 0.027190332300961018 0.05656934261787683
0 0.5040281969122589 0.22992700547911227 0.027190332300961018 0.06569343013688922
0 0.6515609258785844 0.14963503531180322 0.024169184267520905 0.047445255098864436
