0 0.06727574591059238 0.36267606157343835 0.11461793747730553 0.16197183332405984
0 0.11461793747730553 0.2793427270371467 0.05315614491701126 0.07981220772489905
0 0.0880398650187999 0.25469483935739845 0.056478403974324465 0.07276995410211384
0 0.23172756924759597 0.26291080191731453 0.05149501538835466 0.06103286473080516
0 0.2524916883558035 0.23591549636330456 0.03654484963044524 0.05868544685654342
0 0.31893686950206757 0.15845070651266724 0.07308969926089048 0.10093896859325469
0 0.3538205896038562 0.22535211592912674 0.029900331515818834 0.056338028982281685
0 0.37956809729803354 0.2558685482945293 0.038205979159101844 0.06103286473080516
0 0.39285713352728635 0.31807512196246535 0.06146179256029427 0.10563380434177816
0 0.350498330546543 0.5105633876519278 0.14950165757909417 0.23708920530043542
0 0.5348837082274258 0.8215962559916079 0.24916942929849029 0.25821596616879106
0 0.6694352000486106 0.39553991181310266 0.07641195831820369 0.12910798308439553
0 0.5764119464438409 0.3262910845223814 0.06312292208895087 0.07511737197637558
0 0.5963455007877201 0.2746478912886232 0.039867108687758446 0.06572770047932863
0 0.5639534749789163 0.2523474214831367 0.04152823821641505 0.07276995410211384
0 0.49584716430399567 0.29577465215697885 0.05481727444566786 0.08450704347342253
0 0.48671095189638436 0.2453051678603515 0.03654484963044524 0.07276995410211384
0 0.4476744079729542 0.26173709298018366 0.04485049727372825 0.07276995410211384
0 0.7043189201503992 0.10093896859325469 0.03654484963044524 0.06572770047932863
0 0.7383720754878595 0.27699530916288495 0.05149501538835466 0.08450704347342253
0 0.8604650958441198 0.3450704275164753 0.07641195831820369 0.1408450724557042
