0 0.10234375152504072 0.3505882213357836 0.051562500768341124 0.10352940764278173
0 0.1554687523166649 0.5588235071627423 0.0921875013737008 0.1529411703813821
0 0.2523437537602149 0.5270588025450706 0.07343750109430403 0.1552941114641726
0 0.2234375033294782 0.40941174840554595 0.040625000605359674 0.06588235031813383
0 0.424218756321352 0.4435293941060081 0.07343750109430403 0.12470587738789618
0 0.6453125096159056 0.7211764418752864 0.13750000204890966 0.2705882245209068
0 0.6484375096624717 0.5494117428315803 0.08437500125728548 0.13411764171905816
0 0.607812509057112 0.4682352754753083 0.06875000102445483 0.12235293630510569
0 0.8007812619325705 0.5870588001562282 0.10156250151339918 0.20470587420277297
0 0.8593750128056854 0.5258823320036754 0.07187500107102096 0.1576470525469631
0 0.8140625121304765 0.3988235135329887 0.037500000558793545 0.06823529140092432
0 0.9539062642143108 0.4011764546157792 0.04218750062864274 0.10117646655999124
