0 0.308421038556844 0.5404984252527356 0.09473683778196573 0.17133955843746662
0 0.23052630526944995 0.41588783729821444 0.07368420716375113 0.10903426446020603
0 0.1347368359565735 0.3598130727186799 0.06315789185464382 0.09657320566475391
0 0.09052631165832281 0.30062304344028234 0.05473683960735798 0.09034267626702785
0 0.05368420807644725 0.2429906465113163 0.039999998174607754 0.05607476457953453
0 0.14105262514203787 0.2616822347044945 0.03789473511278629 0.05607476457953453
0 0.15894736116752028 0.2757009258493781 0.03578947205096483 0.05919002927839756
0 0.25894735660403967 0.2850467199459672 0.046315787360072136 0.07165108807384968
0 0.4094736655242741 0.39563861675560474 0.05684210266917944 0.09345794096589088
0 0.5663157636299729 0.44859811663627625 0.07578947022557259 0.12461058795452118
0 0.45578945288434625 0.25856697000563145 0.03578947205096483 0.06230529397726059
0 0.441052611451596 0.2227414259687066 0.03157894592732191 0.04672897048294544
0 0.38947366643697023 0.24766354355961084 0.02947368286550045 0.0529594998806715
0 0.33473682682961226 0.21495326422154903 0.02526315674185753 0.04361370578408241
0 0.6221052347682416 0.19781930837780237 0.023157893680036068 0.04672897048294544
0 0.7094736518338323 0.2102803671732545 0.02526315674185753 0.04672897048294544
0 0.6873683896847069 0.29906541109085083 0.039999998174607754 0.07476635277271271
0 0.8273683832958341 0.36448596976697445 0.042105261236429214 0.09345794096589088
0 0.9347367994487286 0.32398752868175507 0.05052631348371506 0.09345794096589088
0 0.7978947004303336 0.24922117590904236 0.02526315674185753 0.05607476457953453
0 0.9663157453760505 0.23676011711359024 0.03789473511278629 0.06230529397726059
