0 0.11516203789506108 0.5900205582729541 0.04976851888932288 0.05967078008688986
0 0.14872685295995325 0.636831256444566 0.06134259304963052 0.07304526527877897
0 0.21296296454966068 0.5776748796342872 0.04629629664123058 0.06378600629977882
0 0.2621527797309682 0.6646090333815664 0.06288580293767154 0.09156378323677927
0 0.2692901254631579 0.6152263188268989 0.040895062033087015 0.0658436194062233
0 0.17824074206873775 0.8670267227280419 0.14120370475575328 0.23096707119839266
0 0.4207175957271829 0.7199073856172618 0.08449074137024581 0.12808641587616876
0 0.42708333651535213 0.6309156187635381 0.04938271641731262 0.07458847510861233
0 0.34355710132513195 0.6550925727642607 0.059027778217568994 0.0766460882150568
0 0.33371913828887045 0.6010802287200931 0.05324074113741517 0.06944444234250113
0 0.5216049421578646 0.7019032709358726 0.07021604990586638 0.10751028481172398
0 0.5607638930669054 0.7584876313630957 0.08912037103436887 0.12808641587616876
0 0.581211424083449 0.6466049187001772 0.057484568329527974 0.10185184876900166
0 0.5509259300306439 0.4382715916726738 0.040895062033087015 0.058641973533667624
0 0.6699459926458076 0.7435699363413732 0.07214506226591766 0.13323044864227995
0 0.6541280912933871 0.6563785809557885 0.055169753497466445 0.0895061701303348
0 0.7108410546788946 0.6898147939355113 0.053626543609425426 0.0895061701303348
0 0.7814429070567712 0.7013888676592615 0.055941358441486955 0.09927983238594607
