0 0.1493776012212038 0.3391224960796535 0.03734440030530095 0.07861060556024313
0 0.32002076372737065 0.20658135879784822 0.015560166793875396 0.03290676511824131
0 0.37448134750593454 0.23400366306304932 0.018672200152650476 0.036563072353601456
0 0.3890041698468849 0.20932358922436833 0.01452282234095037 0.027422304265201092
0 0.4087137144524604 0.2632541209459305 0.018672200152650476 0.0402193795889616
0 0.37966806977055967 0.1882998226210475 0.01452282234095037 0.03290676511824131
0 0.38641080871457234 0.16727605601772666 0.013485477888025343 0.023765997029840946
0 0.4196058312081732 0.17915905453264713 0.013485477888025343 0.021937843412160873
0 0.41441910894354805 0.21389397326856852 0.013485477888025343 0.029250457882881165
0 0.4476141314371489 0.21023766603320837 0.01763485569972545 0.036563072353601456
0 0.44553944253129885 0.175502747297287 0.015560166793875396 0.029250457882881165
0 0.42219919234048575 0.15630713431164622 0.010373444529250264 0.023765997029840946
0 0.470954381627962 0.18372943857684731 0.016597511246800423 0.031078611500561237
0 0.4642116426839493 0.15722121112048626 0.013485477888025343 0.021937843412160873
0 0.4797718094778247 0.1453382126055658 0.01141078898217529 0.0201096897944808
0 0.470954381627962 0.1307129836641252 0.010373444529250264 0.023765997029840946
0 0.49273861513938755 0.1279707532376051 0.010373444529250264 0.02559415064752102
0 0.5082987819332629 0.19378428347408772 0.016597511246800423 0.03290676511824131
0 0.4958506484981626 0.22303474135696888 0.018672200152650476 0.036563072353601456
0 0.5404564599739388 0.19469836028292775 0.016597511246800423 0.031078611500561237
0 0.5233402765006758 0.16636197920888662 0.013485477888025343 0.029250457882881165
0 0.530601687671151 0.1480804430320859 0.013485477888025343 0.02559415064752102
0 0.5523859211825766 0.12979890685528517 0.01141078898217529 0.02559415064752102
0 0.5731328102410771 0.11517367791384459 0.01141078898217529 0.02559415064752102
0 0.5860996159026399 0.16636197920888662 0.01452282234095037 0.03290676511824131
0 0.5736514824675396 0.15265082707628608 0.012448133435100317 0.031078611500561237
0 0.5980290771112777 0.13162706047296524 0.015560166793875396 0.029250457882881165
0 0.6234440162079409 0.1407678285613656 0.012448133435100317 0.02559415064752102
0 0.6125518994522281 0.10968921706080437 0.009336100076325238 0.021937843412160873
0 0.6234440162079409 0.12248629238456488 0.010373444529250264 0.021937843412160873
0 0.5466805266914889 0.16910420963540673 0.012448133435100317 0.027422304265201092
0 0.6519709886633791 0.14716636622324586 0.013485477888025343 0.023765997029840946
0 0.6493776275310665 0.10694698663428426 0.010373444529250264 0.023765997029840946
0 0.6799792888923548 0.12340036919340491 0.01141078898217529 0.023765997029840946
0 0.7178423614241183 0.11517367791384459 0.012448133435100317 0.021937843412160873
0 0.6135892439051531 0.24680073838680983 0.023858922417275608 0.05118830129504204
0 0.5622406934853643 0.2659963513724506 0.024896266870200634 0.049360147677361965
0 0.6229253439814784 0.3034735005348921 0.030082989134825766 0.04753199405968189
0 0.6747925666277297 0.36014626268297434 0.03215767804067582 0.062157223001122475
0 0.7271784615004435 0.3089579613879323 0.026970955776050687 0.054844608530402184
0 0.7510373839177191 0.2486288920044899 0.018672200152650476 0.04387568682432175
0 0.6794606166658923 0.19012797623872757 0.016597511246800423 0.03290676511824131
0 0.7105809502536431 0.1882998226210475 0.016597511246800423 0.03290676511824131
0 0.7038382113096304 0.15722121112048626 0.013485477888025343 0.02559415064752102
0 0.7173236891976558 0.14899451984092593 0.01141078898217529 0.031078611500561237
0 0.7375519060296938 0.16636197920888662 0.016597511246800423 0.02559415064752102
0 0.7380705782561563 0.14899451984092593 0.015560166793875396 0.031078611500561237
0 0.7567427784088068 0.1681901328265667 0.013485477888025343 0.029250457882881165
0 0.746888006106019 0.201096897944808 0.01452282234095037 0.03290676511824131
0 0.787344439770095 0.22212066454812884 0.016597511246800423 0.03473491873592138
0 0.7821577175054699 0.1782449777238071 0.012448133435100317 0.031078611500561237
0 0.7837137341848575 0.1334552140906453 0.01141078898217529 0.02559415064752102
0 0.8003112454316579 0.1608775183558464 0.013485477888025343 0.03290676511824131
0 0.8298755623400211 0.18738574581220746 0.01452282234095037 0.03473491873592138
0 0.8469917458132841 0.16453382559120655 0.013485477888025343 0.036563072353601456
0 0.8278008734341711 0.2632541209459305 0.018672200152650476 0.04387568682432175
0 0.8360996290575713 0.22303474135696888 0.01452282234095037 0.029250457882881165
0 0.8589212070219219 0.3144424222409725 0.02282157796435058 0.05118830129504204
0 0.8589212070219219 0.2632541209459305 0.018672200152650476 0.04387568682432175
0 0.8869295072508976 0.24954296881332994 0.01452282234095037 0.03839122597128153
0 0.9304979742737487 0.3318098816089332 0.02074688905850053 0.04570384044200182
0 0.8957469351007603 0.20383912837132812 0.015560166793875396 0.03839122597128153
0 0.8760373904951848 0.17641682410612702 0.013485477888025343 0.03473491873592138
0 0.9351660243119113 0.24040220072492957 0.01141078898217529 0.03839122597128153
0 0.9528008800116368 0.2157221268862486 0.01763485569972545 0.03290676511824131
0 0.9403527465765364 0.1956124370917678 0.013485477888025343 0.036563072353601456
0 0.9377593854442239 0.16636197920888662 0.012448133435100317 0.029250457882881165
