0 0.19750000478234142 0.15037037007277831 0.07166666840203106 0.1555555552477017
0 0.04083333432208747 0.5814814803306945 0.076666668523103 0.15851851820480078
0 0.08000000193715096 0.4696296287002042 0.04833333450369537 0.10074074054136872
0 0.13958333671325818 0.44814814726123586 0.05416666797827929 0.10814814793411642
0 0.1904166712774895 0.5303703693207353 0.09250000223983079 0.1333333330694586
0 0.26291667303303257 0.4096296288189478 0.03916666761506349 0.07851851836312562
0 0.3508333418285474 0.46592592500383034 0.076666668523103 0.12888888863380998
0 0.3675000088987872 0.602222221030388 0.10500000254251063 0.19111111073289067
0 0.36291667545447126 0.3933333325549029 0.03750000090803951 0.07851851836312562
0 0.39416667621117085 0.4022222214262001 0.0383333342615515 0.10518518497701734
0 0.535000012954697 0.2444444439606741 0.061666668159887195 0.12444444419816136
0 0.4675000113202259 0.5155555545352399 0.08000000193715096 0.15703703672625124
0 0.5112500123796053 0.6992592578753829 0.12583333638031036 0.27555555501021445
0 0.6204166816896759 0.5103703693603165 0.10083333577495068 0.17925925890449435
0 0.6704166829003952 0.4429629620863125 0.07416666846256703 0.17185185151174664
0 0.7145833506365307 0.40148148068692535 0.07416666846256703 0.12740740715526044
0 0.7166666840203106 0.3311111104558222 0.04000000096857548 0.08444444427732378
0 0.6229166817502119 0.3429629622842185 0.03750000090803951 0.09333333314862102
0 0.842083353723865 0.4666666657431051 0.07583333516959101 0.15407407376915216
0 0.8950000216718763 0.5355555544956587 0.12000000290572643 0.19703703664708883
0 0.9816666904371232 0.4377777769113891 0.03500000084750354 0.11407407384831458
0 0.9616666899528354 0.37407407333375886 0.061666668159887195 0.10814814793411642
0 0.9558333564782515 0.30518518458120525 0.05000000121071935 0.09481481462717056
0 0.8066666861996055 0.41925925842951983 0.07166666840203106 0.12740740715526044
0 0.8100000196136534 0.33259259193437174 0.05000000121071935 0.07555555540602654
0 0.8237500199466012 0.296296295709908 0.032500000786967576 0.0592592591419816
