0 0.058664259559009224 0.3378746546804905 0.04512635350693017 0.07084468565881252
0 0.1281588439596817 0.4632152523845434 0.05054151592776179 0.0817438680678606
0 0.1290613710298203 0.36103541729971766 0.037906136945821345 0.06267029885202646
0 0.18862815765896812 0.3828337821178138 0.037906136945821345 0.06267029885202646
0 0.1796028869575821 0.46457765018567443 0.04151624522637576 0.07356948126107454
0 0.24458483600756153 0.4713896391913295 0.03429602866526693 0.05994550324976444
0 0.21841155097354203 0.3692098041065037 0.02888086624443531 0.05177111644297838
0 0.2554151608492248 0.37465939531102777 0.03429602866526693 0.07356948126107454
0 0.2915162436547689 0.36103541729971766 0.030685920384712517 0.05177111644297838
0 0.318592055758927 0.45504086557775736 0.037906136945821345 0.07084468565881252
0 0.3357400700915605 0.3678474063053727 0.032490974524989724 0.05994550324976444
0 0.35740071977488697 0.3392370524816215 0.03610108280554414 0.05722070764750242
0 0.3871841130894609 0.36103541729971766 0.03429602866526693 0.05722070764750242
0 0.4133573981234804 0.45504086557775736 0.03971119108609855 0.06539509445428848
0 0.4404332102276385 0.3923705667257309 0.02888086624443531 0.05994550324976444
0 0.43140793952625245 0.3514986326918006 0.02888086624443531 0.04904632084071636
0 0.4720216576824896 0.4754768325947225 0.037906136945821345 0.07356948126107454
0 0.4747292388929054 0.3801089865155518 0.03610108280554414 0.06267029885202646
0 0.4954873615060933 0.34604904148727655 0.027075812104158103 0.04904632084071636
0 0.52346570068039 0.34468664368614554 0.025270757963880897 0.05177111644297838
0 0.532490971381776 0.37193459970876575 0.032490974524989724 0.06267029885202646
0 0.5541516210651025 0.4713896391913295 0.03971119108609855 0.07084468565881252
0 0.56227436469635 0.3351498590782285 0.027075812104158103 0.06539509445428848
0 0.589350176800508 0.35831062169745564 0.03429602866526693 0.05177111644297838
0 0.6119133535539731 0.46730244578793645 0.03971119108609855 0.0681198900565505
0 0.6299638949567452 0.3528610304929316 0.03971119108609855 0.0681198900565505
0 0.6074007182032801 0.31880108546465635 0.027075812104158103 0.04904632084071636
0 0.6552346529206261 0.3283378700725734 0.025270757963880897 0.05177111644297838
0 0.6787003567442298 0.3542234282940626 0.03610108280554414 0.07084468565881252
0 0.6976534252171405 0.32970026787370443 0.03429602866526693 0.06539509445428848
0 0.689530681585893 0.4727520369924605 0.043321299366652966 0.08446866367012262
0 0.737364616303239 0.32016348326578736 0.03429602866526693 0.06267029885202646
0 0.7590252659865655 0.3283378700725734 0.04151624522637576 0.07356948126107454
0 0.8023465653532185 0.30517710745334625 0.052346570068039 0.0817438680678606
0 0.9106498137698509 0.3487738370895386 0.048736461787484586 0.09264305047690868
