0 0.3282747545745224 0.21775312791578472 0.01437699655070901 0.0360610275529325
0 0.3382587799569592 0.2323162351967767 0.015175718581303954 0.029126214561983943
0 0.4249201202765107 0.27045770664699376 0.02236421685665846 0.04160887794569135
0 0.49241213186178356 0.07766990549862385 0.011980830458924174 0.02496532676741481
0 0.515575070749037 0.09292649407871068 0.015175718581303954 0.022191401571035385
0 0.48562299460172653 0.20665742713026702 0.0159744406118989 0.038834952749311924
0 0.5099840165348724 0.1976421702420339 0.011980830458924174 0.029126214561983943
0 0.5335463164374232 0.19070735725108534 0.01757188467308879 0.03744799015112221
0 0.5630990315694362 0.1740638060728088 0.0159744406118989 0.03467406495474279
0 0.5619009485235438 0.12413315253797919 0.013578274520114064 0.02635228936560452
0 0.9057507826946676 0.10748960135970265 0.01437699655070901 0.02635228936560452
