0 0.04179687562282197 0.20729167747776955 0.07890625117579475 0.2479166795965284
0 0.17812500265426934 0.2838541814708151 0.12187500181607902 0.17812500928994268
0 0.3109375046333298 0.23697917902609333 0.08125000121071935 0.1427083407761529
0 0.3984375059371814 0.2776041811448522 0.06875000102445483 0.11979167291428894
0 0.5214843827707227 0.3166666831821203 0.0632812509429641 0.11250000586733222
0 0.46953125699656084 0.3786458530812524 0.029687500442378223 0.03645833523478359
0 0.5902343837951776 0.39739585405914113 0.030468750454019755 0.04895833588670939
0 0.6683593849593308 0.2833333481103182 0.06484375096624717 0.12083333963528275
0 0.6644531349011231 0.506250026402995 0.1429687521304004 0.23125001206062734
0 0.8347656374389771 0.2911458485177718 0.07109375105937943 0.11979167291428894
0 0.9742187645169906 0.3390625176834874 0.051562500768341124 0.1177083394723013
