0 0.08400809927843511 0.2824956673430279 0.02631579013541341 0.05199306760914624
0 0.28643725416623056 0.23136915086070076 0.020242915488779545 0.03292894281912595
0 0.3016194407828152 0.2426343155093491 0.0222672070376575 0.031195840565487742
0 0.3421052717603743 0.18804159451974556 0.016194332391023636 0.03292894281912595
0 0.36234818724915385 0.19324090128066018 0.01821862393990159 0.03292894281912595
0 0.36740891612134874 0.22616984409978613 0.0222672070376575 0.03986135183367878
0 0.3876518316101283 0.23570190649479628 0.020242915488779545 0.04159445408731699
0 0.3866396858356893 0.20017331029521301 0.01821862393990159 0.03292894281912595
0 0.4038461640011519 0.20537261705612764 0.020242915488779545 0.03292894281912595
0 0.39423077914398164 0.1741767764906399 0.017206478165462613 0.029462738311849535
0 0.41599191329441965 0.1724436742370017 0.014170040842145681 0.029462738311849535
0 0.43319839145988226 0.20017331029521301 0.01821862393990159 0.036395147326402366
0 0.41953442350495607 0.2391681110020727 0.023279352812096477 0.038128249580040574
0 0.4579959629336372 0.24436741776298732 0.023279352812096477 0.045060658594593406
0 0.4716599308885634 0.21057192381704226 0.020242915488779545 0.03986135183367878
0 0.46002025448251516 0.20017331029521301 0.017206478165462613 0.03292894281912595
0 0.43775304744485766 0.16291161184199154 0.015182186616584659 0.02426343155093491
0 0.45546559849753976 0.16204506071517244 0.016194332391023636 0.03292894281912595
0 0.5005060854600742 0.14904679381288588 0.015182186616584659 0.027729636058211327
0 0.511639688978903 0.1533795494469814 0.017206478165462613 0.03292894281912595
0 0.5161943449638784 0.18457539001246914 0.016194332391023636 0.03292894281912595
0 0.5161943449638784 0.133448873530142 0.012145749293267727 0.02426343155093491
0 0.5268218755954877 0.14991334493970498 0.015182186616584659 0.029462738311849535
0 0.5394736977759749 0.18024263437837362 0.01821862393990159 0.027729636058211327
0 0.55414981150534 0.16031195846153423 0.019230769714340568 0.029462738311849535
0 0.5374494062270969 0.13864818029105663 0.014170040842145681 0.020797227043658495
0 0.5683198523474857 0.13951473141787574 0.015182186616584659 0.02599653380457312
0 0.5662955607986078 0.12391681113513187 0.01113360351882875 0.015597920282743871
0 0.5845141847385094 0.16204506071517244 0.015182186616584659 0.029462738311849535
0 0.5743927269941196 0.18630849226610735 0.021255061263218522 0.03986135183367878
0 0.5926113509340212 0.14211438479833305 0.013157895067706704 0.027729636058211327
0 0.624493942828849 0.16637781634926796 0.016194332391023636 0.031195840565487742
0 0.6082996104378253 0.14124783367151394 0.014170040842145681 0.02599653380457312
0 0.6300607445882633 0.1291161178960465 0.015182186616584659 0.029462738311849535
0 0.6427125667687505 0.13864818029105663 0.016194332391023636 0.031195840565487742
0 0.6599190449342132 0.12131715775467455 0.014170040842145681 0.027729636058211327
0 0.6766194502124563 0.11265164648648351 0.013157895067706704 0.020797227043658495
0 0.6821862519718707 0.12651646451558918 0.014170040842145681 0.031195840565487742
0 0.6624494093703106 0.15944540733471513 0.013157895067706704 0.031195840565487742
0 0.7014170216862112 0.13604852691059932 0.014170040842145681 0.03292894281912595
0 0.7064777505584061 0.11611785099375993 0.012145749293267727 0.02426343155093491
0 0.7282388847088441 0.11871750437421724 0.013157895067706704 0.029462738311849535
0 0.6108299748739228 0.22616984409978613 0.02530364436097443 0.0433275563409552
0 0.6422064938815311 0.21057192381704226 0.02530364436097443 0.0433275563409552
0 0.6568826076108962 0.25389948015799746 0.024291498586535454 0.05025996535550803
0 0.6857287621824071 0.18284228775883093 0.019230769714340568 0.03986135183367878
0 0.7034413132350892 0.22357019071932882 0.0222672070376575 0.038128249580040574
0 0.711538479430601 0.2573656846652739 0.024291498586535454 0.046793760848231614
0 0.7171052811900154 0.3275563259376213 0.0354251021053642 0.07625649916008115
0 0.7707490072352812 0.38128249580040574 0.04149797675199807 0.0658578856382519
0 0.7358299780171365 0.18544194113928825 0.020242915488779545 0.04159445408731699
0 0.7211538642877713 0.18024263437837362 0.017206478165462613 0.031195840565487742
0 0.757085039280355 0.1733102253638208 0.01821862393990159 0.038128249580040574
0 0.7545546748442575 0.14644714043242857 0.017206478165462613 0.03292894281912595
0 0.7834008294157684 0.13778162916423753 0.014170040842145681 0.03292894281912595
0 0.8031376720173284 0.13778162916423753 0.01113360351882875 0.02599653380457312
0 0.8107287653256208 0.14644714043242857 0.012145749293267727 0.02599653380457312
0 0.8193320044083521 0.17157712311018258 0.015182186616584659 0.031195840565487742
0 0.8208502230700105 0.21230502607068047 0.020242915488779545 0.03986135183367878
0 0.7889676311751828 0.24956672452390194 0.02530364436097443 0.04852686310186982
0 0.7565789663931355 0.2409012132557109 0.023279352812096477 0.045060658594593406
0 0.778846173430793 0.1993067591683939 0.019230769714340568 0.038128249580040574
0 0.8183198586339131 0.29462738311849535 0.027327935909852386 0.05199306760914624
0 0.8446356487693265 0.25649913353845477 0.021255061263218522 0.05892547662369907
0 0.845141721656546 0.20883882156340405 0.01821862393990159 0.03986135183367878
0 0.8552631794009358 0.1776429809979163 0.016194332391023636 0.03292894281912595
0 0.8299595350399613 0.13951473141787574 0.012145749293267727 0.02599653380457312
0 0.8481781589798629 0.14471403817879036 0.012145749293267727 0.029462738311849535
0 0.8643724913708866 0.16204506071517244 0.012145749293267727 0.029462738311849535
0 0.8810728966491297 0.15771230508107692 0.013157895067706704 0.03466204507276416
0 0.9003036663634703 0.16724436747608706 0.017206478165462613 0.03292894281912595
0 0.8932186459423974 0.19324090128066018 0.015182186616584659 0.036395147326402366
0 0.8785425322130322 0.22530329297296703 0.01821862393990159 0.03466204507276416
0 0.865890710032545 0.2192374350852333 0.017206478165462613 0.0433275563409552
0 0.9418016431154683 0.31975736579624936 0.027327935909852386 0.06065857887733728
0 0.9149797800928354 0.23483535536797717 0.020242915488779545 0.0433275563409552
0 0.9185222903033718 0.20883882156340405 0.019230769714340568 0.036395147326402366
0 0.9291498209349811 0.19324090128066018 0.01821862393990159 0.03292894281912595
0 0.932186258258298 0.1724436742370017 0.016194332391023636 0.02599653380457312
0 0.9382591329049319 0.1542461005738005 0.012145749293267727 0.027729636058211327
0 0.9478745177621022 0.258232235792093 0.017206478165462613 0.045060658594593406
0 0.9691295790253207 0.23743500874843448 0.015182186616584659 0.038128249580040574
0 0.9615384857170284 0.20883882156340405 0.014170040842145681 0.03292894281912595
0 0.9817814012058079 0.1984402080415748 0.012145749293267727 0.03292894281912595
