0 0.17882562131853774 0.22148540732450783 0.048042704234831035 0.06631299620494246
0 0.24644127913052216 0.30238726269453764 0.037366547738201916 0.047745357267558575
0 0.2241992864292115 0.290450923377648 0.024911031825467944 0.045092837419360876
0 0.30693949927808717 0.30503978254273534 0.04448398540262133 0.06366047635674477
0 0.3416370078921318 0.28912466345354915 0.024911031825467944 0.03183023817837238
0 0.38701067300280556 0.27586206421256065 0.02313167240936309 0.03713527787476778
0 0.3790035556303337 0.3090185623150319 0.03558718832209706 0.06100795650854707
0 0.45996440906310454 0.3196286417078227 0.058718860731460154 0.08753315499052405
0 0.41281138453632593 0.2877984035294503 0.024911031825467944 0.045092837419360876
0 0.5373665436636657 0.2931034432258457 0.021352312993258238 0.03978779772296548
0 0.5489323798683472 0.3262599413283169 0.026690391241572797 0.047745357267558575
0 0.6405693897977471 0.3222811615560204 0.03202846948988736 0.045092837419360876
0 0.6272241941769607 0.2931034432258457 0.019572953577153385 0.03978779772296548
0 0.6983985708211549 0.3633952192030847 0.06939501722808927 0.11140583362430334
0 0.7233096026466228 0.29177718330174685 0.030249110073782504 0.05305039696395397
0 0.7909252604586072 0.34880636003799736 0.05516014189925045 0.08222811529412866
