0 0.05508870229823515 0.4358552664052695 0.04108310001902282 0.0855263164266944
0 0.06909430457744747 0.5320723723853007 0.03921568638179451 0.10361842182464898
0 0.1307189546059817 0.4391447401139885 0.03548085910733789 0.09868421126157045
0 0.3846872092690319 0.20230263308621943 0.02240896364673972 0.03947368450462818
0 0.39822595813893713 0.23355263331905007 0.021475256828125566 0.04934210563078523
0 0.4654528490791563 0.22532894904725254 0.021475256828125566 0.0427631582133472
0 0.4925303468189668 0.2154605279210955 0.030812325014267117 0.05263157933950424
0 0.5210084047866985 0.14309210632927716 0.02240896364673972 0.04605263192206621
0 0.5667600388987921 0.1315789483487606 0.01493930909782648 0.023026315961033106
0 0.7156862764677498 0.12417763250414282 0.023342670465353876 0.04769736877642572
0 0.6153127934667282 0.2401315807364881 0.02054155000951141 0.04605263192206621
0 0.9607843163539656 0.1282894746400416 0.02054155000951141 0.04605263192206621
0 0.9612511697632726 0.18750000139698386 0.025210084102582186 0.04934210563078523
