0 0.2677902649156749 0.36309523065574467 0.05056179827079177 0.09353741304948926
0 0.28323970327619463 0.22534013143740594 0.017790262354537845 0.03571428498253226
0 0.3099250968080014 0.22278911108151078 0.01685393275693059 0.03401360474526882
0 0.31741573358885944 0.24914965475909412 0.02247191034257412 0.04591836640611291
0 0.3375468199374154 0.18112244526855648 0.017790262354537845 0.03571428498253226
0 0.3572097414871678 0.24744897452183068 0.021535580744966865 0.04591836640611291
0 0.3712546854512766 0.1862244859803468 0.019662921549752355 0.03571428498253226
0 0.378277157433331 0.21003400930203497 0.0187265919521451 0.039115645457059145
0 0.3932584309950471 0.19982992787845433 0.0187265919521451 0.039115645457059145
0 0.37874532223213464 0.173469384200871 0.015917603159323335 0.027210883796215057
0 0.40308989176992327 0.1615646225400269 0.012172284768894315 0.03401360474526882
0 0.4204119893256575 0.19982992787845433 0.02059925114735961 0.03571428498253226
0 0.40636704536154866 0.23469387274235487 0.0187265919521451 0.040816325694322586
0 0.4208801541244611 0.24319727392867208 0.021535580744966865 0.04421768616884947
0 0.45692884363234043 0.2023809482343495 0.02059925114735961 0.04421768616884947
0 0.4447565588634461 0.18877550633624196 0.01310861436650157 0.03061224427074194
0 0.422284648520872 0.1488095207605511 0.00936329597607255 0.022108843084424734
0 0.4428838996682316 0.15901360218413174 0.01310861436650157 0.03231292450800538
0 0.42649813171010464 0.17091836384497583 0.019662921549752355 0.03231292450800538
0 0.4686329636024311 0.15476190159097314 0.014044943964108825 0.03401360474526882
0 0.47940075397491455 0.18367346562445164 0.0187265919521451 0.040816325694322586
0 0.4751872707856819 0.13010203815065324 0.014044943964108825 0.025510203558951616
0 0.4957865219330415 0.15221088123507798 0.017790262354537845 0.03571428498253226
0 0.4990636755246669 0.11734693637117743 0.01123595517128706 0.027210883796215057
0 0.5112359602935612 0.1326530585065484 0.01498127356171608 0.03401360474526882
0 0.5182584322756156 0.11904761660844088 0.012172284768894315 0.027210883796215057
0 0.5196629266720265 0.17261904408223927 0.02059925114735961 0.04251700593158603
0 0.5369850242277607 0.13945577945560217 0.014044943964108825 0.03401360474526882
0 0.5482209793990478 0.12755101779475808 0.015917603159323335 0.03401360474526882
0 0.5285580578492954 0.15136054111644626 0.014044943964108825 0.03401360474526882
0 0.5510299681918696 0.17517006443813443 0.017790262354537845 0.037414965219795704
0 0.5608614289667457 0.17857142491266131 0.02247191034257412 0.04761904664337635
0 0.581928844912909 0.17261904408223927 0.019662921549752355 0.04591836640611291
0 0.5650749121559784 0.14285713993012905 0.015917603159323335 0.03401360474526882
0 0.5791198561200872 0.10629251482896507 0.014044943964108825 0.0289115640334785
0 0.5922284704865888 0.12499999743886292 0.012172284768894315 0.0289115640334785
0 0.5987827776698396 0.14710884052328765 0.012172284768894315 0.03571428498253226
0 0.6067415792495012 0.09608843340538442 0.01310861436650157 0.0289115640334785
0 0.6011236016638577 0.10629251482896507 0.01310861436650157 0.025510203558951616
0 0.6250000064028427 0.12329931720159948 0.014044943964108825 0.0289115640334785
0 0.6306179839884862 0.1037414944730699 0.010299625573679805 0.027210883796215057
0 0.6413857743609697 0.14710884052328765 0.01685393275693059 0.04251700593158603
0 0.6465355871478096 0.1360544189810753 0.014044943964108825 0.027210883796215057
0 0.6413857743609697 0.11734693637117743 0.01123595517128706 0.023809523321688175
0 0.6432584335561842 0.10289115435443819 0.01310861436650157 0.0289115640334785
0 0.6732209806796163 0.10884353518486023 0.01123595517128706 0.023809523321688175
0 0.6797752878628671 0.1198979567270726 0.01498127356171608 0.03571428498253226
0 0.6891385838389397 0.10714285494759679 0.01310861436650157 0.027210883796215057
0 0.5627340881619602 0.24319727392867208 0.02247191034257412 0.05102040711790323
0 0.6137640512315556 0.25935373618267477 0.023408239940181375 0.056122447829693556
0 0.6086142384447157 0.22448979131877422 0.02247191034257412 0.040816325694322586
0 0.6601123663131148 0.27465985831804574 0.02996254712343216 0.05952380830422044
0 0.6568352127214894 0.23724489309825003 0.023408239940181375 0.03571428498253226
0 0.664794014301151 0.18027210514992476 0.02059925114735961 0.04421768616884947
0 0.6680711678927764 0.3443877480458468 0.032771535916253924 0.07653061067685485
0 0.741573041304946 0.3886054342146963 0.02996254712343216 0.07312925020232797
0 0.7827715435996652 0.3027210822328925 0.02808988792821765 0.07482993043959141
0 0.760299633257091 0.24489795416593552 0.02434456953778863 0.06122448854148388
0 0.7401685469085351 0.22619047155603766 0.023408239940181375 0.04761904664337635
0 0.7186329661635682 0.24234693381004035 0.023408239940181375 0.052721087355166674
0 0.7059925165958703 0.1904761865735054 0.0187265919521451 0.04421768616884947
0 0.6980337150162086 0.17261904408223927 0.015917603159323335 0.03571428498253226
0 0.7336142397252843 0.16241496265865862 0.017790262354537845 0.039115645457059145
0 0.7308052509324625 0.13945577945560217 0.014044943964108825 0.027210883796215057
0 0.7429775357013568 0.12755101779475808 0.014044943964108825 0.03401360474526882
0 0.7780898956116289 0.13775509921833873 0.01310861436650157 0.03401360474526882
0 0.776685401215218 0.11649659625254571 0.012172284768894315 0.022108843084424734
0 0.7879213563865051 0.17176870396360755 0.015917603159323335 0.03401360474526882
0 0.7972846523625776 0.20408162847161293 0.017790262354537845 0.040816325694322586
0 0.8127340907230973 0.194727887166664 0.01685393275693059 0.039115645457059145
0 0.8253745402907953 0.1700680237263441 0.015917603159323335 0.037414965219795704
0 0.8375468250596896 0.16071428242139518 0.014044943964108825 0.039115645457059145
0 0.8220973866991699 0.13775509921833873 0.01498127356171608 0.03401360474526882
0 0.8057116187410429 0.13775509921833873 0.010299625573679805 0.03061224427074194
0 0.8436329674441367 0.21853741048835218 0.0187265919521451 0.04591836640611291
0 0.837078660260886 0.26360543677583337 0.02434456953778863 0.04761904664337635
0 0.908707874477841 0.3673469312489033 0.029026217525824904 0.06122448854148388
0 0.8909176121233031 0.22448979131877422 0.023408239940181375 0.04761904664337635
0 0.9288389608263969 0.2576530559454113 0.02247191034257412 0.052721087355166674
0 0.9372659272048622 0.2066326488275081 0.01685393275693059 0.039115645457059145
0 0.9508427063701674 0.1862244859803468 0.014044943964108825 0.03571428498253226
0 0.9030898968921974 0.19302720692940056 0.014044943964108825 0.039115645457059145
0 0.9068352152826265 0.1615646225400269 0.015917603159323335 0.040816325694322586
0 0.8661048777867109 0.1819727853871882 0.02059925114735961 0.040816325694322586
0 0.8726591849699616 0.15646258182823658 0.01685393275693059 0.037414965219795704
