0 0.09012346086092293 0.5722222120966762 0.10617284430190921 0.15925925644114614
0 0.1617284023668617 0.4537036956753582 0.09135802881792188 0.15185184916481376
0 0.2703703825827688 0.29814814287237823 0.06666666967794299 0.11481481278315187
0 0.3925926103256643 0.24814814375713468 0.044444446451961994 0.07407407276332378
0 0.4691358236595988 0.529629620257765 0.09382716473191977 0.16296296007931232
0 0.48888891097158194 0.4759259175043553 0.07407407741993666 0.12962962733581662
0 0.5049382944125682 0.39814814110286534 0.07654321333393455 0.12962962733581662
0 0.6283950901124626 0.35555554926395416 0.05679012602195144 0.1037037018686533
0 0.6456790415104479 0.6351851739455014 0.14074074709787965 0.24814814375713468
0 0.776543244952336 0.842592577682808 0.2395061836577952 0.3148148092441261
0 0.7074074393603951 0.3444444383494556 0.041975310537964106 0.07407407276332378
0 0.754321021726355 0.32037036470137537 0.03703703870996833 0.0703703691251576
0 0.7876543565653265 0.35925925290212035 0.03950617462396622 0.07407407276332378
0 0.8358025068882853 0.3444444383494556 0.05679012602195144 0.09629629459232092
0 0.8444444825872779 0.4018518447410315 0.059259261935949326 0.08518518367782235
0 0.9432099191471934 0.42777777020819485 0.08888889290392399 0.137037034612149
