0 0.11806883275858127 0.2972973044961691 0.020076481683645397 0.037162163062021136
0 0.2294455049559474 0.18918919377028942 0.01912045874632895 0.030405406141653657
0 0.1630019108124543 0.2373310868279077 0.012428298185113817 0.028716216911561787
0 0.3618546817742754 0.17820946377469227 0.016252389934379607 0.035472973831929266
0 0.3924474157684017 0.25760135758901015 0.021988527558278292 0.035472973831929266
0 0.41443594332668 0.1545608145534061 0.012428298185113817 0.028716216911561787
0 0.455066918162629 0.21959459991194308 0.017208412871696055 0.040540541522204876
0 0.48231357187614776 0.3150337914121337 0.025812619307544082 0.052364866132847965
0 0.5334607990225777 0.32010135910240933 0.024856596370227635 0.052364866132847965
0 0.6032504734466784 0.2516891952836886 0.021032504620961845 0.043918919982388616
0 0.6175908175064251 0.09459459688514471 0.01529636699706316 0.037162163062021136
0 0.5807839344197419 0.11824324610643089 0.012428298185113817 0.027027027681469917
0 0.5296367072733119 0.1351351384073496 0.01147227524779737 0.030405406141653657
0 0.5607074527360965 0.12500000302679837 0.016252389934379607 0.030405406141653657
0 0.6716061134648044 0.18327703146496788 0.023900573432911187 0.052364866132847965
0 0.6625238955602981 0.30405406141653657 0.02676864224486053 0.060810812283307314
0 0.7753346021636389 0.2609797360491939 0.02294455049559474 0.055743244593031704
0 0.7992351755965501 0.298141899111215 0.02294455049559474 0.052364866132847965
0 0.8919694005162455 0.13935811148257926 0.01912045874632895 0.042229730752296746
0 0.9177820198237896 0.1478040576330386 0.009560229373164475 0.025337838451378047
0 0.897227526671486 0.28716216911561787 0.021988527558278292 0.050675676902756095
