0 0.05072463903343305 0.3998016103869304 0.023411371861584485 0.05357143166474998
0 0.26365664025070146 0.2579365228302777 0.0144927540095523 0.0317460335791111
0 0.2748049125657417 0.2718254125211388 0.016722408472560346 0.0317460335791111
0 0.3138238656683825 0.2450396966887638 0.016722408472560346 0.03373016067780554
0 0.3288740332936868 0.21924604440573603 0.015607581241056323 0.03373016067780554
0 0.3561873004655354 0.22817461634986103 0.016722408472560346 0.027777779381722212
0 0.3573021276970394 0.29365081060677767 0.018952062935568392 0.03571428777649999
0 0.3823857404058799 0.3045635096495971 0.024526199093088508 0.04166666907258332
0 0.3823857404058799 0.18750001082662493 0.013377926778048277 0.025793652283027768
0 0.3924191854894161 0.2182539808563888 0.015607581241056323 0.0317460335791111
0 0.4002229761099443 0.20337302761618048 0.015607581241056323 0.025793652283027768
0 0.4052396986517124 0.1815476295305416 0.0144927540095523 0.025793652283027768
0 0.4448160653701052 0.19444445567205548 0.015607581241056323 0.0317460335791111
0 0.4498327879118733 0.21428572665899992 0.016722408472560346 0.03571428777649999
0 0.4698996780789457 0.22817461634986103 0.016722408472560346 0.039682541973888874
0 0.4581939921481535 0.1537698501488194 0.013377926778048277 0.025793652283027768
0 0.47993312316248193 0.19246032857336104 0.016722408472560346 0.0317460335791111
0 0.47157191892620176 0.1765873117838055 0.015607581241056323 0.0317460335791111
0 0.5000000133295543 0.13492064271122217 0.010033445083536208 0.019841270986944437
0 0.5061315631028265 0.16071429499424994 0.01114827231504023 0.023809525184333324
0 0.5139353537233546 0.18849207437597215 0.015607581241056323 0.0317460335791111
0 0.5211817307281308 0.22023810795508325 0.018952062935568392 0.039682541973888874
0 0.529542934964411 0.16071429499424994 0.013377926778048277 0.027777779381722212
0 0.5457079298212193 0.15972223144490272 0.0144927540095523 0.029761906480416656
0 0.5629877519095317 0.1537698501488194 0.01114827231504023 0.02182539808563888
0 0.5652174063725397 0.12301588011905551 0.01114827231504023 0.027777779381722212
0 0.5908584326971322 0.13988096045795828 0.013377926778048277 0.025793652283027768
0 0.6125975637114607 0.12003968947101384 0.010033445083536208 0.02182539808563888
0 0.6159420454059727 0.1448412782046944 0.0144927540095523 0.027777779381722212
0 0.6376811764203012 0.1448412782046944 0.015607581241056323 0.0317460335791111
0 0.6449275534250773 0.12301588011905551 0.012263099546544254 0.023809525184333324
0 0.6711259933654219 0.12103175302036107 0.013377926778048277 0.023809525184333324
0 0.581382401229348 0.1726190575864166 0.0144927540095523 0.027777779381722212
0 0.5735786106088199 0.2182539808563888 0.018952062935568392 0.04761905036866665
0 0.6059086003224365 0.20634921826422215 0.018952062935568392 0.03571428777649999
0 0.6159420454059727 0.24206350604072213 0.02564102632459253 0.051587304566055536
0 0.5702341289143078 0.30257938255090266 0.023411371861584485 0.05357143166474998
0 0.49609811801929027 0.29761906480416656 0.026755853556096554 0.04761905036866665
0 0.6086956684011966 0.3224206535378471 0.031215162482112646 0.05753968586213887
0 0.6555184121243656 0.28769842931069434 0.024526199093088508 0.051587304566055536
0 0.6516165168141015 0.21230159956030548 0.018952062935568392 0.04365079617127776
0 0.6527313440456055 0.18353175662923604 0.016722408472560346 0.029761906480416656
0 0.6923077107639983 0.15277778659947217 0.013377926778048277 0.023809525184333324
0 0.7051282239262946 0.15079365950077772 0.012263099546544254 0.027777779381722212
0 0.7157190826255828 0.16964286693837494 0.015607581241056323 0.029761906480416656
0 0.6945373652270064 0.1775793753331527 0.01783723570406437 0.04166666907258332
0 0.725195114093367 0.12003968947101384 0.012263099546544254 0.025793652283027768
0 0.7452620042604394 0.13888889690861106 0.0144927540095523 0.0317460335791111
0 0.7586399310384877 0.13095238851383328 0.0144927540095523 0.027777779381722212
0 0.7608695855014957 0.16269842209294438 0.016722408472560346 0.039682541973888874
0 0.7809364756685682 0.16468254919163883 0.016722408472560346 0.0317460335791111
0 0.7764771667425521 0.14384921465534717 0.012263099546544254 0.029761906480416656
0 0.7636566535802558 0.21428572665899992 0.020066890167072415 0.039682541973888874
0 0.7296544230193831 0.20238096406683326 0.016722408472560346 0.0317460335791111
0 0.726309941324871 0.2311508069979027 0.018952062935568392 0.03769841487519443
0 0.7536232084967196 0.23908731539268047 0.01783723570406437 0.04166666907258332
0 0.6973244333057664 0.2896825564093888 0.02118171739857644 0.04761905036866665
0 0.7575251038069837 0.2867063657613471 0.02118171739857644 0.04960317746736109
0 0.8389074917067774 0.32440478063654155 0.023411371861584485 0.05357143166474998
0 0.8545150729478337 0.2361111247446388 0.02118171739857644 0.04365079617127776
0 0.9136009162175469 0.25595239573158324 0.02118171739857644 0.04761905036866665
0 0.9018952302867547 0.2321428705472499 0.01783723570406437 0.0317460335791111
0 0.8846154081984423 0.2043650911655277 0.016722408472560346 0.039682541973888874
0 0.8768116175779141 0.16865080338902771 0.0144927540095523 0.027777779381722212
0 0.8885173035087064 0.16468254919163883 0.015607581241056323 0.0317460335791111
0 0.8528428321005777 0.1676587398396805 0.015607581241056323 0.029761906480416656
0 0.8361204236280173 0.1855158837279305 0.015607581241056323 0.03769841487519443
0 0.821070256002713 0.21130953601095825 0.018952062935568392 0.03769841487519443
0 0.8316611147020012 0.1587301678955555 0.015607581241056323 0.027777779381722212
