0 0.17272727278759703 0.640198505949229 0.06446280993986875 0.11414391966536641
0 0.3553719009505585 0.40322580316569656 0.09586776862852275 0.1761786586139351
0 0.45619834726676345 0.6563275380758569 0.05950413225218654 0.12158808833919466
0 0.5603305787080899 0.5880893252324313 0.042975206626579165 0.09429280320182443
0 0.6471074382425286 0.47518610034603626 0.04132231406401843 0.0719602971803397
0 0.7471074382774532 0.477667489903979 0.03305785125121474 0.0620347389485687
0 0.7504132234025747 0.6488833694020286 0.05950413225218654 0.12158808833919466
0 0.8074380168109201 0.6153846103698015 0.0578512396896258 0.09925558231770992
0 0.8644628102192655 0.4863523533567786 0.03966942150145769 0.06451612850651145
0 0.9834710747236386 0.4739454055670649 0.03305785125121474 0.07444168673828244
0 0.9826446284423582 0.6935483814449981 0.03471074381377548 0.10173697187565267
