0 0.35299807583214715 0.21206896472722292 0.019342360319569707 0.04137931019067764
0 0.4047388896869961 0.24827586114406586 0.022243714367505163 0.04482758603990078
0 0.43326887115836143 0.21724137850105762 0.013539652223698795 0.03448275849223137
0 0.4545454675098881 0.22241379227489233 0.019342360319569707 0.04137931019067764
0 0.5135396664845757 0.21982758538797498 0.019342360319569707 0.03620689641684294
0 0.5174081385484897 0.18362068897113204 0.017408124287612736 0.029310344718396664
0 0.5531915051396936 0.19310344755649567 0.015473888255655766 0.037931034341454506
0 0.5991296108986717 0.17068965453654528 0.020309478335548192 0.031034482643008232
0 0.6382978905458003 0.1370689650066197 0.013539652223698795 0.0327586205676198
0 0.7195358038879931 0.06293103424832225 0.013539652223698795 0.029310344718396664
0 0.7330754561116919 0.18275862000882626 0.019342360319569707 0.04137931019067764
0 0.6813346422568429 0.19396551651880145 0.01837524230359122 0.0327586205676198
0 0.6561895738414023 0.2568965507671237 0.022243714367505163 0.04482758603990078
0 0.7441973132954445 0.2775862058624625 0.022243714367505163 0.05517241358757019
0 0.7935203321103472 0.26034482661634684 0.020309478335548192 0.04137931019067764
0 0.8660541833087336 0.3439655159600079 0.022243714367505163 0.049999999813735485
0 0.8873307796602603 0.295689654070884 0.01837524230359122 0.049999999813735485
0 0.854932326124981 0.23275861982256174 0.015473888255655766 0.037931034341454506
0 0.8660541833087336 0.19999999925494194 0.01450677023967728 0.037931034341454506
0 0.9134429660916794 0.2241379301995039 0.01644100627163425 0.03448275849223137
0 0.9477756556589156 0.21034482680261135 0.015473888255655766 0.037931034341454506
0 0.9516441277228296 0.2827586196362972 0.017408124287612736 0.04137931019067764
