0 0.09600000455975533 0.5759999938309193 0.06400000303983688 0.09599999897181988
0 0.14900000707712024 0.5493333274498582 0.05400000256486237 0.09066666569560766
0 0.20900000992696732 0.5973333269357681 0.06200000294484198 0.10133333224803209
0 0.27800001320429146 0.5466666608117521 0.06000000284984708 0.09066666569560766
0 0.3640000172890723 0.5239999943878502 0.06000000284984708 0.08799999905750155
0 0.41800001985393465 0.5319999943021685 0.04800000227987766 0.07199999922886491
0 0.45500002161134034 0.5759999938309193 0.050000002374872565 0.09066666569560766
0 0.5040000239387155 0.48399999481625855 0.04800000227987766 0.08266666578128934
0 0.5520000262185931 0.569333327235654 0.04800000227987766 0.09333333233371377
0 0.5980000284034759 0.5359999942593277 0.04400000208988786 0.08533333241939545
0 0.6480000307783484 0.5866666603833437 0.05600000265985727 0.09066666569560766
0 0.6920000328682363 0.5213333277497441 0.04800000227987766 0.07199999922886491
0 0.7390000351006165 0.5653333272784948 0.04600000218488276 0.08533333241939545
0 0.791000037570484 0.518666661111638 0.04600000218488276 0.09333333233371377
0 0.8320000395178795 0.5613333273213357 0.04800000227987766 0.08266666578128934
0 0.904000042937696 0.5253333277069032 0.05600000265985727 0.07999999914318323
