0 0.09215886401943862 0.2486535069765523 0.019348269794136286 0.04129264014773071
0 0.2963340268470347 0.21992819209117442 0.018329939804971218 0.03770197578705847
0 0.3671079610940069 0.19479354156646878 0.02138492977246642 0.044883304508402944
0 0.3849287359043956 0.167863558861427 0.018329939804971218 0.03411131142638624
0 0.40580450068227947 0.17594255367293954 0.01323828985914588 0.035906643606722355
0 0.4231161104980856 0.22800718690268695 0.027494909707456827 0.061041294131428
0 0.4261711004655808 0.1723518893122673 0.01731160981580615 0.028725314885377884
0 0.4322810804005712 0.14901257096789777 0.015274949837476015 0.028725314885377884
0 0.4602851551026106 0.2073608668288216 0.018329939804971218 0.04129264014773071
0 0.49287171475589275 0.21903052600100636 0.024439919739961624 0.043087972328066826
0 0.496945034712553 0.1768402197631076 0.020366599783301353 0.03770197578705847
0 0.49134421977214515 0.14991023705806583 0.01323828985914588 0.03411131142638624
0 0.4694501250050962 0.13824057788588107 0.014256619848310947 0.02513465052470565
0 0.504582509631291 0.15260323532857 0.01323828985914588 0.02513465052470565
0 0.5249491094145924 0.1660682266810909 0.019348269794136286 0.03411131142638624
0 0.5193482944741845 0.13195691525470465 0.014256619848310947 0.026929982705041766
0 0.5483706991653889 0.14003591006621718 0.01323828985914588 0.03231597924605012
0 0.56466397899203 0.18940754502546042 0.02138492977246642 0.04847396886907518
0 0.5855397437699139 0.17863555194344372 0.016293279826641083 0.03770197578705847
0 0.5824847538024187 0.1265709187136963 0.010183299891650677 0.026929982705041766
0 0.5916497237049043 0.1310592491645366 0.012219959869980812 0.028725314885377884
0 0.6206721283961087 0.1723518893122673 0.019348269794136286 0.035906643606722355
0 0.6278004383202642 0.13824057788588107 0.01731160981580615 0.028725314885377884
0 0.6120163234882057 0.11400359345134348 0.018329939804971218 0.026929982705041766
0 0.63900206820108 0.11490125954151154 0.01323828985914588 0.03231597924605012
0 0.6593686679843813 0.14362657442688942 0.019348269794136286 0.028725314885377884
0 0.6670061429031193 0.11220826127100736 0.014256619848310947 0.030520647065714
0 0.6929735576268286 0.12298025435302407 0.01323828985914588 0.026929982705041766
0 0.6899185676593333 0.10412926645949483 0.015274949837476015 0.028725314885377884
0 0.7199593023397028 0.1157989256316796 0.012219959869980812 0.026929982705041766
0 0.7413442321121693 0.13824057788588107 0.016293279826641083 0.035906643606722355
0 0.5743381138890982 0.2755834896815941 0.03054989967495203 0.059245961951091886
0 0.5702647939324379 0.2468581747962162 0.024439919739961624 0.03411131142638624
0 0.6267821083310992 0.20556553464848548 0.019348269794136286 0.03770197578705847
0 0.631364593282342 0.2549371696077287 0.02240325976163149 0.05385996541008353
0 0.6766802778001875 0.21274686336982995 0.02138492977246642 0.044883304508402944
0 0.6659878129139543 0.2010772041976452 0.018329939804971218 0.035906643606722355
0 0.691446062643081 0.19030521111562848 0.020366599783301353 0.04667863668873906
0 0.7026476925238967 0.17773788585327566 0.018329939804971218 0.035906643606722355
0 0.684826917713508 0.2639138305094093 0.027494909707456827 0.04667863668873906
0 0.7250509522855282 0.228904852992855 0.02647657971829176 0.052064633229747415
0 0.7561100169550627 0.21095153118949383 0.02138492977246642 0.03770197578705847
0 0.752545861992985 0.26750449487008154 0.024439919739961624 0.05385996541008353
0 0.774439956760034 0.259425500058569 0.023421589750796556 0.04847396886907518
0 0.8034623614512384 0.320466794189997 0.02647657971829176 0.06283662631176412
0 0.8615071708336473 0.3294434550916776 0.028513239696621895 0.05565529759041965
0 0.925152795156464 0.3671454308787361 0.027494909707456827 0.06642729067243636
0 0.887983750551939 0.25852783396840096 0.024439919739961624 0.05385996541008353
0 0.9378819200210273 0.30251347238663584 0.02240325976163149 0.05565529759041965
0 0.8034623614512384 0.2181328599108383 0.02240325976163149 0.052064633229747415
0 0.7505092020146549 0.17953321803361177 0.012219959869980812 0.028725314885377884
0 0.7698574718087912 0.1921005432959646 0.014256619848310947 0.035906643606722355
0 0.7764766167383641 0.14362657442688942 0.015274949837476015 0.03231597924605012
0 0.7902240715920925 0.1570915657794103 0.016293279826641083 0.030520647065714
0 0.8075356814078987 0.16337522841058671 0.014256619848310947 0.03949730796739459
0 0.8065173514187336 0.13195691525470465 0.014256619848310947 0.03770197578705847
0 0.8228106312453747 0.1508079031482339 0.018329939804971218 0.03949730796739459
0 0.8309572711586952 0.13824057788588107 0.018329939804971218 0.035906643606722355
0 0.849796375958249 0.244165176525712 0.019348269794136286 0.04667863668873906
0 0.8533605309203267 0.19748653983697295 0.020366599783301353 0.035906643606722355
0 0.8487780459690839 0.15619389968924224 0.015274949837476015 0.02513465052470565
0 0.8635438308119774 0.14991023705806583 0.016293279826641083 0.03411131142638624
0 0.8767821206711233 0.18491921457462013 0.014256619848310947 0.035906643606722355
0 0.8828921006061137 0.17145422322209924 0.014256619848310947 0.03411131142638624
0 0.9017312054056674 0.15798923186957836 0.015274949837476015 0.03949730796739459
0 0.9226069701835513 0.16427289450075477 0.016293279826641083 0.04129264014773071
0 0.9093686803244054 0.19748653983697295 0.018329939804971218 0.03949730796739459
0 0.9419552399776876 0.23429084953386337 0.018329939804971218 0.044883304508402944
0 0.9577393548097461 0.213644529459998 0.015274949837476015 0.03949730796739459
0 0.9663951597176492 0.19120287720579654 0.012219959869980812 0.03770197578705847
0 0.9017312054056674 0.23429084953386337 0.02138492977246642 0.03411131142638624
