0 0.0449218756693881 0.6276346342638135 0.06171875091968104 0.09133489080704749
0 0.06171875091968104 0.5673301871283911 0.0437500006519258 0.06908664817456156
0 0.03203125047730282 0.5105386204086244 0.034375000512227416 0.060889927204698324
0 0.05195312577416189 0.4988290190231055 0.022656250337604433 0.046838405542075634
0 0.08828125131549314 0.4988290190231055 0.02500000037252903 0.046838405542075634
0 0.1289062519208528 0.5403981039416976 0.03125000046566129 0.04566744540352374
0 0.15742187734576873 0.5327868630411103 0.027343750407453626 0.0515222460962832
0 0.11132812665891834 0.6375877954415046 0.07109375105937943 0.11358313343953341
0 0.21328125317813829 0.5743559479597025 0.040625000605359674 0.062060887343250215
0 0.22265625331783667 0.5380561836645938 0.02812500041909516 0.048009365680627525
0 0.2636718789290171 0.5696721074054949 0.03828125057043508 0.062060887343250215
0 0.3316406299418304 0.6176814730861224 0.04921875073341653 0.08079624956008047
0 0.3132812546682544 0.5813817087910138 0.029687500442378223 0.04566744540352374
0 0.3308593799301889 0.5603044262970798 0.024218750360887498 0.048009365680627525
0 0.3664062554598786 0.5755269080982544 0.0218750003259629 0.04098360484931618
0 0.4035156310128514 0.6270491541945376 0.041406250617001206 0.07142856845166534
0 0.42929688139702193 0.6153395528090186 0.027343750407453626 0.05737704678904265
0 0.42460938132717274 0.5802107486524619 0.027343750407453626 0.05035128595773131
0 0.39687500591389835 0.5848945892066695 0.029687500442378223 0.04332552512641996
0 0.5933593838417437 0.46604213514365256 0.02890625043073669 0.04215456498786807
0 0.5335937579511665 0.6176814730861224 0.04687500069849193 0.08313816983718425
0 0.5050781325262506 0.6159250328782946 0.030468750454019755 0.06791568803600967
0 0.5531250082422048 0.8565573413507082 0.10781250160653144 0.20960186480078846
0 0.5972656338999514 0.6610069982125424 0.041406250617001206 0.08313816983718425
0 0.6535156347381417 0.6305620346101932 0.03984375059371814 0.06674472789745778
0 0.8460937626077794 0.7675643708207645 0.08593750128056854 0.139344256487675
0 0.9042968884750735 0.9262294695945457 0.11484375171130523 0.14519905718043447
0 0.9410156390222255 0.8091334557393566 0.06953125103609636 0.11007025302387774
