0 0.06981132179498672 0.43865546642336994 0.04528301954269409 0.10756302624940872
0 0.25754717364907265 0.2815126077621244 0.01886792480945587 0.03529411798808724
0 0.28490566462278366 0.2663865571958013 0.01886792480945587 0.03529411798808724
0 0.30283019319176674 0.2571428596274927 0.01886792480945587 0.04033613484352827
0 0.3254717029631138 0.2663865571958013 0.01886792480945587 0.045378151698969305
0 0.34481132589280605 0.27731092704925686 0.017924528568983078 0.04369747941382229
0 0.3971698172390461 0.30756302818190306 0.024528302252292633 0.05042016855441034
0 0.3226415142416954 0.222689077781979 0.016981132328510284 0.03529411798808724
0 0.34811321273446083 0.21512605249881744 0.016981132328510284 0.03697479027323425
0 0.3537735901772976 0.2403361367760226 0.01886792480945587 0.033613445702940226
0 0.37500000558793545 0.22773109463742003 0.021698113530874252 0.031932773417793214
0 0.42075472325086594 0.22100840549683198 0.016981132328510284 0.03865546255838126
0 0.4971698187291622 0.28739496076013893 0.02641509473323822 0.060504202265292406
0 0.38773585483431816 0.21092437178594992 0.01886792480945587 0.031932773417793214
0 0.4094339683651924 0.17563025379786268 0.015094339847564697 0.031932773417793214
0 0.4278301950544119 0.18235294293845072 0.014150943607091904 0.03529411798808724
0 0.4594339691102505 0.16806722851470113 0.016981132328510284 0.03697479027323425
0 0.4542452897876501 0.14201680809492245 0.014150943607091904 0.028571428847499192
0 0.44905661046504974 0.22100840549683198 0.01886792480945587 0.04201680712867528
0 0.48018868640065193 0.1630252116592601 0.01320754736661911 0.030252101132646203
0 0.4740566108375788 0.147899161092937 0.012264151126146317 0.02689075656235218
0 0.4872641582041979 0.13697479123948142 0.01037735864520073 0.021848739706911147
0 0.4976415168493986 0.23025210306514055 0.019811321049928665 0.04033613484352827
0 0.46415095031261444 0.20000000193249434 0.015094339847564697 0.033613445702940226
0 0.44528302550315857 0.19663865736220032 0.015094339847564697 0.033613445702940226
0 0.47971698828041553 0.19915966578992084 0.01603773608803749 0.03865546255838126
0 0.5047169886529446 0.20420168264536187 0.016981132328510284 0.03865546255838126
0 0.507547177374363 0.16638655622955412 0.015094339847564697 0.033613445702940226
0 0.5014151018112898 0.15210084180580452 0.012264151126146317 0.031932773417793214
0 0.5292452909052372 0.1344537828117609 0.015094339847564697 0.030252101132646203
0 0.5353773664683104 0.17226890922756866 0.019811321049928665 0.04201680712867528
0 0.5509434044361115 0.15462185023352504 0.01320754736661911 0.030252101132646203
0 0.5400943476706743 0.12941176595631987 0.012264151126146317 0.02689075656235218
0 0.562264159321785 0.1336134466691874 0.015094339847564697 0.028571428847499192
0 0.5716981217265129 0.11344537924742326 0.01320754736661911 0.02521008427720517
0 0.5858490653336048 0.13781512738205492 0.011320754885673523 0.030252101132646203
0 0.5735849142074585 0.1630252116592601 0.016981132328510284 0.033613445702940226
0 0.5886792540550232 0.12689075752859935 0.011320754885673523 0.02521008427720517
0 0.5990566127002239 0.10084033710882068 0.01320754736661911 0.02689075656235218
0 0.619339631870389 0.10168067325139418 0.012264151126146317 0.028571428847499192
0 0.6226415187120438 0.14201680809492245 0.015094339847564697 0.03865546255838126
0 0.6358490660786629 0.12100840453058481 0.01320754736661911 0.02689075656235218
0 0.6405660472810268 0.1050420178216882 0.011320754885673523 0.028571428847499192
0 0.6731132175773382 0.12268907681573182 0.014150943607091904 0.02689075656235218
0 0.6905660480260849 0.10588235396426171 0.01320754736661911 0.033613445702940226
0 0.5683962348848581 0.2403361367760226 0.019811321049928665 0.03697479027323425
0 0.5632075555622578 0.2949579860433005 0.024528302252292633 0.058823529980145395
0 0.6042452920228243 0.33277311245910823 0.027358490973711014 0.06386554683558643
0 0.609905669465661 0.2554621873423457 0.027358490973711014 0.057142857694998384
0 0.6264151036739349 0.18991596822161227 0.01886792480945587 0.04369747941382229
0 0.6509434059262276 0.17647058994043618 0.01886792480945587 0.047058823984116316
0 0.6646226514130831 0.20588235493050888 0.019811321049928665 0.05210084083955735
0 0.6816037837415934 0.24369748134631664 0.019811321049928665 0.05042016855441034
0 0.6981132179498672 0.21596638864139095 0.02075471729040146 0.04873949626926333
0 0.6886792555451393 0.14117647195234895 0.01320754736661911 0.030252101132646203
0 0.7160377465188503 0.13781512738205492 0.01320754736661911 0.04369747941382229
0 0.7424528412520885 0.11764705996029079 0.01320754736661911 0.033613445702940226
0 0.7518868036568165 0.11092437081970274 0.01320754736661911 0.033613445702940226
0 0.7344339732080698 0.15378151409095153 0.01603773608803749 0.04201680712867528
0 0.6783018968999386 0.33613445702940226 0.028301887214183807 0.06722689140588045
0 0.713207557797432 0.28739496076013893 0.028301887214183807 0.057142857694998384
0 0.7438679356127977 0.20420168264536187 0.01603773608803749 0.04201680712867528
0 0.7636792566627264 0.23025210306514055 0.019811321049928665 0.05378151312470436
0 0.7740566153079271 0.2789915993344039 0.025471698492765427 0.057142857694998384
0 0.7594339735805988 0.15630252251867205 0.01320754736661911 0.033613445702940226
0 0.7490566149353981 0.1470588249503635 0.01320754736661911 0.031932773417793214
0 0.7698113322257996 0.13697479123948142 0.015094339847564697 0.03529411798808724
0 0.7900943513959646 0.1201680683880113 0.012264151126146317 0.031932773417793214
0 0.7962264269590378 0.13193277438404039 0.009433962404727936 0.031932773417793214
0 0.8103773705661297 0.1201680683880113 0.011320754885673523 0.031932773417793214
0 0.7990566156804562 0.18487395136617124 0.015094339847564697 0.04033613484352827
0 0.8245283141732216 0.15714285866124555 0.015094339847564697 0.03865546255838126
0 0.8334905784577131 0.1344537828117609 0.014150943607091904 0.03697479027323425
0 0.8566037863492966 0.1504201695206575 0.011320754885673523 0.028571428847499192
0 0.8542452957481146 0.18151260679587722 0.014150943607091904 0.033613445702940226
0 0.8702830318361521 0.1504201695206575 0.012264151126146317 0.031932773417793214
0 0.8731132205575705 0.12521008524345234 0.012264151126146317 0.028571428847499192
0 0.8783018998801708 0.21848739706911147 0.015094339847564697 0.04033613484352827
0 0.9004717115312815 0.12689075752859935 0.01037735864520073 0.028571428847499192
0 0.936792466789484 0.1655462200869806 0.01320754736661911 0.03529411798808724
0 0.886792466044426 0.1932773127919063 0.01320754736661911 0.04033613484352827
0 0.9334905799478292 0.27478991862153634 0.02358490601181984 0.04873949626926333
0 0.8929245416074991 0.1781512622255832 0.014150943607091904 0.03697479027323425
0 0.8971698246896267 0.1630252116592601 0.015094339847564697 0.03697479027323425
