0 0.27111111767590046 0.5575000134995207 0.16666667070239782 0.308333340799436
0 0.20166667154990137 0.3141666742740199 0.08777777990326285 0.15500000375322998
0 0.152777781477198 0.27250000659842044 0.06333333486691117 0.10833333595655859
0 0.04222222324460745 0.3000000072643161 0.055555556900799274 0.10333333583548665
0 0.305000007385388 0.24750000599306077 0.04111111210659146 0.07833333523012698
0 0.3694444533903152 0.31083334085997194 0.07222222397103906 0.12500000302679837
0 0.3966666762717068 0.2066666716709733 0.04222222324460745 0.09000000217929482
0 0.49388890084810555 0.229166672215797 0.045555556658655405 0.09500000230036676
0 0.539444457506761 0.38500000932253897 0.13666666997596622 0.2366666723974049
0 0.5288889016956091 0.20500000496394932 0.04666666779667139 0.07000000169500709
0 0.5816666807513684 0.2225000053877011 0.04111111210659146 0.08500000205822289
0 0.612222237046808 0.16333333728834987 0.028888889588415623 0.060000001452863216
0 0.6816666831728071 0.23416667233686894 0.06333333486691117 0.1150000027846545
0 0.6633333493955433 0.17500000423751771 0.05111111234873533 0.08333333535119891
0 0.7516666848678142 0.3283333412837237 0.11222222493961453 0.19000000460073352
0 0.76666668523103 0.19583333807531744 0.055555556900799274 0.08833333547227085
0 0.8672222432214767 0.18833333789370954 0.05666666803881526 0.08000000193715096
0 0.9583333565387875 0.22750000550877303 0.08333333535119891 0.15166667033918202
0 0.920555577846244 0.1616666705813259 0.03888888983055949 0.07000000169500709
0 0.7527777960058302 0.15166667033918202 0.03444444527849555 0.05000000121071935
