0 0.15972850754042156 0.4656301227514632 0.04796380113111809 0.09001636819448322
0 0.3393665174371563 0.22340425924630836 0.014479638077318668 0.03436988603789359
0 0.34343891564640217 0.18412438948871568 0.013574660697486252 0.03436988603789359
0 0.4796380113111809 0.22176759800640866 0.018099547596648335 0.03436988603789359
0 0.44479638218763284 0.21931260614655912 0.01719457021681592 0.0327332247979939
0 0.4167420834128279 0.2103109693271108 0.013574660697486252 0.027823241078294814
0 0.41357466258341447 0.1808510670089163 0.014479638077318668 0.024549918598495424
0 0.42307692507165484 0.15302782593062147 0.011764705937821418 0.021276596118696034
0 0.44570135956746526 0.15302782593062147 0.011764705937821418 0.021276596118696034
0 0.45067873515654355 0.1808510670089163 0.014479638077318668 0.031096563558094203
0 0.46742081668344326 0.18739771196851507 0.015384615457151085 0.031096563558094203
0 0.46199095240444876 0.13011456857202575 0.009954751178156585 0.024549918598495424
0 0.47737556786159985 0.15057283407077193 0.009954751178156585 0.02291325735859573
0 0.5049773779464886 0.14975450345082209 0.012669683317653835 0.024549918598495424
0 0.49909502497757785 0.12193126237252727 0.011764705937821418 0.018003273638896644
0 0.5203619934036396 0.12438625423237681 0.010859728557989001 0.02618657983839512
0 0.5339366541011259 0.18739771196851507 0.014479638077318668 0.031096563558094203
0 0.5592760207364336 0.1620294627500698 0.014479638077318668 0.02618657983839512
0 0.5321266993414611 0.15384615655057132 0.012669683317653835 0.02291325735859573
0 0.5411764731397852 0.1276595767121762 0.010859728557989001 0.01963993487879634
0 0.5823529439221602 0.16939443832961842 0.015384615457151085 0.027823241078294814
0 0.5977375593793113 0.1432078584912233 0.013574660697486252 0.027823241078294814
0 0.5837104099919088 0.1121112949331291 0.010859728557989001 0.021276596118696034
0 0.6027149349683896 0.12111293175257742 0.009049773798324168 0.02291325735859573
0 0.6171945730457082 0.14566285035107285 0.012669683317653835 0.03600654727779329
0 0.6461538492003456 0.1415711972513236 0.012669683317653835 0.031096563558094203
0 0.6131221748364624 0.11702127865282819 0.008144796418491751 0.024549918598495424
0 0.6072398218675517 0.10392798873363063 0.012669683317653835 0.021276596118696034
0 0.627601812913781 0.10147299687378109 0.009954751178156585 0.01963993487879634
0 0.6542986456188373 0.10474631935358047 0.009049773798324168 0.02618657983839512
0 0.6742081479751505 0.12438625423237681 0.010859728557989001 0.01963993487879634
0 0.6950226277112961 0.12356792361242697 0.010859728557989001 0.021276596118696034
0 0.714479641377693 0.14238952787127346 0.013574660697486252 0.02618657983839512
0 0.7040724015096202 0.1620294627500698 0.014479638077318668 0.02618657983839512
0 0.6619909533474129 0.18821604258846492 0.01719457021681592 0.0327332247979939
0 0.6199095051852055 0.2070376468473114 0.016289592836983502 0.04091653099749237
0 0.6321266998129431 0.2504091697046533 0.015384615457151085 0.04255319223739207
0 0.5692307719145902 0.2536824921844527 0.01990950235631317 0.03927986975759268
0 0.601357468898641 0.30769231310114264 0.02805429877480492 0.0654664495959878
0 0.5497737582481932 0.29214403132209554 0.026244344015140086 0.04746317595709115
0 0.5140271517448127 0.28396072512259707 0.028959276154637337 0.04746317595709115
0 0.6728506819054019 0.3428805297589861 0.029864253534469754 0.06710311083588749
0 0.6615384646574967 0.25777414528420195 0.01990950235631317 0.04746317595709115
0 0.6660633515566587 0.22013093676650897 0.016289592836983502 0.03436988603789359
0 0.6950226277112961 0.2103109693271108 0.014479638077318668 0.031096563558094203
0 0.7117647092381958 0.22831424296600744 0.019004524976480752 0.04091653099749237
0 0.7380090532533359 0.1759410832892172 0.013574660697486252 0.03436988603789359
0 0.7497737591911573 0.1571194790303707 0.013574660697486252 0.02945990231819451
0 0.7479638044314925 0.1260229154722765 0.009954751178156585 0.02291325735859573
0 0.7574660669197328 0.1276595767121762 0.012669683317653835 0.02618657983839512
0 0.7769230805861298 0.13584288291167468 0.011764705937821418 0.0327332247979939
0 0.7660633520281408 0.18330605886876583 0.015384615457151085 0.03600654727779329
0 0.7574660669197328 0.34042553789913654 0.02533936663530767 0.05891980463638902
0 0.7705882389273029 0.2675941127236001 0.020814479736145586 0.05073649843689054
0 0.8027149359113537 0.2741407576831989 0.01990950235631317 0.04091653099749237
0 0.8434389180038124 0.30605565186124295 0.01990950235631317 0.04582651471719146
0 0.8276018138567451 0.36661211773753166 0.026244344015140086 0.05564648215658963
0 0.9063348459021654 0.33715221541933715 0.020814479736145586 0.05237315967679024
0 0.9167420857702382 0.2831423945026472 0.018099547596648335 0.04255319223739207
0 0.8651583751197904 0.27332242706324905 0.01990950235631317 0.04582651471719146
0 0.8737556602281984 0.23240589606575668 0.013574660697486252 0.03600654727779329
0 0.8846153887861874 0.21112929994706064 0.015384615457151085 0.03600654727779329
0 0.8972850721038412 0.1947626875480637 0.011764705937821418 0.02945990231819451
0 0.8995475155534223 0.17266776080941781 0.010859728557989001 0.027823241078294814
0 0.9067873345920816 0.16121113213011995 0.010859728557989001 0.024549918598495424
0 0.9307692351576407 0.1759410832892172 0.013574660697486252 0.03436988603789359
0 0.9384615428862162 0.2119476305670105 0.012669683317653835 0.031096563558094203
0 0.9199095065996516 0.2397708716453053 0.009954751178156585 0.031096563558094203
0 0.9262443482584786 0.22667758172610775 0.011764705937821418 0.031096563558094203
0 0.8375565650349017 0.21767594490665942 0.015384615457151085 0.03600654727779329
0 0.8416289632441476 0.19803601002786309 0.014479638077318668 0.02945990231819451
0 0.8561086013214663 0.18412438948871568 0.012669683317653835 0.027823241078294814
0 0.8660633524996229 0.15793780965032056 0.012669683317653835 0.03436988603789359
0 0.872850682848366 0.1481178422109224 0.013574660697486252 0.024549918598495424
0 0.840271497174399 0.15220949531067163 0.013574660697486252 0.0327332247979939
0 0.8221719495777506 0.17512275266926736 0.011764705937821418 0.02618657983839512
0 0.8054298680508509 0.20049100188771263 0.012669683317653835 0.03436988603789359
0 0.7864253430743702 0.20294599374756217 0.014479638077318668 0.03600654727779329
0 0.7891402752138674 0.17266776080941781 0.016289592836983502 0.021276596118696034
