0 0.18389896943699569 0.39745403884444386 0.04262036201544106 0.07920792233198881
0 0.15745855966815725 0.38330976699944586 0.03235990449320525 0.06789250485599041
0 0.13338594778906554 0.37270156311569735 0.03314917045645416 0.06930693204049021
0 0.12628255411982536 0.33380481554195285 0.03157063852995634 0.05940594174899161
0 0.18310970347374678 0.31683168932795525 0.025256510823965073 0.04809052427299321
0 0.21862667181994766 0.30410184466745704 0.028413574676960707 0.04809052427299321
0 0.2624309327802621 0.29137200000695884 0.027624308713711798 0.06223479611799121
0 0.2983425341080874 0.31400283495895565 0.03314917045645416 0.06789250485599041
0 0.3038673958508298 0.26096181554021314 0.028413574676960707 0.05233380582649261
0 0.34806628979276866 0.37057992233894765 0.03788476623594761 0.06789250485599041
0 0.3831886251573451 0.31966054369695485 0.033938436419703066 0.05940594174899161
0 0.4246250882279128 0.29349364078370854 0.028413574676960707 0.06082036893349141
