0 0.19312499568331987 0.37388394528534263 0.0987499977927655 0.19419643725268543
0 0.3899999912828207 0.36607144493609667 0.0824999981559813 0.14732143515720963
0 0.5474999877624214 0.3314732291037217 0.0824999981559813 0.15848214994184673
0 0.634999985806644 0.37500001676380634 0.08499999810010195 0.17410715064033866
0 0.7431249833898619 0.4319196621654555 0.10374999768100679 0.2031250090803951
0 0.5387499879579991 0.18638393690343946 0.029999999329447746 0.05133928800933063
0 0.576874987105839 0.1662946502910927 0.028749999357387424 0.06919643166474998
0 0.47187498945277184 0.18750000838190317 0.011249999748542905 0.03125000139698386
0 0.45749998977407813 0.1908482228172943 0.014999999664723873 0.03348214435391128
0 0.43312499031890184 0.18080357951112092 0.01874999958090484 0.04017857322469354
0 0.3962499911431223 0.16406250733416528 0.0274999993853271 0.05133928800933063
0 0.3462499922607094 0.27008929778821766 0.03249999927356839 0.05357143096625805
0 0.32312499277759343 0.18526786542497575 0.023749999469146132 0.044642859138548374
0 0.28874999354593456 0.19866072316654027 0.024999999441206455 0.05357143096625805
0 0.2231249950127676 0.17187500768341124 0.05124999885447323 0.07589286053553224
0 0.15499999653548002 0.15290179254952818 0.03749999916180968 0.07366071757860482
0 0.09749999782070518 0.17410715064033866 0.052499998826533556 0.0714285746216774
0 0.029374999343417585 0.20647322351578623 0.03124999930150807 0.05133928800933063
