0 0.13153846166096628 0.3799076188588515 0.09384615393355489 0.14549653488211334
0 0.25307692331261933 0.6524249381618574 0.06923076929524541 0.10854503395967185
0 0.42846153886057436 0.5531177794327959 0.05692307697609067 0.09930715872906148
0 0.4700000004377216 0.5230946849333122 0.04461538465693593 0.07621247065253556
0 0.5892307697795331 0.5265588881447911 0.04615384619683027 0.08314087707549334
0 0.6523076929152012 0.5288683569524437 0.04615384619683027 0.07390300184488297
0 0.7746153853368014 0.45034641749225557 0.041538461577147245 0.07390300184488297
0 0.8576923084910959 0.5889145459514111 0.06307692313566804 0.11547344038262963
0 0.9223076931666583 0.5323325601639226 0.053846153896301985 0.0946882211137563
0 0.9823076932225376 0.5438799042021856 0.035384615417569876 0.0946882211137563
