0 0.06318252731580287 0.6745152166113257 0.12012480502016842 0.26315788738429546
0 0.14820592827163637 0.4542936161160469 0.08112324494868517 0.15512464940547943
0 0.0670826833229512 0.35595566872507334 0.056162246502935886 0.10249307192862034
0 0.019500780035741627 0.37396120838820934 0.035881435265764594 0.0886426568031311
0 0.040561622474342585 0.2936288006603718 0.040561622474342585 0.0941828228533268
0 0.053042121697217226 0.24376730620861053 0.024960998445749283 0.049861494451761246
0 0.09126365056727082 0.24930747225880623 0.023400936042889953 0.05540166050195694
0 0.12558502343017608 0.2423822646960616 0.026521060848608613 0.05263157747685909
0 0.1138845554087311 0.2188365589827299 0.018720748834311962 0.03878116235136986
0 0.17082683311309665 0.271468136459589 0.029641185654327273 0.049861494451761246
0 0.1918876755516976 0.26177284587174654 0.024960998445749283 0.05263157747685909
0 0.19968798756599426 0.22022160049527884 0.021840873640030622 0.041551245376467705
0 0.21372854919172823 0.33795012906193733 0.053042121697217226 0.0886426568031311
0 0.24414976604748517 0.29085871763527393 0.032761310460045934 0.06648199260234833
0 0.24258970364462584 0.22160664200782776 0.023400936042889953 0.04432132840156555
0 0.28237129491753876 0.36842104233801365 0.056162246502935886 0.12188365310430527
0 0.30499219975899905 0.2590027628466487 0.026521060848608613 0.05263157747685909
0 0.29797191894613206 0.23130193259567022 0.021840873640030622 0.041551245376467705
0 0.3010920437518507 0.16620498150587082 0.018720748834311962 0.03878116235136986
0 0.335413416614756 0.2756232609972358 0.037441497668623924 0.08587257377803326
0 0.3595943838590756 0.23822714015841484 0.023400936042889953 0.05540166050195694
0 0.35179407184477895 0.18144043814390898 0.017160686431452632 0.041551245376467705
0 0.3759750390890986 0.26315788738429546 0.024960998445749283 0.060941826552152634
0 0.40795631834771484 0.2783933440223336 0.032761310460045934 0.06925207562744617
0 0.4196567863691598 0.32132963091135025 0.040561622474342585 0.07756232470273972
0 0.3822152887005359 0.5554016465321183 0.08736349456012249 0.21329639293253422
0 0.6045241811079904 0.49307477846741676 0.0826833073515445 0.1939058117568493
0 0.5975039002951235 0.33933517057448626 0.046801872085779905 0.09141273982822895
0 0.5842433698708192 0.2520775552839041 0.023400936042889953 0.06648199260234833
0 0.5616224650293589 0.2548476383090019 0.021840873640030622 0.04432132840156555
0 0.5374414977850392 0.2423822646960616 0.020280811237171292 0.0470914114266634
0 0.5210608425550163 0.2783933440223336 0.028081123251467943 0.05263157747685909
0 0.5374414977850392 0.3185595478862524 0.029641185654327273 0.07202215865254402
0 0.5085803433321416 0.2409972231835127 0.018720748834311962 0.04432132840156555
0 0.49453978170640767 0.23130193259567022 0.021840873640030622 0.05263157747685909
0 0.47971918887924403 0.24376730620861053 0.023400936042889953 0.04432132840156555
0 0.4625585024477914 0.23268697410821915 0.020280811237171292 0.049861494451761246
0 0.39391575672198087 0.22022160049527884 0.020280811237171292 0.03601107932627201
0 0.6193447739351541 0.27285317797213793 0.031201248057186604 0.06925207562744617
0 0.6622464900137857 0.2603878043591976 0.026521060848608613 0.06648199260234833
0 0.6864274572581053 0.3476454196497798 0.037441497668623924 0.09695290587842464
0 0.7332293293438852 0.3587257517501712 0.037441497668623924 0.09695290587842464
0 0.7386895477538928 0.2839335100725293 0.029641185654327273 0.06371190957725048
0 0.7199687989195809 0.25069251377135515 0.029641185654327273 0.05817174352705479
0 0.7636505461996421 0.26731301192194223 0.023400936042889953 0.05263157747685909
0 0.7714508582139388 0.3116343403235078 0.032761310460045934 0.06925207562744617
0 0.815132605494 0.26177284587174654 0.026521060848608613 0.05817174352705479
0 0.8424336975440383 0.2756232609972358 0.028081123251467943 0.06371190957725048
0 0.8595943839754909 0.26731301192194223 0.031201248057186604 0.05817174352705479
0 0.8751950080040842 0.3130193818360567 0.034321372862905264 0.06648199260234833
0 0.8424336975440383 0.4113573292270303 0.05928237130865455 0.12465373612940311
0 0.9040561624569818 0.4072022046893835 0.042121684877201915 0.0941828228533268
0 0.9547581905499101 0.35041550267487764 0.043681747280061245 0.08033240772783756
0 0.9368174729170278 0.2645429288968444 0.023400936042889953 0.06925207562744617
