0 0.023148147738538682 0.552924781688489 0.0351851845625788 0.05849582073278725
0 0.05925925821065903 0.5431754782330245 0.03703703638166189 0.06128133600577712
0 0.1333333309739828 0.5501392664154992 0.05185185093432665 0.0807799429167062
0 0.16296296007931232 0.5278551442315802 0.03703703638166189 0.05849582073278725
0 0.18888888554647565 0.5348189324140549 0.04814814729616046 0.0724233970977366
0 0.21203703328501433 0.5083565373206511 0.02777777728624642 0.05292479018680751
0 0.2407407364808023 0.5139275678666309 0.04074074001982808 0.06963788182474673
0 0.27129629149567336 0.5069637796841562 0.02777777728624642 0.05571030545979738
0 0.30833332787733525 0.5236768713220954 0.046296295477077365 0.0724233970977366
0 0.32037036470137537 0.4916434456827119 0.0333333327434957 0.06406685127876699
0 0.3638888824498281 0.48885793040972203 0.0351851845625788 0.05292479018680751
0 0.3990740670124069 0.48885793040972203 0.03148148092441261 0.05292479018680751
0 0.38240740064065903 0.6002785413293168 0.07592592458240688 0.13091921783052385
0 0.44166665885131806 0.5069637796841562 0.05370370275340974 0.09470751928165555
0 0.548148138448596 0.5292479018680751 0.05185185093432665 0.08913648873567581
0 0.4814814729616046 0.4749303540447727 0.029629629105329514 0.04178272909484804
0 0.5166666575241834 0.4596100200433284 0.022222221828997135 0.044568244367837906
0 0.5611111011821777 0.48189414222724736 0.0333333327434957 0.06128133600577712
0 0.6416666553122923 0.5863509649643674 0.07592592458240688 0.1532033400144428
0 0.6990740617038682 0.5069637796841562 0.05370370275340974 0.10027854982763529
0 0.6712962844176218 0.5013927491381764 0.03148148092441261 0.06128133600577712
0 0.6537036921363324 0.45821726240683347 0.029629629105329514 0.047353759640827775
0 0.6120370262069628 0.4637882929528132 0.02777777728624642 0.05849582073278725
0 0.597222211654298 0.45682450477033854 0.02037037000991404 0.044568244367837906
0 0.5842592489207163 0.447075201314874 0.012962962733581662 0.03064066800288856
0 0.5435185089008883 0.4554317471338436 0.01666666637174785 0.03064066800288856
0 0.6842592471512035 0.447075201314874 0.02407407364808023 0.04178272909484804
0 0.7296296167187393 0.46518105058930814 0.022222221828997135 0.044568244367837906
0 0.7148148021660745 0.43314762494992465 0.022222221828997135 0.04178272909484804
0 0.7379629499046132 0.4401114131323993 0.02037037000991404 0.03899721382185817
0 0.7388888758141547 0.4233983214944601 0.018518518190830946 0.03342618327587843
0 0.7962962822057307 0.4763231116812676 0.04814814729616046 0.06685236655175686
0 0.8212962817633525 0.44846795895136893 0.03148148092441261 0.06128133600577712
0 0.8518518367782235 0.4401114131323993 0.029629629105329514 0.06128133600577712
0 0.899999984074384 0.49860723386518657 0.05185185093432665 0.09470751928165555
0 0.9185185022652149 0.4554317471338436 0.03703703638166189 0.06406685127876699
0 0.9027777618030086 0.403899714583531 0.02037037000991404 0.03899721382185817
