0 0.5662499873433262 0.5016666788142174 0.03499999921768904 0.05000000121071935
0 0.6106249863514677 0.6608333493350074 0.11624999740161002 0.15833333716727793
0 0.8024999820627272 0.6366666820831597 0.07249999837949872 0.08666666876524687
0 0.8706249805400148 0.6175000149523839 0.04624999896623194 0.061666668159887195
0 0.9743749782210216 0.6458333489717916 0.04624999896623194 0.07166666840203106
0 0.4824999892152846 0.610833348124288 0.06249999860301614 0.07166666840203106
0 0.45062498992774636 0.5908333476400003 0.0437499990221113 0.07166666840203106
0 0.19874999555759132 0.6200000150129199 0.047499998938292265 0.076666668523103
0 0.22937499487306923 0.6033333479426801 0.04624999896623194 0.076666668523103
0 0.13562499696854502 0.616666681598872 0.05374999879859388 0.08666666876524687
0 0.046874998952262104 0.6625000160420313 0.09124999796040356 0.18833333789370954
0 0.0906249979743734 0.6366666820831597 0.08874999801628292 0.16666667070239782
