0 0.08671875129221007 0.5082352738827467 0.05468750081490725 0.0799999968148768
0 0.16953125252621248 0.5647058598697186 0.06093750090803951 0.10352940764278173
0 0.20937500311993062 0.5870588001562282 0.07812500116415322 0.11999999522231519
0 0.3734375055646524 0.39176469028461725 0.03125000046566129 0.05882352706976235
0 0.3109375046333298 0.604705858277157 0.07500000111758709 0.1176470541395247
0 0.45468750677537173 0.3682352794567123 0.02812500041909516 0.044705880573019385
0 0.5078125075669959 0.6211764458566904 0.0875000013038516 0.14117646496742964
0 0.6281250093597919 0.37411763216368854 0.02500000037252903 0.056470585986971855
0 0.7335937609313987 0.7129411480855197 0.11093750165309757 0.1976470509544015
0 0.825000012293458 0.44235292356461287 0.02500000037252903 0.04235293949022889
0 0.946875014109537 0.48470586305484176 0.040625000605359674 0.06588235031813383
