0 0.08029197016730905 0.47651935543399304 0.03284671506844461 0.046961327781900764
0 0.13321167777758092 0.4295580276520923 0.029197080060839653 0.05248618987388909
0 0.1514598528156057 0.4737569243879989 0.029197080060839653 0.058011051965877414
0 0.1724452541093342 0.44613261392805725 0.027372262557037175 0.05248618987388909
0 0.20894160418538377 0.4806630020029843 0.03102189756464213 0.060773483011871576
0 0.21076642168918625 0.4337016742210835 0.03102189756464213 0.05524862091988325
0 0.2472627717652358 0.46961327781900764 0.03102189756464213 0.049723758827894926
0 0.2545620417804457 0.4295580276520923 0.023722627549432218 0.046961327781900764
0 0.2983576618717052 0.4281768121290952 0.03102189756464213 0.05524862091988325
0 0.2801094868336804 0.4958563727559522 0.03102189756464213 0.05248618987388909
0 0.3211678806692362 0.4875690796179697 0.029197080060839653 0.046961327781900764
0 0.34397809946676716 0.4502762604970485 0.027372262557037175 0.049723758827894926
0 0.3677007270161994 0.49033151066396385 0.03102189756464213 0.058011051965877414
0 0.3895985370618291 0.44751382945105433 0.027372262557037175 0.060773483011871576
0 0.39963503333274275 0.4958563727559522 0.025547445053234696 0.05248618987388909
0 0.44343065342400223 0.5000000193249434 0.025547445053234696 0.049723758827894926
0 0.43430656590498984 0.46270720020402223 0.025547445053234696 0.05248618987388909
0 0.4589416022063233 0.4502762604970485 0.03102189756464213 0.05524862091988325
0 0.4817518210038543 0.44475139840506017 0.029197080060839653 0.049723758827894926
0 0.4945255435304716 0.4806630020029843 0.029197080060839653 0.060773483011871576
0 0.5355839373660274 0.49033151066396385 0.03102189756464213 0.05248618987388909
0 0.5282846673508175 0.45303869154304266 0.027372262557037175 0.049723758827894926
0 0.5593065649154596 0.44475139840506017 0.023722627549432218 0.049723758827894926
0 0.568430652434472 0.49861880380194634 0.027372262557037175 0.05248618987388909
0 0.6012773675029166 0.5069060969399288 0.027372262557037175 0.05248618987388909
0 0.5885036449762993 0.4516574760200456 0.023722627549432218 0.05248618987388909
0 0.6131386812776327 0.458563553635031 0.025547445053234696 0.049723758827894926
0 0.6386861263308674 0.458563553635031 0.02189781004562974 0.0441988967359066
0 0.6414233525865711 0.49861880380194634 0.03102189756464213 0.046961327781900764
0 0.6788321114145219 0.5151933900779113 0.029197080060839653 0.05248618987388909
0 0.6843065639259294 0.4640884157270193 0.029197080060839653 0.0441988967359066
0 0.7089416002272628 0.4958563727559522 0.02007299254182726 0.04143646568991244
0 0.7217153227538802 0.47651935543399304 0.023722627549432218 0.04143646568991244
0 0.7417883152957074 0.48480664857197553 0.027372262557037175 0.046961327781900764
0 0.7645985340932384 0.4640884157270193 0.02189781004562974 0.0441988967359066
0 0.7837591178831644 0.49171272618696094 0.027372262557037175 0.049723758827894926
0 0.8357664167415351 0.4779005709569901 0.029197080060839653 0.060773483011871576
0 0.9087591168936342 0.4861878640949726 0.03284671506844461 0.060773483011871576
