0 0.19404762171325274 0.48201937560224906 0.04047619103221223 0.08713693160098046
0 0.4916666734206956 0.31466114189242944 0.03253968298668042 0.05394191003870219
0 0.4325396884814836 0.2669432983966544 0.019047619309276342 0.038727525155991316
0 0.432142863079207 0.21715076605323702 0.015079365286510438 0.03319502156227827
0 0.45119048238848336 0.23305671388516203 0.01825396850472316 0.03457814746070653
0 0.6067460400809068 0.18395574449095875 0.0166666668956168 0.030428769765421748
0 0.5428571503143758 0.36030429654056206 0.022222222527489066 0.048409406444989145
0 0.7190476289251819 0.14315353048732504 0.01587301609106362 0.037344399257563055
0 0.7476190578890964 0.1424619675381109 0.014285714481957257 0.03596127335913479
0 0.8853174724790733 0.2213001437485218 0.015079365286510438 0.04149377695284784
