0 0.2945516601903364 0.39777328935451806 0.05561861791647971 0.1113360351882875
0 0.27582294191233814 0.22064777882769704 0.013620886020362377 0.03643724787980318
0 0.2956867340253666 0.22975709079764783 0.012485812185332179 0.030364373233169317
0 0.3115777677157894 0.22773279924876988 0.014755959855392575 0.038461539428681135
0 0.32690126448869705 0.20647773798555136 0.015891033690422773 0.03238866478204727
0 0.3427922981791198 0.22570850769989192 0.015891033690422773 0.038461539428681135
0 0.3620885533746332 0.1872469682712108 0.013620886020362377 0.034412956330925226
0 0.366628848714754 0.23886640276759863 0.015891033690422773 0.04048583097755909
0 0.38251988240517676 0.2135627584066242 0.011350738350301981 0.030364373233169317
0 0.39216801000293344 0.2095141753088683 0.014755959855392575 0.02631579013541341
0 0.4023836745182052 0.23785425699315965 0.01702610752545297 0.042510122526437044
0 0.43984111107420176 0.2358299654442817 0.021566402865573764 0.038461539428681135
0 0.43700342648662627 0.16093117813579738 0.015891033690422773 0.030364373233169317
0 0.4608399770222604 0.20141700911335647 0.015891033690422773 0.04655870562419295
0 0.4795686953002587 0.1558704492636025 0.012485812185332179 0.024291498586535454
0 0.4914869705680758 0.1558704492636025 0.013620886020362377 0.03238866478204727
0 0.4937571182381362 0.11842105560936034 0.009080590680241585 0.01821862393990159
0 0.5244041117839515 0.1244939302559942 0.009080590680241585 0.02631579013541341
0 0.521566427196376 0.1730769274290651 0.012485812185332179 0.038461539428681135
0 0.5357548501342535 0.16295546968467534 0.015891033690422773 0.0222672070376575
0 0.5527809576597065 0.18319838517345488 0.013620886020362377 0.042510122526437044
0 0.5635641590924934 0.15789474081248045 0.014755959855392575 0.03238866478204727
0 0.5947786895558238 0.11234818096272647 0.011350738350301981 0.0222672070376575
0 0.6032917433185503 0.1558704492636025 0.014755959855392575 0.044534414075315
0 0.5868331727106124 0.21659919572994113 0.022701476700603962 0.04858299717307091
0 0.607264501741156 0.22874494502320886 0.01816118136048317 0.04048583097755909
0 0.6322361261118203 0.23481781966984272 0.01816118136048317 0.044534414075315
0 0.6140749447513372 0.10627530631609261 0.011350738350301981 0.0222672070376575
0 0.6214529246790335 0.13663967954926193 0.01702610752545297 0.034412956330925226
0 0.6384790322044864 0.1558704492636025 0.014755959855392575 0.03238866478204727
0 0.6611805089050904 0.1113360351882875 0.012485812185332179 0.03238866478204727
0 0.6844495225232095 0.12044534715823829 0.015891033690422773 0.038461539428681135
0 0.7014756300486624 0.1153846182860434 0.011350738350301981 0.028340081684291363
0 0.65891036123503 0.17914980207569897 0.01702610752545297 0.034412956330925226
0 0.6685584888327867 0.2317813823465258 0.011350738350301981 0.04655870562419295
0 0.6850170594407246 0.26012146403081715 0.019296255195513368 0.04655870562419295
0 0.7122588314814493 0.3299595224671066 0.028376845875754952 0.07287449575960636
0 0.7582293218001723 0.355263166828081 0.024971624370664358 0.0708502042107284
0 0.7179342006566003 0.22975709079764783 0.019296255195513368 0.04655870562419295
0 0.7258797175018117 0.14372469997033477 0.012485812185332179 0.028340081684291363
0 0.7338252343470231 0.18825911404564977 0.014755959855392575 0.04048583097755909
0 0.7536890264600515 0.13259109645150602 0.011350738350301981 0.038461539428681135
0 0.7843360200058669 0.13866397109813988 0.009080590680241585 0.030364373233169317
0 0.7871737045934424 0.16599190700799227 0.014755959855392575 0.028340081684291363
0 0.7939841476036236 0.20344130066223443 0.01702610752545297 0.038461539428681135
0 0.7576617848826572 0.24089069431647658 0.019296255195513368 0.044534414075315
0 0.7979569060262293 0.2894736914895475 0.022701476700603962 0.05263158027082682
0 0.8115777920465916 0.25607288093306124 0.020431329030543566 0.05465587181970477
0 0.8382520271698013 0.14979757461696863 0.010215664515271783 0.020242915488779545
0 0.8564132085302845 0.14777328306809068 0.012485812185332179 0.03238866478204727
0 0.8410897117573768 0.22165992460213602 0.015891033690422773 0.042510122526437044
0 0.8660613361280411 0.18117409362457693 0.015891033690422773 0.038461539428681135
0 0.8774120744783431 0.2307692365720868 0.020431329030543566 0.04858299717307091
0 0.9307605447247624 0.21255061263218522 0.011350738350301981 0.03643724787980318
0 0.928490397054702 0.2621457555796951 0.015891033690422773 0.042510122526437044
0 0.9125993633642793 0.31882591894827783 0.022701476700603962 0.05465587181970477
0 0.9069239941891283 0.18016194785013795 0.011350738350301981 0.028340081684291363
0 0.8246311411494389 0.1730769274290651 0.014755959855392575 0.034412956330925226
0 0.7656073017278686 0.1244939302559942 0.010215664515271783 0.0222672070376575
0 0.801929664448835 0.13866397109813988 0.007945516845211387 0.0222672070376575
0 0.5482406623195857 0.13663967954926193 0.011350738350301981 0.02631579013541341
0 0.43643588956911117 0.20242915488779545 0.019296255195513368 0.04048583097755909
