0 0.5616666802670807 0.34874999220483005 0.030000000726431608 0.047499998938292265
0 0.6400000154972076 0.4599999897181988 0.043333334382623434 0.06999999843537807
0 0.7425000179791823 0.44749998999759555 0.04500000108964741 0.06499999854713678
0 0.8066666861996055 0.5224999883212149 0.060000001452863216 0.10499999765306711
0 0.844166687107645 0.4674999895505607 0.0383333342615515 0.07499999832361937
0 0.8983333550859243 0.47499998938292265 0.0533333346247673 0.08999999798834324
0 0.9608333565993235 0.47624998935498297 0.051666667917743325 0.0874999980442226
0 0.9758333569625393 0.553749987622723 0.04833333450369537 0.10749999759718776
0 0.4991666787536815 0.511249988572672 0.07166666840203106 0.10749999759718776
0 0.4266666769981384 0.5999999865889549 0.11000000266358256 0.1649999963119626
0 0.37250000901985914 0.5237499882932752 0.06500000157393515 0.09749999782070518
0 0.3750000090803951 0.4599999897181988 0.033333334140479565 0.06499999854713678
0 0.3275000079302117 0.4712499894667417 0.0383333342615515 0.05749999871477485
0 0.26416667306330055 0.46999998949468136 0.05833333474583924 0.07999999821186066
0 0.23083333892282099 0.4987499888520688 0.05500000133179128 0.07749999826774001
0 0.1600000038743019 0.5312499881256372 0.08000000193715096 0.09749999782070518
0 0.15583333710674196 0.48124998924322426 0.05500000133179128 0.07249999837949872
0 0.1000000024214387 0.5124999885447323 0.0533333346247673 0.09499999787658453
0 0.052500001271255314 0.44249999010935426 0.04833333450369537 0.07499999832361937
0 0.022500000544823706 0.4949999889358878 0.041666667675599456 0.1149999974295497
