0 0.07403936376795173 0.4335548069793731 0.04498594254255295 0.0830564764328301
0 0.25820056605152786 0.28654484369326383 0.021555764134973288 0.03488372010178864
0 0.29194002295844257 0.2691029836423695 0.017806935589760542 0.03322259057313204
0 0.31958763347938657 0.2624584655277431 0.024367385543882847 0.03654484963044524
0 0.31537020136602223 0.22674418066162616 0.017806935589760542 0.031561461044475436
0 0.3537956939544529 0.2632890302920714 0.02343017840757966 0.04485049727372825
0 0.3725398366805166 0.21926909778267145 0.017806935589760542 0.04651162680238485
0 0.3880037544295192 0.22508305113296956 0.016869728453457355 0.03488372010178864
0 0.3809747009072453 0.20265780249610543 0.01593252131715417 0.03322259057313204
0 0.40955951856449246 0.1785714243305847 0.014995314180850983 0.031561461044475436
0 0.4268978505861014 0.22342192160431296 0.019681349862366915 0.04152823821641505
0 0.4283036612905562 0.2790697608143091 0.028116214089095592 0.05315614491701126
0 0.4475164075847715 0.21926909778267145 0.021555764134973288 0.04651162680238485
0 0.46438613603822887 0.20265780249610543 0.017806935589760542 0.029900331515818834
0 0.4611059110611677 0.1760797300375998 0.01312089990824461 0.02657807245850563
0 0.45267104683443904 0.14534883375745267 0.01312089990824461 0.02491694292984903
0 0.48031865735538304 0.17109634145163 0.01593252131715417 0.03322259057313204
0 0.4709465859923512 0.15614617569372058 0.014058107044547796 0.02657807245850563
0 0.48734771087765694 0.20598006155341864 0.01874414272606373 0.03654484963044524
0 0.4779756395146251 0.23255813401192427 0.028116214089095592 0.04651162680238485
0 0.5318650498520583 0.19269102532416582 0.02343017840757966 0.039867108687758446
0 0.49343955726362765 0.29734218562953174 0.02905342122539878 0.06312292208895087
0 0.5595126603730023 0.29318936180789024 0.028116214089095592 0.05149501538835466
0 0.565604506758973 0.24916942929849029 0.02343017840757966 0.04651162680238485
0 0.6115276564378291 0.2574750769417733 0.030927835498005152 0.056478403974324465
0 0.6134020707104355 0.3297342114383355 0.030927835498005152 0.06146179256029427
0 0.48781631444580853 0.13621262134984136 0.014058107044547796 0.019933554343879223
0 0.5192127535119653 0.14950165757909417 0.016869728453457355 0.029900331515818834
0 0.5492033818736672 0.15780730522237718 0.016869728453457355 0.029900331515818834
0 0.5421743283513933 0.13205979752819985 0.014058107044547796 0.02491694292984903
0 0.5548266246914864 0.11544850224163383 0.014995314180850983 0.02491694292984903
0 0.5665417138952762 0.1777408595662564 0.019681349862366915 0.029900331515818834
0 0.5970009458251297 0.15116278710775077 0.014995314180850983 0.029900331515818834
0 0.5885660815984011 0.12624584417790174 0.016869728453457355 0.03654484963044524
0 0.5979381529614329 0.10714285459835082 0.016869728453457355 0.03488372010178864
0 0.6152764849830419 0.10548172506969422 0.014058107044547796 0.02491694292984903
0 0.6124648635741323 0.12458471464924514 0.01593252131715417 0.02657807245850563
0 0.6129334671422839 0.15448504616506398 0.016869728453457355 0.03654484963044524
0 0.6316776098683476 0.14202657470013946 0.01874414272606373 0.03488372010178864
0 0.6396438705269247 0.12375414988491684 0.012183692771941423 0.028239201987162232
0 0.6452671133447438 0.10548172506969422 0.014058107044547796 0.028239201987162232
0 0.6223055385053158 0.19186046055983752 0.0206185569986701 0.04152823821641505
0 0.650890356162563 0.1810631186235696 0.021555764134973288 0.04318936774507165
0 0.661199634661898 0.20847175584640354 0.021555764134973288 0.04152823821641505
0 0.6654170667752624 0.2641195950563997 0.028116214089095592 0.056478403974324465
0 0.7043111629318446 0.22508305113296956 0.02343017840757966 0.05813953350298107
0 0.6996251272503287 0.179401989094913 0.021555764134973288 0.039867108687758446
0 0.6944704880006611 0.14202657470013946 0.01874414272606373 0.038205979159101844
0 0.6771321559790522 0.12375414988491684 0.017806935589760542 0.031561461044475436
0 0.6869728309102356 0.10382059554103762 0.01312089990824461 0.031561461044475436
0 0.7296157556120306 0.12043189082760364 0.017806935589760542 0.03488372010178864
0 0.714151837863028 0.15282391663640738 0.014995314180850983 0.029900331515818834
0 0.7300843591801822 0.21013288537506014 0.022492971271276474 0.048172756331041455
0 0.729147152043879 0.2840531494002789 0.03373945690691471 0.056478403974324465
0 0.7788191302679479 0.29069766751490533 0.029990628361701965 0.06644518114626408
0 0.759137780405581 0.21262457966804504 0.022492971271276474 0.04983388585969806
0 0.7380506198387593 0.1719269062159583 0.01593252131715417 0.03488372010178864
0 0.7497657090425491 0.14285713946446776 0.014995314180850983 0.039867108687758446
0 0.7525773304514587 0.11627906700596213 0.011246485635638237 0.023255813401192427
0 0.7642924196552485 0.13455149182118475 0.014058107044547796 0.03654484963044524
0 0.7811621481087059 0.12375414988491684 0.014058107044547796 0.038205979159101844
0 0.7999062908347696 0.13455149182118475 0.012183692771941423 0.03322259057313204
0 0.8149016050156206 0.12956810323521495 0.012183692771941423 0.03654484963044524
0 0.8064667407888919 0.1769102948019281 0.017806935589760542 0.04485049727372825
0 0.8200562442652881 0.2541528178844601 0.02624179981648922 0.05315614491701126
0 0.761480798246339 0.1860465072095394 0.014058107044547796 0.03322259057313204
0 0.8261480906512588 0.17109634145163 0.017806935589760542 0.039867108687758446
0 0.8359887655824423 0.14534883375745267 0.016869728453457355 0.03488372010178864
0 0.8495782690588385 0.18770763673819602 0.017806935589760542 0.039867108687758446
0 0.8608247546944767 0.15863786998670548 0.01593252131715417 0.03488372010178864
0 0.869728222489357 0.14202657470013946 0.011246485635638237 0.02491694292984903
0 0.8931584008969367 0.13205979752819985 0.014995314180850983 0.028239201987162232
0 0.897375833010301 0.1686046471586451 0.014058107044547796 0.031561461044475436
0 0.8908153830561787 0.19435215485282242 0.014058107044547796 0.03654484963044524
0 0.8762886724434793 0.1785714243305847 0.016869728453457355 0.038205979159101844
0 0.8692596189212054 0.22342192160431296 0.021555764134973288 0.04485049727372825
0 0.9161199757363647 0.28986710275057703 0.021555764134973288 0.05481727444566786
0 0.9212746149860322 0.20348836726043373 0.016869728453457355 0.038205979159101844
0 0.9287722720764577 0.1752491652732715 0.011246485635638237 0.031561461044475436
0 0.9297094792127609 0.15531561092939228 0.009372071363031864 0.02491694292984903
