0 0.9650000458350405 0.7213855152949691 0.07000000332482159 0.12349397130310535
0 0.8540000405628234 0.7183734672144055 0.0720000034198165 0.13554216362535954
0 0.7050000334857032 0.6656626258045435 0.06600000313483179 0.12048192322254181
0 0.5810000275960192 0.6445782892405987 0.06200000294484198 0.11445782706141472
0 0.4400000208988786 0.6174698565155268 0.06800000322982669 0.12048192322254181
0 0.359000017051585 0.6777108181267977 0.0740000035148114 0.11445782706141472
0 0.15700000745709985 0.6506023854017258 0.07000000332482159 0.12048192322254181
0 0.07100000337231904 0.5436746785417199 0.05400000256486237 0.08132529817521572
0 0.02400000113993883 0.47590359672904015 0.04000000189989805 0.07228915393352509
0 0.08700000413227826 0.4743975726887584 0.042000001994892955 0.06325300969183445
0 0.0760000036098063 0.4277108274400234 0.04400000208988786 0.048192769289016724
0 0.03300000156741589 0.42168673127889633 0.03000000142492354 0.054216865450143814
0 0.113000005367212 0.4246987793594599 0.03000000142492354 0.060240961611270905
0 0.1500000071246177 0.4743975726887584 0.04000000189989805 0.08132529817521572
0 0.17300000821705908 0.43072287552058697 0.04600000218488276 0.048192769289016724
0 0.19000000902451575 0.49096383713185787 0.03200000151991844 0.07228915393352509
0 0.23100001097191125 0.4999999813735485 0.050000002374872565 0.07831325009465218
0 0.2280000108294189 0.4397590197622776 0.03200000151991844 0.054216865450143814
0 0.288000013679266 0.43072287552058697 0.03600000170990825 0.060240961611270905
0 0.3450000163866207 0.5060240775346756 0.042000001994892955 0.07228915393352509
0 0.34600001643411815 0.4442770918831229 0.03200000151991844 0.06325300969183445
0 0.4000000189989805 0.45933733228594065 0.04400000208988786 0.07530120201408863
0 0.44300002104137093 0.4999999813735485 0.03800000180490315 0.060240961611270905
0 0.51400002441369 0.49698793329298496 0.04000000189989805 0.07228915393352509
0 0.5370000255061314 0.46385540440678596 0.03800000180490315 0.066265057772398
0 0.5880000279285014 0.5331325102597475 0.04400000208988786 0.07831325009465218
0 0.605000028735958 0.4743975726887584 0.034000001614913344 0.06927710585296154
0 0.658000031253323 0.4789156448096037 0.03600000170990825 0.066265057772398
0 0.689000032725744 0.5331325102597475 0.04600000218488276 0.09036144241690636
0 0.7720000366680324 0.5617469670251012 0.05600000265985727 0.08734939433634281
0 0.7560000359080732 0.47590359672904015 0.03600000170990825 0.060240961611270905
0 0.8200000389479101 0.4849397409707308 0.03200000151991844 0.054216865450143814
0 0.8700000413227826 0.5256023900583386 0.04000000189989805 0.06927710585296154
0 0.9100000432226807 0.5135541977360845 0.04000000189989805 0.06927710585296154
0 0.9640000457875431 0.5572288949042559 0.04800000227987766 0.07831325009465218
0 0.9360000444576144 0.3087349282577634 0.03200000151991844 0.05120481736958027
0 0.904000042937696 0.31174697633832693 0.03200000151991844 0.05120481736958027
0 0.8860000420827419 0.30421685613691807 0.02400000113993883 0.04216867312788963
0 0.8580000407528132 0.31174697633832693 0.028000001329928637 0.04518072120845318
0 0.8240000391378999 0.3012048080563545 0.02400000113993883 0.04216867312788963
0 0.7890000374754891 0.3072289042174816 0.026000001234933734 0.04216867312788963
0 0.7750000368105248 0.284638543613255 0.026000001234933734 0.03915662504732609
0 0.8070000383304432 0.27861444745212793 0.018000000854954123 0.033132528886199
0 0.8520000404678285 0.2756023993715644 0.020000000949949026 0.03915662504732609
0 0.8370000397553667 0.1822289088740945 0.02200000104494393 0.03915662504732609
0 0.8080000383779407 0.16867469251155853 0.020000000949949026 0.04216867312788963
0 0.7720000366680324 0.17319276463240385 0.028000001329928637 0.04518072120845318
0 0.7480000355280936 0.13855421170592308 0.020000000949949026 0.030120480805635452
0 0.7300000346731395 0.165662644430995 0.020000000949949026 0.03614457696676254
0 0.7150000339606777 0.1701807165518403 0.018000000854954123 0.027108432725071907
0 0.6920000328682363 0.165662644430995 0.020000000949949026 0.03614457696676254
0 0.6680000317282975 0.17319276463240385 0.020000000949949026 0.033132528886199
0 0.6550000311108306 0.17469878867268562 0.018000000854954123 0.03614457696676254
0 0.6280000298283994 0.1701807165518403 0.01600000075995922 0.04518072120845318
0 0.6150000292109326 0.1701807165518403 0.018000000854954123 0.033132528886199
0 0.5790000275010243 0.17319276463240385 0.014000000664964318 0.033132528886199
0 0.5580000265035778 0.1762048127129674 0.020000000949949026 0.027108432725071907
0 0.5150000244611874 0.1490963799878955 0.02200000104494393 0.033132528886199
0 0.49800002365373075 0.16716866847127676 0.020000000949949026 0.033132528886199
0 0.4740000225137919 0.16716866847127676 0.01600000075995922 0.033132528886199
0 0.7360000349581242 0.30421685613691807 0.02400000113993883 0.054216865450143814
0 0.749000035575591 0.26054215896874666 0.018000000854954123 0.03915662504732609
0 0.7110000337706879 0.28765059169381857 0.02200000104494393 0.03915662504732609
0 0.6920000328682363 0.2816264955326915 0.02400000113993883 0.03915662504732609
0 0.6700000318232924 0.28765059169381857 0.02400000113993883 0.04518072120845318
0 0.6520000309683383 0.2756023993715644 0.020000000949949026 0.03915662504732609
0 0.6260000297334045 0.2861445676535368 0.02400000113993883 0.03614457696676254
0 0.6210000294959173 0.25451806280761957 0.02200000104494393 0.033132528886199
0 0.6060000287834555 0.2816264955326915 0.01600000075995922 0.03915662504732609
0 0.5780000274535269 0.26656625512987375 0.020000000949949026 0.03915662504732609
0 0.5590000265510753 0.27259035129100084 0.02200000104494393 0.027108432725071907
0 0.5080000241287053 0.28915661573410034 0.02400000113993883 0.04216867312788963
0 0.5280000250786543 0.2861445676535368 0.02400000113993883 0.04216867312788963
0 0.5020000238437206 0.26204818300902843 0.020000000949949026 0.03614457696676254
0 0.4780000227037817 0.27108432725071907 0.020000000949949026 0.03614457696676254
0 0.46300002199131995 0.30421685613691807 0.026000001234933734 0.04216867312788963
0 0.4350000206613913 0.28915661573410034 0.026000001234933734 0.03614457696676254
0 0.441000020946376 0.2530120387673378 0.026000001234933734 0.04216867312788963
0 0.4090000194264576 0.2695783032104373 0.02200000104494393 0.033132528886199
0 0.37500001781154424 0.2695783032104373 0.02200000104494393 0.03915662504732609
0 0.35000001662410796 0.2695783032104373 0.02400000113993883 0.04518072120845318
0 0.3270000155316666 0.2861445676535368 0.02200000104494393 0.04216867312788963
0 0.226000010734424 0.2921686638146639 0.03600000170990825 0.04216867312788963
0 0.1990000094519928 0.27108432725071907 0.034000001614913344 0.048192769289016724
0 0.15100000717211515 0.29518071189522743 0.026000001234933734 0.048192769289016724
0 0.1150000054622069 0.29518071189522743 0.03000000142492354 0.04216867312788963
0 0.12600000598467886 0.2695783032104373 0.02400000113993883 0.04518072120845318
0 0.08700000413227826 0.27861444745212793 0.026000001234933734 0.033132528886199
0 0.06400000303983688 0.2906626397743821 0.02400000113993883 0.03915662504732609
0 0.04600000218488276 0.2740963753312826 0.02400000113993883 0.03614457696676254
0 0.06000000284984708 0.24397589452564716 0.020000000949949026 0.030120480805635452
0 0.027000001282431185 0.26204818300902843 0.02200000104494393 0.030120480805635452
0 0.014000000664964318 0.29969878401607275 0.02400000113993883 0.05120481736958027
0 0.07500000356230885 0.16716866847127676 0.02200000104494393 0.033132528886199
0 0.1190000056521967 0.1822289088740945 0.02200000104494393 0.033132528886199
0 0.1560000074096024 0.17319276463240385 0.02400000113993883 0.03915662504732609
0 0.17800000845454633 0.17469878867268562 0.020000000949949026 0.03614457696676254
0 0.19400000921450555 0.1701807165518403 0.01600000075995922 0.027108432725071907
0 0.21100001002196223 0.17319276463240385 0.018000000854954123 0.03915662504732609
0 0.23900001135189086 0.17168674059212208 0.02200000104494393 0.030120480805635452
0 0.27000001282431185 0.17168674059212208 0.01600000075995922 0.03614457696676254
0 0.2860000135842711 0.17319276463240385 0.02400000113993883 0.03915662504732609
0 0.33000001567415893 0.16867469251155853 0.01600000075995922 0.030120480805635452
0 0.3660000173840672 0.16867469251155853 0.020000000949949026 0.030120480805635452
0 0.3490000165766105 0.17921686079353094 0.014000000664964318 0.033132528886199
0 0.3140000149141997 0.165662644430995 0.01600000075995922 0.030120480805635452
0 0.40600001928396523 0.15512047614902258 0.020000000949949026 0.033132528886199
0 0.4370000207563862 0.17168674059212208 0.02200000104494393 0.03614457696676254
