0 0.11874999734573066 0.4683333446737379 0.042499999050050974 0.05666666803881526
0 0.18249999592080712 0.5000000121071935 0.03999999910593033 0.060000001452863216
0 0.2299999948590994 0.5166666791774333 0.03499999921768904 0.0533333346247673
0 0.22624999494291842 0.4366666772402823 0.03249999927356839 0.060000001452863216
0 0.26624999404884875 0.4983333454001695 0.042499999050050974 0.05666666803881526
0 0.29874999332241714 0.5433333464898169 0.03749999916180968 0.06666666828095913
0 0.2924999934621155 0.4500000108964741 0.024999999441206455 0.04000000096857548
0 0.35999999195337296 0.4516666776034981 0.029999999329447746 0.05000000121071935
0 0.352499992121011 0.5200000125914812 0.03499999921768904 0.04000000096857548
0 0.34249999234452844 0.5850000141654164 0.03999999910593033 0.06333333486691117
0 0.394999991171062 0.5750000139232725 0.03499999921768904 0.05000000121071935
0 0.39249999122694135 0.5083333456423134 0.029999999329447746 0.05000000121071935
0 0.41499999072402716 0.43333334382623434 0.029999999329447746 0.0533333346247673
0 0.42999999038875103 0.5250000127125531 0.029999999329447746 0.05000000121071935
0 0.45374998985789716 0.5966666811145842 0.03749999916180968 0.06666666828095913
0 0.4824999892152846 0.5550000134389848 0.03999999910593033 0.05666666803881526
0 0.5099999886006117 0.4750000115018338 0.03499999921768904 0.05666666803881526
0 0.48499998915940523 0.4116666766349226 0.029999999329447746 0.06333333486691117
0 0.5562499875668436 0.4450000107754022 0.0274999993853271 0.05000000121071935
0 0.5487499877344817 0.5450000131968409 0.042499999050050974 0.05666666803881526
0 0.557499987538904 0.6583333492744714 0.03999999910593033 0.05000000121071935
0 0.666249985108152 0.5616666802670807 0.03249999927356839 0.043333334382623434
0 0.6437499856110662 0.6033333479426801 0.03749999916180968 0.0533333346247673
0 0.712499984074384 0.5950000144075602 0.03499999921768904 0.05666666803881526
0 0.8162499817553908 0.5916666809935123 0.042499999050050974 0.05666666803881526
0 0.7762499826494604 0.47833334491588175 0.03249999927356839 0.05666666803881526
0 0.8199999816715717 0.4433333440683782 0.03999999910593033 0.04666666779667139
0 0.6987499843817204 0.4433333440683782 0.03249999927356839 0.04666666779667139
0 0.673749984940514 0.4900000118650496 0.03249999927356839 0.060000001452863216
0 0.627499985974282 0.46166667784564197 0.029999999329447746 0.05666666803881526
0 0.6087499863933772 0.4916666785720736 0.03249999927356839 0.05666666803881526
0 0.5874999868683517 0.4383333439473063 0.024999999441206455 0.043333334382623434
