0 0.20031546137761325 0.40070421126438305 0.03943217743653804 0.0802816873183474
0 0.2677444847940933 0.27112675103126094 0.016561514523345977 0.035211266367696226
0 0.2921924348047469 0.2499999912106432 0.014984227425884455 0.035211266367696226
0 0.309936914651189 0.22042252746177837 0.012618296779692173 0.03239436505828053
0 0.3324132557900157 0.21619717549765483 0.0181388016208075 0.03239436505828053
0 0.3237381767539773 0.2788732296321541 0.021293375815730542 0.04225351964123547
0 0.390772878396092 0.24859154055593535 0.01971608871826902 0.04084506898652762
0 0.41561515018111095 0.25774646981153637 0.02050473226699978 0.03943661833181977
0 0.3903785566217266 0.18661971174879 0.014195583877153695 0.03239436505828053
0 0.4006309227552265 0.1753521065111272 0.014195583877153695 0.03239436505828053
0 0.4246845509915147 0.1612675999640487 0.0181388016208075 0.04084506898652762
0 0.4266561598633416 0.1950704156770371 0.01892744516953826 0.04084506898652762
0 0.44361199616105296 0.15704224799992517 0.013406940328422934 0.03239436505828053
0 0.4649053719767835 0.15633802267257124 0.014984227425884455 0.036619717022404075
0 0.4432176743866876 0.22816900606267154 0.01892744516953826 0.03380281571298838
0 0.48974764376180246 0.1267605589237064 0.012618296779692173 0.02816901309415698
0 0.49645111392601393 0.18802816240349784 0.013406940328422934 0.03239436505828053
0 0.47791799053084105 0.20845069689676166 0.022082019364461303 0.04225351964123547
0 0.50788644538261 0.12816900957841426 0.011041009682230651 0.022535210475325584
0 0.5500788752397057 0.15281689603580162 0.0181388016208075 0.02957746374886483
0 0.5792586865427438 0.14507041743490845 0.0181388016208075 0.036619717022404075
0 0.5899053744506091 0.1035211231210269 0.015772870974615216 0.02957746374886483
0 0.6470820317335892 0.10845070041250437 0.013406940328422934 0.02816901309415698
0 0.6234227252716664 0.12746478425106034 0.0181388016208075 0.023943661130033433
0 0.5347003260394558 0.1894366130582057 0.022082019364461303 0.038028167677111924
0 0.48777603488997556 0.30281689076218754 0.021293375815730542 0.03943661833181977
0 0.5347003260394558 0.30352111608954147 0.026813880656845868 0.04647887160535902
0 0.5694006421836093 0.24295773793710396 0.017350158072076738 0.038028167677111924
0 0.6190851857536472 0.2014084436232224 0.025236593559384346 0.04507042095065117
0 0.6620662591594737 0.11619717901339754 0.013406940328422934 0.02957746374886483
0 0.6470820317335892 0.16549295192817226 0.0181388016208075 0.035211266367696226
0 0.6474763535079546 0.20633802091469988 0.022082019364461303 0.04647887160535902
0 0.6293375518871471 0.2499999912106432 0.023659306461922824 0.049295772914774716
0 0.6533911801234353 0.26267604710301384 0.022870662913192064 0.04366197029594332
0 0.6821766696521081 0.3098591440357268 0.02839116775430739 0.05915492749772966
0 0.6821766696521081 0.1612675999640487 0.014195583877153695 0.02676056243944913
0 0.6880914962675888 0.19436619034968317 0.021293375815730542 0.03098591440357268
0 0.7105678374064155 0.1549295720178634 0.015772870974615216 0.03943661833181977
0 0.745268153550569 0.14507041743490845 0.017350158072076738 0.03943661833181977
0 0.7594637374277227 0.1267605589237064 0.02050473226699978 0.03380281571298838
0 0.7417192575812805 0.18239435978466645 0.01971608871826902 0.03239436505828053
0 0.7062302978883963 0.2126760488608852 0.016561514523345977 0.04225351964123547
0 0.7066246196627617 0.28591548290569335 0.02050473226699978 0.050704223569482565
0 0.7432965446787421 0.2183098514797166 0.01971608871826902 0.036619717022404075
0 0.7689274600124918 0.345070410403423 0.026813880656845868 0.06478873011656106
0 0.7890378705051262 0.1408450654707849 0.013406940328422934 0.03098591440357268
0 0.7779968608228955 0.16901407856494188 0.011829653230961412 0.036619717022404075
0 0.7748422866279725 0.21408449951559305 0.024447950010653585 0.04507042095065117
0 0.8075709939002991 0.22464787942590192 0.022082019364461303 0.052112674224190414
0 0.79298108824878 0.2669013990671374 0.021293375815730542 0.049295772914774716
0 0.7969243059924338 0.17464788118377328 0.014984227425884455 0.03098591440357268
0 0.8264984390698373 0.1352112628519535 0.012618296779692173 0.03380281571298838
0 0.8631703640858177 0.14507041743490845 0.013406940328422934 0.03380281571298838
0 0.8797318786091637 0.19154928904026747 0.013406940328422934 0.03380281571298838
0 0.8320189439109527 0.1950704156770371 0.017350158072076738 0.035211266367696226
0 0.8537066415010486 0.25422534317476675 0.021293375815730542 0.05774647684302181
0 0.8387224140751641 0.3211267492733896 0.021293375815730542 0.03943661833181977
0 0.9077287245891057 0.26056337112095207 0.02050473226699978 0.05352112487889826
0 0.8746056955424137 0.23450703400885686 0.02050473226699978 0.049295772914774716
0 0.5780757212196477 0.17464788118377328 0.02050473226699978 0.03380281571298838
0 0.628154586564051 0.14436619210755453 0.014984227425884455 0.03239436505828053
