0 0.04833333450369537 0.6412499856669456 0.09333333559334278 0.1374999969266355
0 0.07166666840203106 0.5237499882932752 0.0533333346247673 0.07749999826774001
0 0.07583333516959101 0.6074999864213169 0.07833333523012698 0.09999999776482582
0 0.20250000490341336 0.5262499882373959 0.0383333342615515 0.07749999826774001
0 0.22583333880174905 0.5487499877344817 0.04500000108964741 0.0874999980442226
0 0.2616666730027646 0.5474999877624214 0.060000001452863216 0.1149999974295497
0 0.2841666735475883 0.6287499859463423 0.09833333571441472 0.12749999715015292
0 0.2900000070221722 0.5012499887961894 0.033333334140479565 0.05749999871477485
0 0.3275000079302117 0.5387499879579991 0.041666667675599456 0.06249999860301614
0 0.36250000877771527 0.4899999890476465 0.03500000084750354 0.0549999987706542
0 0.39333334285765886 0.4899999890476465 0.03666666755452752 0.05999999865889549
0 0.4058333431603387 0.5662499873433262 0.05500000133179128 0.0874999980442226
0 0.459166677785106 0.592499986756593 0.06500000157393515 0.10499999765306711
0 0.4508333442499861 0.518749988405034 0.041666667675599456 0.06749999849125743
0 0.5291666794801131 0.4349999902769923 0.04500000108964741 0.06499999854713678
0 0.538333346368745 0.627499985974282 0.08000000193715096 0.13999999687075615
0 0.5233333460055292 0.5624999874271452 0.060000001452863216 0.09499999787658453
0 0.5650000136811286 0.49624998890794814 0.030000000726431608 0.047499998938292265
0 0.5950000144075602 0.5162499884609133 0.033333334140479565 0.05749999871477485
0 0.6291666819015518 0.5049999887123704 0.031666667433455586 0.0549999987706542
0 0.6275000151945278 0.6049999864771962 0.07166666840203106 0.09499999787658453
0 0.6516666824463755 0.7799999825656414 0.11666666949167848 0.18499999586492777
0 0.7483333514537662 0.6162499862257391 0.08333333535119891 0.1374999969266355
0 0.6841666832333431 0.5224999883212149 0.0383333342615515 0.06999999843537807
0 0.7791666855337098 0.5562499875668436 0.04833333450369537 0.07749999826774001
0 0.8775000212481245 0.5387499879579991 0.05500000133179128 0.07249999837949872
0 0.9341666892869398 0.5874999868683517 0.06500000157393515 0.09499999787658453
0 0.8550000207033008 0.7387499834876508 0.12333333631977439 0.16249999636784196
