0 0.033333334140479565 0.16666666278615594 0.06333333486691117 0.13930347934365273
0 0.12750000308733433 0.375621881801635 0.10500000254251063 0.19900497049093246
0 0.1758333375910297 0.22636815393343568 0.04500000108964741 0.06467661540955305
0 0.2216666720341891 0.1965174083597958 0.033333334140479565 0.06467661540955305
0 0.4433333440683782 0.11940298229455948 0.060000001452863216 0.1343283550813794
0 0.4975000120466575 0.3743781007360667 0.0916666688863188 0.16666666278615594
0 0.4200000101700425 0.5335820771288127 0.13666666997596622 0.18159203557297587
0 0.40166667639277875 0.18656715983524919 0.07000000169500709 0.11442785803228617
0 0.5475000132573768 0.15049750893376768 0.08166666864417493 0.11194029590114951
0 0.6433333489112556 0.2002487515565008 0.06333333486691117 0.1069651716388762
0 0.6666666828095913 0.1604477574583143 0.05000000121071935 0.09203979885205626
0 0.7433333513326943 0.16417910065501928 0.0533333346247673 0.10945273377001286
0 0.844166687107645 0.14179104147478938 0.20500000496394932 0.27860695868730545
0 0.9525000230642036 0.10572139057330787 0.06833333498798311 0.12686566868796945
