0 0.03937499911990017 0.3000000072643161 0.033749999245628715 0.033333334140479565
0 0.0356249992037192 0.4150000100489706 0.01874999958090484 0.03666666755452752
0 0.05937499867286533 0.4208333435235545 0.033749999245628715 0.0383333342615515
0 0.10937499755527824 0.4291666770586744 0.0437499990221113 0.051666667917743325
0 0.07812499825377017 0.4383333439473063 0.026249999413266778 0.030000000726431608
0 0.16874999622814357 0.3433333416469395 0.019999999552965164 0.030000000726431608
0 0.20687499537598342 0.34166667493991554 0.016249999636784196 0.02666666731238365
0 0.25812499423045665 0.34833334176801145 0.01874999958090484 0.030000000726431608
0 0.28249999368563294 0.3525000085355714 0.019999999552965164 0.02833333401940763
0 0.32624999270774424 0.34833334176801145 0.019999999552965164 0.033333334140479565
0 0.22624999494291842 0.5416666797827929 0.07999999821186066 0.09666666900739074
0 0.19312499568331987 0.49333334527909756 0.061249998630955815 0.09333333559334278
0 0.15749999647960067 0.4283333437051624 0.03499999921768904 0.05000000121071935
0 0.14374999678693712 0.40333334309980273 0.024999999441206455 0.033333334140479565
0 0.18999999575316906 0.41666667675599456 0.03249999927356839 0.0533333346247673
0 0.21312499523628503 0.3991666763322428 0.023749999469146132 0.03500000084750354
0 0.2393749946495518 0.44750001083593816 0.04124999907799065 0.06500000157393515
0 0.2781249937834218 0.4383333439473063 0.04124999907799065 0.0533333346247673
0 0.26749999402090907 0.4058333431603387 0.03499999921768904 0.0383333342615515
0 0.2974999933503568 0.4141666766954586 0.024999999441206455 0.03500000084750354
0 0.3187499928753823 0.3991666763322428 0.02249999949708581 0.031666667433455586
0 0.32749999267980456 0.4433333440683782 0.03499999921768904 0.0533333346247673
0 0.36999999172985554 0.4283333437051624 0.03249999927356839 0.04666666779667139
0 0.3981249911012128 0.40166667639277875 0.023749999469146132 0.03666666755452752
0 0.4268749904586002 0.5675000137416646 0.14124999684281647 0.2216666720341891
0 0.45874998974613845 0.457500011078082 0.0549999987706542 0.07500000181607902
0 0.45249998988583684 0.40833334322087467 0.029999999329447746 0.043333334382623434
0 0.507499988656491 0.3975000096252188 0.024999999441206455 0.031666667433455586
0 0.5387499879579991 0.44666667748242617 0.03999999910593033 0.0533333346247673
0 0.5881249868543819 0.45416667766403407 0.04874999891035259 0.07166666840203106
0 0.5631249874131754 0.4116666766349226 0.026249999413266778 0.03666666755452752
0 0.5256249882513657 0.3925000095041469 0.01874999958090484 0.031666667433455586
0 0.6199999861419201 0.41583334340248257 0.029999999329447746 0.03500000084750354
0 0.6837499847169966 0.42416667693760246 0.0274999993853271 0.0383333342615515
0 0.666249985108152 0.4133333433419466 0.02249999949708581 0.030000000726431608
0 0.704999984242022 0.4450000107754022 0.0274999993853271 0.043333334382623434
0 0.7462499833200127 0.460000011138618 0.052499998826533556 0.08000000193715096
0 0.6431249856250361 0.5300000128336251 0.06874999846331775 0.1000000024214387
0 0.7581249830545858 0.6008333478821442 0.10624999762512743 0.1616666705813259
0 0.8262499815318733 0.5458333465503529 0.07749999826774001 0.11833333619870245
0 0.9199999794363976 0.48583334509748966 0.06999999843537807 0.08500000205822289
0 0.8468749810708687 0.459166677785106 0.05124999885447323 0.061666668159887195
0 0.786249982425943 0.4433333440683782 0.03499999921768904 0.0533333346247673
0 0.7718749827472493 0.4191666768165305 0.023749999469146132 0.03500000084750354
0 0.7262499837670475 0.4116666766349226 0.02249999949708581 0.033333334140479565
0 0.8556249808752909 0.41083334328141063 0.028749999357387424 0.0383333342615515
0 0.8349999813362956 0.39583334291819483 0.02249999949708581 0.025000000605359674
0 0.8843749802326784 0.4350000105332583 0.033749999245628715 0.043333334382623434
0 0.9612499785143882 0.6266666818410158 0.07249999837949872 0.16333333728834987
0 0.9899999778717756 0.4525000109570101 0.019999999552965164 0.04500000108964741
0 0.9649999784305692 0.4300000104121864 0.029999999329447746 0.043333334382623434
0 0.9343749791150913 0.4383333439473063 0.03124999930150807 0.04666666779667139
0 0.9193749794503674 0.4000000096857548 0.01874999958090484 0.030000000726431608
0 0.944999978877604 0.4066666765138507 0.019999999552965164 0.030000000726431608
0 0.9881249779136851 0.4050000098068267 0.016249999636784196 0.02666666731238365
