0 0.5781250301515684 0.24537036602851003 0.029166668187826872 0.06111111002974212
0 0.2890625150757842 0.3166666610632092 0.03645833523478359 0.06296296184882522
0 0.2281250118976459 0.3685185119975358 0.04375000228174031 0.08148148003965616
0 0.1614583417540416 0.3814814747311175 0.05000000260770321 0.09259259095415473
0 0.20729167747776955 0.3249999942490831 0.04375000228174031 0.07592592458240688
0 0.10260417201789096 0.2999999946914613 0.03020833490882069 0.05185185093432665
0 0.06927083694608882 0.3268518460681662 0.038541668676771224 0.07222222094424069
0 0.025000001303851604 0.3324074015254155 0.04375000228174031 0.0685185173060745
0 0.6776042020064779 0.32592592015862465 0.023958334582857788 0.05185185093432665
0 0.7005208698683418 0.34166666062083095 0.04062500211875886 0.07962962822057307
0 0.7541667059995234 0.3796296229120344 0.054166669491678476 0.11481481278315187
0 0.8156250425381586 0.39999999292194843 0.06458333670161664 0.1333333309739828
0 0.8166667092591524 0.3037036983296275 0.02291666786186397 0.04814814729616046
0 0.8317708767135628 0.32037036470137537 0.021875001140870154 0.05185185093432665
0 0.8609375449013896 0.31574073515366763 0.023958334582857788 0.049999999115243554
0 0.893229213252198 0.32314814243 0.04062500211875886 0.07962962822057307
0 0.9401042156969197 0.34351851243991405 0.04687500244472176 0.08703703549690545
