0 0.10636363708181307 0.6133879612898454 0.04909090942237526 0.07377048977650702
0 0.14818181918235496 0.5601092742290348 0.04909090942237526 0.07650273013859987
0 0.10727272799704224 0.46584698173683137 0.04727272759191692 0.07377048977650702
0 0.09545454609906301 0.42349725612439215 0.04181818210054189 0.05464480724185705
0 0.1400000009452924 0.3784152901498601 0.04000000027008355 0.06284152832813561
0 0.16363636474125087 0.4426229386590421 0.04363636393100023 0.06010928796604276
0 0.20636363775702193 0.3893442515982315 0.03454545477870852 0.0519125668797642
0 0.21272727416362613 0.3633879681583494 0.02909090928733349 0.04918032651767135
0 0.23818181979004294 0.5437158320564777 0.03636363660916686 0.06557376869022846
0 0.25090909260325134 0.5109289477113634 0.032727272948250175 0.06010928796604276
0 0.29545454744948074 0.5245901495218277 0.038181818439625204 0.06010928796604276
0 0.3645454570068978 0.5204917889786884 0.03454545477870852 0.057377047603949904
0 0.2645454563316889 0.3702185690635815 0.03090909111779183 0.0519125668797642
0 0.2909090928733349 0.34972676634788513 0.025454545626416802 0.04918032651767135
0 0.31181818392360583 0.39754097268451005 0.027272727456875145 0.057377047603949904
0 0.32727272948250175 0.35109288652893156 0.032727272948250175 0.057377047603949904
0 0.3609090933459811 0.34972676634788513 0.03090909111779183 0.05464480724185705
0 0.4045454572769813 0.3592896076152101 0.03090909111779183 0.0519125668797642
0 0.4245454574120231 0.3483606461668387 0.02363636379595846 0.046448086155578494
0 0.44909091212321073 0.3702185690635815 0.032727272948250175 0.06284152832813561
0 0.4818181850714609 0.342896165442653 0.02909090928733349 0.057377047603949904
0 0.5190909125958569 0.35109288652893156 0.03454545477870852 0.06284152832813561
0 0.4363636393100023 0.5204917889786884 0.032727272948250175 0.057377047603949904
0 0.4945454578846693 0.5068305871682242 0.02909090928733349 0.057377047603949904
0 0.540909094561357 0.5068305871682242 0.027272727456875145 0.057377047603949904
0 0.5718181856791489 0.38797813141718507 0.03454545477870852 0.06010928796604276
0 0.5718181856791489 0.33606556453742087 0.027272727456875145 0.04371584579348564
0 0.6118181859492324 0.5314207504270598 0.03090909111779183 0.0519125668797642
0 0.6381818224908784 0.4193988955812529 0.02909090928733349 0.0519125668797642
0 0.6318181860842742 0.3319672039942816 0.03090909111779183 0.0519125668797642
0 0.6718181863543577 0.35109288652893156 0.03090909111779183 0.0519125668797642
0 0.6854545500827953 0.40846993413288146 0.03636363660916686 0.057377047603949904
0 0.7272727321833372 0.4098360543139279 0.04000000027008355 0.06557376869022846
0 0.7236363685224205 0.3483606461668387 0.02909090928733349 0.057377047603949904
0 0.6981818228960037 0.5464480724185705 0.04363636393100023 0.07103824941441417
0 0.7636363687925041 0.5450819522375241 0.04000000027008355 0.07377048977650702
0 0.8063636418082751 0.3893442515982315 0.038181818439625204 0.06284152832813561
0 0.7745454597752541 0.37158468924462795 0.025454545626416802 0.05464480724185705
0 0.8600000058067963 0.583333317306824 0.050909091252833605 0.07377048977650702
0 0.8554545512306504 0.3647540883393958 0.04181818210054189 0.06830600905232131
0 0.8972727333311923 0.38114753051195294 0.045454545761458576 0.07377048977650702
