0 0.07607142775668763 0.6398148034932092 0.07642857061000541 0.19814814464189112
0 0.16464285537949763 0.6407407294027507 0.04214285669149831 0.1333333309739828
0 0.34178571062511764 0.13055555324535817 0.1249999986612238 0.25740740285255015
0 0.4289285668346565 0.6490740625886247 0.020714285492431372 0.08333333185873926
0 0.47107142352615483 0.6611110994126648 0.0221428569057025 0.08518518367782235
0 0.4974999946716707 0.6740740621462464 0.02357142831897363 0.08518518367782235
0 0.6546428501314949 0.5833333230111748 0.1007142846356146 0.333333327434957
0 0.726785706501687 0.7157407280756161 0.02499999973224476 0.09814814641140401
0 0.7349999921279959 0.674999988055788 0.024285714025609195 0.07222222094424069
0 0.7867857058590744 0.674999988055788 0.03928571386495605 0.14259259006939828
0 0.8510714194562752 0.6805555435130373 0.06214285647729412 0.2018518482800573
0 0.903928561747307 0.6787036916939542 0.047857142344582826 0.16481481189839542
