0 0.2239039715495892 0.35754190385341644 0.04488517844583839 0.07448789663612843
0 0.3152400904800743 0.23463687440380454 0.018789144465699792 0.03351955348625779
0 0.32306890067411587 0.2094972092891112 0.01565762038808316 0.035381750902161
0 0.36064718960551545 0.20484171574935317 0.017745303106494248 0.02979515865445137
0 0.4170146230026148 0.16759776743128896 0.011482254951260984 0.02607076382264495
0 0.43371608474990353 0.18063314934261143 0.011482254951260984 0.02979515865445137
0 0.4170146230026148 0.22439478861633688 0.019832985824905336 0.035381750902161
0 0.45354907057480887 0.17783985321875662 0.01565762038808316 0.042830540565773845
0 0.46503132552606985 0.16759776743128896 0.01565762038808316 0.040968343149870634
0 0.4786012631957419 0.12942272040527314 0.013569937669672072 0.02420856640674174
0 0.4843423906713724 0.16945996484719217 0.018789144465699792 0.03724394831806421
0 0.49843424902064726 0.1378026087768376 0.011482254951260984 0.02979515865445137
0 0.4697286116424948 0.22346368990838528 0.022964509902521968 0.02979515865445137
0 0.5349686965928413 0.13687151006888598 0.01565762038808316 0.03165735607035458
0 0.5427975067868829 0.12104283203370869 0.018789144465699792 0.02607076382264495
0 0.5615866512525827 0.13687151006888598 0.018789144465699792 0.035381750902161
0 0.586116923193913 0.06703910697251558 0.011482254951260984 0.02607076382264495
0 0.5694154614466242 0.1908752351300791 0.017745303106494248 0.03165735607035458
0 0.5767223509610631 0.14525139844045043 0.019832985824905336 0.03351955348625779
0 0.5970772574655712 0.14711359585635364 0.02087682718411088 0.044692737981677055
0 0.5986430195043795 0.11452514107804745 0.013569937669672072 0.03165735607035458
0 0.5553236030973494 0.18901303771417588 0.022964509902521968 0.02420856640674174
0 0.6163883226108737 0.11824953590985388 0.013569937669672072 0.020484171574935317
0 0.6403966738726012 0.17225326097104698 0.021920668543316424 0.02793296123854816
0 0.6691023112507537 0.10986964753828943 0.016701461747288704 0.011173184495419264
0 0.6377870704745874 0.1378026087768376 0.02087682718411088 0.03351955348625779
0 0.6508350874646567 0.11545623978599906 0.0260960339801386 0.03724394831806421
0 0.6602296596975066 0.14990689198020846 0.01565762038808316 0.02793296123854816
0 0.6920668211532757 0.11452514107804745 0.014613779028877616 0.02793296123854816
0 0.7108559656189755 0.12104283203370869 0.02087682718411088 0.02607076382264495
0 0.492171200865414 0.3361266335705295 0.0260960339801386 0.042830540565773845
0 0.5762004302814603 0.3016759813763201 0.025052192620933056 0.04841713281348348
0 0.677453042124398 0.18901303771417588 0.016701461747288704 0.035381750902161
0 0.6372651497949846 0.29050279688090086 0.028183716698549688 0.06331471214070916
0 0.581419637077488 0.25512104597873986 0.025052192620933056 0.040968343149870634
0 0.6398747531929985 0.24208566406741738 0.025052192620933056 0.044692737981677055
0 0.6899791384348646 0.21694599895272404 0.016701461747288704 0.035381750902161
0 0.6831941696000285 0.29050279688090086 0.0260960339801386 0.040968343149870634
0 0.711899806978181 0.3333333374466747 0.029227558057755232 0.070763501804322
0 0.7379958409583196 0.23929236794356257 0.025052192620933056 0.042830540565773845
0 0.776096050569322 0.13035381911322474 0.01565762038808316 0.022346368990838528
0 0.7442588891135529 0.1731843596789986 0.018789144465699792 0.03351955348625779
0 0.7578288267832249 0.15083799068816006 0.025052192620933056 0.02979515865445137
0 0.7854906228021719 0.18621974159032106 0.01565762038808316 0.03351955348625779
0 0.7891440675593913 0.14897579327225685 0.014613779028877616 0.03351955348625779
0 0.7792275746469386 0.27281192142982036 0.024008351261727512 0.046554935397580266
0 0.8006263225106522 0.21973929507657886 0.016701461747288704 0.044692737981677055
0 0.8282881185295992 0.19646182737778872 0.019832985824905336 0.03910614573396742
0 0.8251565944519825 0.25605214468669146 0.024008351261727512 0.042830540565773845
0 0.8089770533842966 0.37430168059654534 0.03340292349457741 0.08193668629974127
0 0.8669102488202043 0.37337058188859373 0.0260960339801386 0.05772811989299953
0 0.924843444256112 0.4050279379589483 0.029227558057755232 0.06517690955661237
0 0.8648225661017932 0.18621974159032106 0.019832985824905336 0.040968343149870634
0 0.890396679402329 0.16201117518357933 0.014613779028877616 0.03724394831806421
0 0.8930062828003429 0.207635011873208 0.024008351261727512 0.042830540565773845
0 0.8935282034799457 0.2988826852524653 0.027139875339344144 0.05027933022938669
0 0.9003131723147817 0.23370577569585294 0.017745303106494248 0.035381750902161
0 0.8549060731893405 0.24953445373103023 0.022964509902521968 0.03724394831806421
0 0.9284968890133314 0.16852886613924056 0.013569937669672072 0.02793296123854816
0 0.95459292299347 0.18808193900622427 0.024008351261727512 0.03351955348625779
0 0.9551148436730728 0.2094972092891112 0.014613779028877616 0.035381750902161
0 0.9321503337705508 0.24022346665151417 0.016701461747288704 0.03724394831806421
0 0.9373695405665785 0.3324022387387231 0.04384133708663285 0.046554935397580266
0 0.8997912516351789 0.19646182737778872 0.018789144465699792 0.03910614573396742
0 0.8397703734808601 0.18063314934261143 0.017745303106494248 0.040968343149870634
0 0.8094989740638994 0.1936685312539339 0.01565762038808316 0.03724394831806421
0 0.718684775813017 0.1750465570949018 0.019832985824905336 0.03351955348625779
0 0.7755741298897192 0.1554934842279181 0.012526096310466528 0.03910614573396742
0 0.5923799713491462 0.17132216226309538 0.019832985824905336 0.02979515865445137
0 0.5062630592146888 0.1750465570949018 0.027139875339344144 0.03724394831806421
0 0.5245302830007859 0.13500931265298277 0.019832985824905336 0.03165735607035458
