0 0.19277778244577348 0.3237623863387853 0.03666666755452752 0.08118812134489417
0 0.3216666744556278 0.21485149185173213 0.016666667070239782 0.03762376355007291
0 0.382777787046507 0.1930693129543215 0.021111111622303724 0.04554455587640405
0 0.38777778716757894 0.17029703501611948 0.017777778208255768 0.03960396163165569
0 0.42333334358409047 0.21683168993331492 0.02000000048428774 0.049504952039569616
0 0.41055556549690664 0.2742574342992157 0.025555556174367666 0.053465348202735186
0 0.4000000096857548 0.20990099664777517 0.02222222276031971 0.04356435779482126
0 0.4305555659811944 0.15742574748583138 0.016666667070239782 0.03366336738690734
0 0.4500000108964741 0.16336634173057973 0.017777778208255768 0.03762376355007291
0 0.45666667772457004 0.179207926383242 0.017777778208255768 0.03762376355007291
0 0.45666667772457004 0.20990099664777517 0.02000000048428774 0.04752475395798683
0 0.4688889002427459 0.24059406691230834 0.02222222276031971 0.049504952039569616
0 0.47777778934687376 0.13168317242525518 0.013333333656191826 0.02970297122374177
0 0.4916666785720736 0.13762376667000353 0.014444444794207811 0.02970297122374177
0 0.47833334491588175 0.1801980254240334 0.021111111622303724 0.04356435779482126
0 0.5083333456423134 0.2049505014438182 0.021111111622303724 0.03762376355007291
0 0.5238889015745372 0.1693069359753281 0.021111111622303724 0.03366336738690734
0 0.534444457385689 0.19801980815827847 0.02444444503635168 0.03960396163165569
0 0.5516666800249368 0.17326733213849366 0.016666667070239782 0.02970297122374177
0 0.5544444578699768 0.13366337050683796 0.013333333656191826 0.0257425750605762
0 0.5588889024220407 0.13663366762921214 0.013333333656191826 0.027722773142158985
0 0.5672222359571606 0.14653465803712606 0.016666667070239782 0.03960396163165569
0 0.5894444587174803 0.17227723309770226 0.021111111622303724 0.035643565468490124
0 0.5950000144075602 0.14851485611870885 0.018888889346271753 0.027722773142158985
0 0.5838889030274004 0.11782178585417569 0.014444444794207811 0.02970297122374177
0 0.6327777931001037 0.12574257818050683 0.01000000024214387 0.02178217889741063
0 0.6344444598071277 0.10792079544626176 0.011111111380159855 0.02178217889741063
0 0.688888905569911 0.12079208297654986 0.013333333656191826 0.031683169305324554
0 0.7094444616232067 0.1306930733844638 0.01222222251817584 0.031683169305324554
0 0.5955555699765682 0.26534654293209314 0.02222222276031971 0.05544554628431797
0 0.613333348184824 0.257425750605762 0.02666666731238365 0.05940594244748354
0 0.6433333489112556 0.22574258130043745 0.02222222276031971 0.04752475395798683
0 0.6811111276037991 0.20000000623986125 0.02222222276031971 0.03960396163165569
0 0.7194444618653506 0.18316832254640758 0.016666667070239782 0.03762376355007291
0 0.7350000177975744 0.18910891679115593 0.014444444794207811 0.03366336738690734
0 0.7244444619864225 0.16237624268978834 0.017777778208255768 0.035643565468490124
0 0.7311111288145185 0.15247525228187442 0.013333333656191826 0.031683169305324554
0 0.7516666848678142 0.15148515324108303 0.014444444794207811 0.02970297122374177
0 0.7700000186450779 0.16435644077137113 0.015555555932223797 0.035643565468490124
0 0.7911111302673817 0.1425742618739605 0.015555555932223797 0.035643565468490124
0 0.8005555749405175 0.16237624268978834 0.014444444794207811 0.031683169305324554
0 0.7977777970954776 0.18415842158719897 0.017777778208255768 0.035643565468490124
0 0.7988889082334936 0.21683168993331492 0.017777778208255768 0.04554455587640405
0 0.761666685109958 0.20099010528065264 0.018888889346271753 0.04158415971323848
0 0.7588889072649181 0.2603960477281362 0.02222222276031971 0.053465348202735186
0 0.7355555733665824 0.2940594151150435 0.031111111864447594 0.057425744365900755
0 0.6538889047224075 0.4158415971323848 0.03444444527849555 0.05940594244748354
0 0.838333353633061 0.31584159401245415 0.027777778450399637 0.0653465366922319
0 0.8494444650132209 0.2712871371768415 0.021111111622303724 0.0514851501211524
0 0.843333353754133 0.22673268034122884 0.02000000048428774 0.04158415971323848
0 0.8300000200979412 0.12178218201734126 0.02444444503635168 0.053465348202735186
0 0.8738889100495726 0.10495049832388759 0.018888889346271753 0.04752475395798683
0 0.9016666884999722 0.21188119472935796 0.021111111622303724 0.04356435779482126
0 0.8888889104127884 0.24257426499389112 0.02222222276031971 0.049504952039569616
0 0.8794444657396525 0.28910891991108656 0.023333333898335695 0.05940594244748354
0 0.9138889110181481 0.3366336738690734 0.025555556174367666 0.06732673477381468
0 0.9394444671925157 0.23861386883072555 0.018888889346271753 0.03762376355007291
0 0.9638889122288674 0.15148515324108303 0.018888889346271753 0.04554455587640405
0 0.9316666892264038 0.1168316868133843 0.016666667070239782 0.035643565468490124
0 0.9750000236090273 0.1297029743436724 0.016666667070239782 0.03366336738690734
0 0.9872222461272031 0.14950495515950024 0.014444444794207811 0.03762376355007291
