0 0.06991720129735768 0.42148760345298797 0.044158232398331165 0.0892561983782798
0 0.25758968899026513 0.2793388430727646 0.016559337149374187 0.03305785125121474
0 0.29484819757635705 0.2520661157905124 0.015639373974408954 0.03471074381377548
0 0.3022079029760789 0.2636363637284376 0.01747930032433942 0.038016528938896954
0 0.3362465404497925 0.2785123967914842 0.019319226674269885 0.04132231406401843
0 0.3307267614000011 0.2520661157905124 0.02115915302420035 0.0446280991891399
0 0.3192272217129357 0.2206611571018584 0.012879484449513257 0.03471074381377548
0 0.34498619061196223 0.21983471082057804 0.016559337149374187 0.02975206612609327
0 0.3528058775991667 0.23553719016490504 0.015639373974408954 0.031404958688654006
0 0.37396503062336706 0.22975206619594246 0.019319226674269885 0.02975206612609327
0 0.3863845334853977 0.19917355378856882 0.018399263499304652 0.03471074381377548
0 0.4153633734968025 0.21900826453929767 0.015639373974408954 0.03471074381377548
0 0.42456300524645485 0.27190082654124126 0.030358784773852676 0.0578512396896258
0 0.4650413849449251 0.24380165297770873 0.019319226674269885 0.0446280991891399
0 0.44434221350820735 0.2231404959456995 0.014719410799443722 0.042975206626579165
0 0.4093836128595285 0.17024793394375592 0.014719410799443722 0.02314049587585032
0 0.4199631893716287 0.18842975213192403 0.015639373974408954 0.026446281000971794
0 0.4517019189079292 0.1685950413811952 0.012879484449513257 0.03305785125121474
0 0.46090155065758154 0.19256198353832588 0.020239189849235117 0.04132231406401843
0 0.48114074050681666 0.2000000000698492 0.016559337149374187 0.03636363637633622
0 0.47470099828206 0.16776859509991482 0.014719410799443722 0.03471074381377548
0 0.4480220662080683 0.1495867769117467 0.012879484449513257 0.02809917356353253
0 0.46366144018247724 0.1553719008807093 0.012879484449513257 0.02975206612609327
0 0.48344064844422974 0.13223140500485897 0.01379944762447849 0.026446281000971794
0 0.5211591386178043 0.1685950413811952 0.01379944762447849 0.042975206626579165
0 0.5193192122678738 0.14132231409894302 0.01379944762447849 0.02809917356353253
0 0.5243790097301826 0.13305785128613934 0.012879484449513257 0.031404958688654006
0 0.5377184757671785 0.19008264469448477 0.019319226674269885 0.042975206626579165
0 0.5312787335424218 0.17024793394375592 0.015639373974408954 0.03305785125121474
0 0.547838070691796 0.13801652897382155 0.011959521274548024 0.02809917356353253
0 0.5547377945040353 0.1181818182230927 0.012879484449513257 0.02809917356353253
0 0.5685372421285138 0.14628099178662524 0.014719410799443722 0.03471074381377548
0 0.563477444666205 0.17272727278759703 0.01747930032433942 0.03471074381377548
0 0.5818767081655096 0.1157024793792516 0.011959521274548024 0.02314049587585032
0 0.5850965792778879 0.1000000000349246 0.012879484449513257 0.024793388438411057
0 0.6200551799265668 0.09752066119108349 0.011039558099582791 0.01652892562560737
0 0.6182152535766363 0.11900826450437307 0.011039558099582791 0.02314049587585032
0 0.6320147012011148 0.12809917359845713 0.011039558099582791 0.031404958688654006
0 0.642594277713215 0.09917355375364423 0.008279668574687093 0.026446281000971794
0 0.6163753272267058 0.1446280992240645 0.014719410799443722 0.031404958688654006
0 0.5947561926150229 0.2074380166013725 0.019319226674269885 0.038016528938896954
0 0.5625574814912397 0.2363636364461854 0.02115915302420035 0.03966942150145769
0 0.5556577576790005 0.28512396704172716 0.022079116199165583 0.04793388431426138
0 0.48620053796912543 0.2950413224170916 0.02483900572406128 0.04793388431426138
0 0.5791168186406139 0.352066115825437 0.030358784773852676 0.05619834712706506
0 0.6048757875396404 0.26198347116587684 0.030358784773852676 0.0578512396896258
0 0.6471940935880411 0.22231404966441914 0.022999079374130815 0.038016528938896954
0 0.642594277713215 0.18099173560040072 0.019319226674269885 0.03471074381377548
0 0.6536338358127978 0.2636363637284376 0.022999079374130815 0.054545454564504325
0 0.6632934491499327 0.36198347120080143 0.033118674298748374 0.06611570250242949
0 0.6977920682111289 0.2867768596042879 0.02851885842392221 0.054545454564504325
0 0.6895123996364418 0.22396694222697988 0.02115915302420035 0.0446280991891399
0 0.7005519577360246 0.18512396700680256 0.01747930032433942 0.03966942150145769
0 0.6835326389991678 0.1495867769117467 0.016559337149374187 0.0446280991891399
0 0.6655933570873458 0.12396694219205528 0.019319226674269885 0.02975206612609327
0 0.6743330072495155 0.11404958681669086 0.014719410799443722 0.026446281000971794
0 0.7194112028228119 0.13719008269254118 0.012879484449513257 0.03305785125121474
0 0.7345905952097382 0.12727272731717676 0.01379944762447849 0.03966942150145769
0 0.7419503006094601 0.1157024793792516 0.010119594924617559 0.026446281000971794
0 0.7603495641087648 0.13223140500485897 0.015639373974408954 0.03305785125121474
0 0.7700091774458997 0.1264462810358964 0.011039558099582791 0.031404958688654006
0 0.7865685145952739 0.1396694215363823 0.011039558099582791 0.02809917356353253
0 0.7355105583847035 0.17024793394375592 0.01379944762447849 0.03636363637633622
0 0.7286108345724642 0.19669421494472772 0.018399263499304652 0.042975206626579165
0 0.7497699875966646 0.22561983478954062 0.023919042549096048 0.05123966943938285
0 0.7520698955340777 0.1735537190688774 0.01747930032433942 0.03305785125121474
0 0.7907083488826174 0.1760330579127185 0.019319226674269885 0.031404958688654006
0 0.8045077965070959 0.16611570253735408 0.01379944762447849 0.03471074381377548
0 0.7994479990447871 0.13884297525510192 0.012879484449513257 0.026446281000971794
0 0.8270468942937441 0.14545454550534487 0.016559337149374187 0.02975206612609327
0 0.8505059552553575 0.1264462810358964 0.015639373974408954 0.02809917356353253
0 0.8537258263677359 0.1652892562560737 0.014719410799443722 0.02975206612609327
0 0.8357865444559138 0.16694214881863445 0.01379944762447849 0.026446281000971794
0 0.8311867285810877 0.18595041328808293 0.01747930032433942 0.03471074381377548
0 0.8574056790675968 0.22975206619594246 0.016559337149374187 0.049586776876822114
0 0.8804047584417276 0.1917355372570455 0.016559337149374187 0.03636363637633622
0 0.8877644638414495 0.13471074384870008 0.011039558099582791 0.03471074381377548
0 0.8868445006664842 0.16694214881863445 0.011039558099582791 0.02314049587585032
0 0.9139834143279586 0.1578512397245504 0.010119594924617559 0.024793388438411057
0 0.9103035616280977 0.17685950419399887 0.01379944762447849 0.03305785125121474
0 0.9139834143279586 0.19669421494472772 0.015639373974408954 0.03305785125121474
0 0.9116835063905455 0.273553719103802 0.020239189849235117 0.04793388431426138
0 0.8091076123819221 0.242148760415148 0.02483900572406128 0.05123966943938285
0 0.7769089012581389 0.2842975207604468 0.02483900572406128 0.05289256200194359
