0 0.06878088807570748 0.566724436939694 0.04530477657681331 0.10398613521829247
0 0.1845139991492033 0.3050259966403246 0.023064249893650413 0.04159445408731699
0 0.21416803472675383 0.2807625650893897 0.018121910630725324 0.05545927211642265
0 0.2541186104353983 0.2426343155093491 0.02059308026218787 0.04159445408731699
0 0.29036243169684894 0.24696707114344463 0.01894563384121284 0.046793760848231614
0 0.2957166325650178 0.20970537269022316 0.016474464209750295 0.045060658594593406
0 0.3150741280114744 0.23310225311433896 0.01894563384121284 0.0433275563409552
0 0.33360790024744347 0.216637781704776 0.014827017788775265 0.04852686310186982
0 0.3583195965620689 0.2625649914261885 0.018121910630725324 0.05025996535550803
0 0.3855024625081569 0.24176776438253 0.013179571367800236 0.046793760848231614
0 0.3533772572991438 0.1949740035342984 0.019769357051700354 0.0433275563409552
0 0.3789126768242568 0.19237435015384108 0.018121910630725324 0.045060658594593406
0 0.4229818685853388 0.3258232236839831 0.025535419525112957 0.04852686310186982
0 0.45922568984678946 0.25216637790435925 0.01894563384121284 0.053726169862784445
0 0.42257000698009506 0.1949740035342984 0.013179571367800236 0.03292894281912595
0 0.41103788203326985 0.16897746972972527 0.011532124946825206 0.029462738311849535
0 0.4493410113209393 0.16377816296881065 0.012355848157312721 0.036395147326402366
0 0.4773476004775148 0.21143847494386137 0.01565074099926278 0.045060658594593406
0 0.5201812074228656 0.23136915086070076 0.01729818742023781 0.046793760848231614
0 0.47775946208275855 0.16031195846153423 0.016474464209750295 0.0433275563409552
0 0.5098846672917716 0.1733102253638208 0.018121910630725324 0.04852686310186982
0 0.5415980108955409 0.13691507803741843 0.010708401736337692 0.027729636058211327
0 0.5494233813951723 0.16291161184199154 0.013179571367800236 0.038128249580040574
0 0.5679571536311414 0.20190641254885122 0.01400329457828775 0.0433275563409552
0 0.614497515023686 0.20017331029521301 0.014827017788775265 0.03986135183367878
0 0.6511531978903804 0.18284228775883093 0.01400329457828775 0.02599653380457312
0 0.600906082050642 0.15771230508107692 0.01565074099926278 0.038128249580040574
0 0.5716639080783352 0.1325823224033229 0.014827017788775265 0.03986135183367878
0 0.5910214035247918 0.11958405550103635 0.012355848157312721 0.03466204507276416
0 0.6235584703390487 0.12651646451558918 0.013179571367800236 0.03466204507276416
0 0.6425041041802615 0.1507798960665241 0.011532124946825206 0.031195840565487742
0 0.6523887827061117 0.12738301564240828 0.013179571367800236 0.03986135183367878
0 0.6812190950731747 0.15944540733471513 0.013179571367800236 0.038128249580040574
0 0.6898681887832936 0.133448873530142 0.012355848157312721 0.031195840565487742
0 0.7079900994140189 0.1525129983201623 0.012355848157312721 0.038128249580040574
0 0.5440691805270035 0.3717504334053956 0.02059308026218787 0.05719237437006086
0 0.5906095419195481 0.38561525143450126 0.024711696314625442 0.06412478338461369
0 0.5984349124191795 0.29376083199167624 0.02059308026218787 0.06065857887733728
0 0.6482701666536741 0.27123050269437954 0.018121910630725324 0.05025996535550803
0 0.6577429835742805 0.4107452341122553 0.025535419525112957 0.05199306760914624
0 0.7195222243608441 0.40814558073179796 0.025535419525112957 0.06412478338461369
0 0.7948928981204517 0.45320623932639137 0.02635914273560047 0.08492201042827219
0 0.879324527195422 0.508665511442814 0.027182865946087986 0.07105719239916652
0 0.8805601120111533 0.4384748701704666 0.021416803472675383 0.05892547662369907
0 0.9596375402179547 0.47400346637004986 0.024711696314625442 0.06759098789189011
0 0.7170510547293816 0.2660311959334649 0.01729818742023781 0.046793760848231614
0 0.7067545145982876 0.21403812832431868 0.013179571367800236 0.036395147326402366
0 0.7359966885705944 0.23396880424115807 0.01894563384121284 0.05199306760914624
0 0.7495881215436384 0.1949740035342984 0.009884678525850177 0.03292894281912595
0 0.7446457822807133 0.29809358762577176 0.014827017788775265 0.045060658594593406
0 0.8117792239354458 0.3067590988939628 0.01565074099926278 0.05199306760914624
0 0.7924217284889892 0.2634315425530076 0.018121910630725324 0.03466204507276416
0 0.7763591258844826 0.21490467945113778 0.01565074099926278 0.03466204507276416
0 0.7701812018058263 0.18370883888565004 0.014827017788775265 0.031195840565487742
0 0.8064250230672769 0.18717504339292645 0.011532124946825206 0.038128249580040574
0 0.8274299649347086 0.21490467945113778 0.012355848157312721 0.04159445408731699
0 0.8138385319616646 0.22963604860706255 0.014827017788775265 0.0433275563409552
0 0.8665568174328655 0.23223570198751986 0.011532124946825206 0.03466204507276416
0 0.8550246924860403 0.34402079734718427 0.018121910630725324 0.05025996535550803
0 0.869027987064328 0.31629116128897294 0.018121910630725324 0.053726169862784445
0 0.8904447905370034 0.2816291162162088 0.016474464209750295 0.0433275563409552
0 0.9003294690628536 0.2616984402993694 0.013179571367800236 0.03466204507276416
0 0.9060955315362662 0.23743500874843448 0.014827017788775265 0.04159445408731699
0 0.9497528616921045 0.24436741776298732 0.014827017788775265 0.04159445408731699
0 0.935337705508573 0.2807625650893897 0.01400329457828775 0.031195840565487742
0 0.9320428126666229 0.3448873484740034 0.01729818742023781 0.04852686310186982
0 0.9476935536658857 0.3882149048149586 0.022240526683162898 0.0658578856382519
0 0.9773475892434362 0.38041594467358664 0.01565074099926278 0.05719237437006086
0 0.9715815267700236 0.3266897748108022 0.01400329457828775 0.046793760848231614
0 0.97775945084868 0.308492201147601 0.011532124946825206 0.03466204507276416
0 0.9827017901116051 0.2608318891725503 0.013179571367800236 0.046793760848231614
