0 0.5158333458239213 0.487723236088641 0.03500000084750354 0.05580357392318547
0 0.4358333438867703 0.48437502165324986 0.061666668159887195 0.07589286053553224
0 0.4450000107754022 0.6986607455182821 0.1000000024214387 0.17410715064033866
0 0.3366666748188436 0.6406250286381692 0.07333333510905504 0.13392857741564512
0 0.537500013015233 0.6305803853319958 0.061666668159887195 0.09151786123402417
0 0.4766666782088578 0.6250000279396772 0.05666666803881526 0.08035714644938707
0 0.6241666817804798 0.645089314552024 0.07166666840203106 0.12500000558793545
0 0.761666685109958 0.6662946726428345 0.08666666876524687 0.1316964344587177
0 0.27166667324490845 0.5970982409780845 0.06666666828095913 0.07812500349245965
0 0.22833333886228502 0.6015625268919393 0.0533333346247673 0.09151786123402417
0 0.18000000435858965 0.5959821694996208 0.04666666779667139 0.06696428870782256
0 0.1225000029662624 0.575892882887274 0.04500000108964741 0.058035716880112886
0 0.08833333547227085 0.5691964540164918 0.03666666755452752 0.04910714505240321
0 0.06416666822042316 0.5703125254949555 0.031666667433455586 0.04687500209547579
0 0.3616666754242033 0.5691964540164918 0.05000000121071935 0.0714285746216774
