0 0.04245880828239024 0.3593750160653144 0.02915082359686494 0.05357143096625805
0 0.05956907430663705 0.36607144493609667 0.025348542258143425 0.044642859138548374
0 0.388466410106048 0.20089286612346768 0.02154626091942191 0.04017857322469354
0 0.43029150483198464 0.25892858300358057 0.02915082359686494 0.05357143096625805
0 0.4581749013159424 0.226562510128133 0.024081115145236254 0.05133928800933063
0 0.5709759143646806 0.1328125059371814 0.024081115145236254 0.03348214435391128
0 0.6381495513487607 0.09709821862634271 0.01901140669360757 0.03794643026776612
0 0.7053231883328408 0.1774553650757298 0.01901140669360757 0.042410716181620955
0 0.6476552546955645 0.3348214435391128 0.035487959161400795 0.058035716880112886
0 0.5950570295099169 0.2522321541327983 0.02915082359686494 0.04910714505240321
