0 0.04874999891035259 0.6391666821436957 0.052499998826533556 0.061666668159887195
0 0.06999999843537807 0.685833349940367 0.04999999888241291 0.051666667917743325
0 0.11437499744351953 0.7500000181607902 0.06874999846331775 0.08666666876524687
0 0.1731249961303547 0.8233333532698452 0.0987499977927655 0.11000000266358256
0 0.3093749930849299 0.7591666850494221 0.08124999818392098 0.08833333547227085
0 0.2443749945377931 0.6683333495166153 0.056249998742714524 0.08666666876524687
0 0.1699999962002039 0.6625000160420313 0.05749999871477485 0.07500000181607902
0 0.1668749962700531 0.6000000145286322 0.04624999896623194 0.06333333486691117
0 0.22687499492894858 0.610000014770776 0.0437499990221113 0.060000001452863216
0 0.29999999329447746 0.6641666827490553 0.047499998938292265 0.05500000133179128
0 0.3818749914644286 0.6691666828701273 0.05374999879859388 0.06500000157393515
0 0.40687499090563506 0.6483333490323275 0.04874999891035259 0.0533333346247673
0 0.35374999209307134 0.6008333478821442 0.03999999910593033 0.04500000108964741
0 0.4518749898998067 0.6000000145286322 0.0437499990221113 0.0533333346247673
0 0.5468749877763912 0.6483333490323275 0.04874999891035259 0.06333333486691117
0 0.5243749882793054 0.6791666831122711 0.04874999891035259 0.05500000133179128
0 0.48812498908955604 0.7433333513326943 0.07874999823980033 0.09666666900739074
0 0.4968749888939783 0.8175000197952613 0.10624999762512743 0.14166667009703815
0 0.5374999879859388 0.5908333476400003 0.03249999927356839 0.041666667675599456
0 0.604374986491166 0.44750001083593816 0.023749999469146132 0.041666667675599456
0 0.6399999856948853 0.6058333480032161 0.03499999921768904 0.05500000133179128
0 0.6712499849963933 0.6441666822647676 0.047499998938292265 0.06500000157393515
0 0.6706249850103632 0.687500016647391 0.05874999868683517 0.05500000133179128
0 0.6899999845772982 0.7416666846256703 0.07499999832361937 0.10333333583548665
0 0.731874983641319 0.6041666812961921 0.03624999918974936 0.05833333474583924
0 0.7524999831803143 0.6500000157393515 0.04499999899417162 0.06666666828095913
0 0.8224999816156924 0.687500016647391 0.06249999860301614 0.07500000181607902
0 0.8699999805539846 0.7266666842624545 0.06999999843537807 0.08666666876524687
0 0.8462499810848385 0.8041666861390695 0.12499999720603228 0.17500000423751771
