0 0.07890625117579475 0.6601562598370947 0.06875000102445483 0.1140625016996637
0 0.2339843784866389 0.2593750038649887 0.011718750174622983 0.0437500006519258
0 0.24921875371364877 0.26875000400468707 0.018750000279396772 0.05000000074505806
0 0.2882812542957254 0.23125000344589353 0.01406250020954758 0.02812500041909516
0 0.30468750454019755 0.24843750370200723 0.01406250020954758 0.037500000558793545
0 0.3210937547846697 0.20234375301515684 0.017187500256113708 0.03906250058207661
0 0.3468750051688403 0.21562500321306288 0.01406250020954758 0.04687500069849193
0 0.3804687556694262 0.2578125038417056 0.015625000232830644 0.037500000558793545
0 0.35781250533182174 0.22265625331783667 0.01406250020954758 0.04218750062864274
0 0.37617188060539775 0.19375000288709998 0.013281250197906047 0.0218750003259629
0 0.40585938104777597 0.18046875268919393 0.011718750174622983 0.03593750053551048
0 0.44062500656582415 0.1992187529685907 0.01406250020954758 0.03281250048894435
0 0.40937500610016286 0.2351562535041012 0.017187500256113708 0.03593750053551048
0 0.4468750066589564 0.2890625043073669 0.018750000279396772 0.05000000074505806
0 0.4839843822119292 0.23359375348081812 0.01796875026775524 0.03906250058207661
0 0.5070312575553544 0.20078125299187377 0.012500000186264515 0.03281250048894435
0 0.539453133038478 0.22734375338768587 0.019531250291038305 0.03593750053551048
0 0.442578131594928 0.1625000024214387 0.016406250244472176 0.02500000037252903
0 0.4640625069150701 0.16406250244472176 0.01406250020954758 0.02812500041909516
0 0.48789063227013685 0.17031250253785402 0.011718750174622983 0.037500000558793545
0 0.5046875075204298 0.1554687523166649 0.01406250020954758 0.03281250048894435
0 0.5257812578347512 0.16328125243308023 0.01406250020954758 0.03281250048894435
0 0.5652343834226485 0.14218750211875886 0.011718750174622983 0.034375000512227416
0 0.587890633760253 0.13671875203726813 0.011718750174622983 0.03906250058207661
0 0.6066406340396497 0.12734375189756975 0.011718750174622983 0.03281250048894435
0 0.6359375094762072 0.1289062519208528 0.012500000186264515 0.03906250058207661
0 0.661328134854557 0.14375000214204192 0.013281250197906047 0.037500000558793545
0 0.619531259231735 0.1671875024912879 0.012500000186264515 0.03125000046566129
0 0.5863281337369699 0.2015625030035153 0.01796875026775524 0.037500000558793545
0 0.6117187591153197 0.2085937531082891 0.018750000279396772 0.029687500442378223
0 0.6250000093132257 0.2812500041909516 0.02500000037252903 0.05000000074505806
0 0.5808593836554792 0.3226562548079528 0.019531250291038305 0.03906250058207661
0 0.6054687590221874 0.36562500544823706 0.0218750003259629 0.05000000074505806
0 0.6617187598603778 0.37734375562286004 0.018750000279396772 0.05468750081490725
0 0.7304687608848326 0.3835937557159923 0.023437500349245965 0.05781250086147338
0 0.8007812619325705 0.43281250644940883 0.026562500395812094 0.059375000884756446
0 0.8671875129221007 0.4906250073108822 0.023437500349245965 0.059375000884756446
0 0.8843750131782144 0.38984375580912456 0.017187500256113708 0.05468750081490725
0 0.9382812639814802 0.412500006146729 0.0218750003259629 0.05625000083819032
0 0.971875014482066 0.3492187552037649 0.01406250020954758 0.04218750062864274
0 0.9476562641211785 0.3562500053085387 0.017187500256113708 0.040625000605359674
0 0.9261718888010364 0.31875000474974513 0.014843750221189111 0.04687500069849193
0 0.8679687629337423 0.3015625044936314 0.020312500302679837 0.040625000605359674
0 0.8105468870780896 0.3101562546216883 0.019531250291038305 0.051562500768341124
0 0.7570312612806447 0.2835937542258762 0.015625000232830644 0.04531250067520887
0 0.7226562607684173 0.25390625378349796 0.017187500256113708 0.04531250067520887
0 0.6671875099418685 0.2453125036554411 0.017187500256113708 0.034375000512227416
0 0.7011718854482751 0.21171875315485522 0.010156250151339918 0.04531250067520887
0 0.6636718848894816 0.18359375273576006 0.019531250291038305 0.03593750053551048
0 0.691406260302756 0.15390625229338184 0.015625000232830644 0.03281250048894435
0 0.7210937607451342 0.15625000232830644 0.012500000186264515 0.037500000558793545
0 0.7445312610943802 0.22421875334111974 0.017187500256113708 0.051562500768341124
0 0.7847656366939191 0.20312500302679837 0.014843750221189111 0.040625000605359674
0 0.7808593866357114 0.16562500246800482 0.011718750174622983 0.03125000046566129
0 0.8101562620722689 0.18593750277068466 0.009375000139698386 0.034375000512227416
0 0.8269531373225618 0.22500000335276127 0.011718750174622983 0.04687500069849193
0 0.7941406368336175 0.2531250037718564 0.022656250337604433 0.034375000512227416
0 0.86171876284061 0.22500000335276127 0.012500000186264515 0.037500000558793545
0 0.8808593881258275 0.23203125345753506 0.013281250197906047 0.029687500442378223
0 0.9031250134576112 0.21796875324798748 0.012500000186264515 0.03593750053551048
0 0.9500000141561031 0.23750000353902578 0.012500000186264515 0.040625000605359674
0 0.9785156395810191 0.2476562536903657 0.011718750174622983 0.03281250048894435
0 0.9753906395344529 0.2992187544587068 0.016406250244472176 0.04218750062864274
0 0.9281250138301402 0.25859375385334715 0.012500000186264515 0.04218750062864274
0 0.8878906382306013 0.2718750040512532 0.02109375031432137 0.0437500006519258
0 0.903515638463432 0.25078125373693183 0.014843750221189111 0.03906250058207661
0 0.7519531362049747 0.18828125280560926 0.016406250244472176 0.029687500442378223
0 0.8570312627707608 0.3539062552736141 0.018750000279396772 0.04531250067520887
0 0.5437500081025064 0.16875000251457095 0.01406250020954758 0.034375000512227416
0 0.5683593834692147 0.15468750230502337 0.014843750221189111 0.040625000605359674
0 0.5925781338301022 0.17656250263098627 0.01796875026775524 0.0437500006519258
0 0.8320312623982318 0.2109375031432137 0.01406250020954758 0.04687500069849193
