0 0.06545454589650035 0.45901638083159924 0.08363636420108378 0.12021857593208551
0 0.10000000067520887 0.4153005350381136 0.06909090955741704 0.11475409520789981
0 0.26909091090783477 0.426229496486485 0.050909091252833605 0.0983606530353427
0 0.35909091151552275 0.4426229386590421 0.027272727456875145 0.04918032651767135
0 0.39090909354854375 0.46038250101264566 0.032727272948250175 0.057377047603949904
0 0.4245454574120231 0.46038250101264566 0.045454545761458576 0.09016393194906414
0 0.45454545761458576 0.46584698173683137 0.02909090928733349 0.057377047603949904
0 0.46727273042779416 0.426229496486485 0.021818181965500116 0.04371584579348564
0 0.5081818216131069 0.40710381395183504 0.04181818210054189 0.07650273013859987
0 0.540909094561357 0.43579233775381 0.03454545477870852 0.06284152832813561
0 0.8181818237062544 0.4480874193832278 0.05454545491375029 0.08196721086278558
0 0.9309090971946716 0.4316939772106707 0.07636363687925041 0.12021857593208551
0 0.5963636403903365 0.4521857799263671 0.021818181965500116 0.04098360543139279
