0 0.10000000451691449 0.4833333247806877 0.05679012602195144 0.09259259095415473
0 0.10123457247391343 0.39629628928378224 0.044444446451961994 0.07407407276332378
0 0.1864197615068406 0.5814814711920917 0.07160494150593877 0.1037037018686533
0 0.332098780432716 0.6999999876134098 0.13580247526988387 0.19999999646097422
0 0.15185185871087015 0.2074074037373066 0.03209876688197255 0.05185185093432665
0 0.3061728533357382 0.3388888828922063 0.03950617462396622 0.04814814729616046
0 0.39506174623966217 0.3370370310731232 0.044444446451961994 0.05185185093432665
0 0.40864199376665056 0.3037036983296275 0.03209876688197255 0.04444444365799427
0 0.49259261484257877 0.32222221652045846 0.041975310537964106 0.0666666654869914
0 0.6061728668864816 0.3814814747311175 0.05679012602195144 0.07407407276332378
0 0.6012345950584859 0.3111111056059599 0.041975310537964106 0.07407407276332378
0 0.5950617552734911 0.24999999557621777 0.029629630967974663 0.04814814729616046
0 0.6444444735534489 0.24629629193805158 0.029629630967974663 0.05555555457249284
0 0.6604938569944352 0.2666666619479656 0.027160495053976774 0.04444444365799427
0 0.7555555896833539 0.24999999557621777 0.03456790279597044 0.05555555457249284
0 0.7913580604363233 0.25925925467163324 0.03703703870996833 0.05185185093432665
0 0.862963001942262 0.2388888846617192 0.03703703870996833 0.05555555457249284
0 0.7617284294683486 0.3462962901685387 0.05185185419395566 0.08518518367782235
0 0.9111111522652209 0.4444444365799427 0.09382716473191977 0.1407407382503152
0 0.9802469578571618 0.25555555103346705 0.03950617462396622 0.07407407276332378
