0 0.19968050764873624 0.4107142813154496 0.04472843371331692 0.08999999903608114
0 0.2767571836011484 0.2635714257485233 0.018370606703683734 0.029999999678693712
0 0.2903354581212625 0.254285711562261 0.018370606703683734 0.0342857139185071
0 0.32268370036035776 0.2578571400954388 0.0159744406118989 0.041428570984862745
0 0.3438498341711238 0.27714285417459905 0.019968050764873624 0.042857142398133874
0 0.3829872136702761 0.2678571399883367 0.023162938887253404 0.044285713811405
0 0.4105431237258017 0.2635714257485233 0.02236421685665846 0.04999999946448952
0 0.30950478685554117 0.2278571404167451 0.019968050764873624 0.03571428533177823
0 0.33306708675809205 0.22285714047029614 0.01757188467308879 0.03714285674504936
0 0.41453673387877643 0.22142856905702502 0.01916932873427868 0.04571428522467613
0 0.4349041456589475 0.22428571188356727 0.018370606703683734 0.042857142398133874
0 0.5119808216113597 0.298571425373666 0.02236421685665846 0.05428571370430291
0 0.48562299460172653 0.22928571183001623 0.02076677279546857 0.04999999946448952
0 0.40255590341985226 0.1914285693783313 0.01757188467308879 0.03714285674504936
0 0.4233226762153208 0.1735714267124422 0.01757188467308879 0.03571428533177823
0 0.4528753913473338 0.14428571274038404 0.01437699655070901 0.0342857139185071
0 0.4704472760204226 0.15285714122001082 0.01437699655070901 0.03142857109196484
0 0.5019967962289229 0.18785714084515348 0.015175718581303954 0.03285714250523597
0 0.5007987131830305 0.12642857007449493 0.01277955248951912 0.027142856852151453
0 0.5195686809020117 0.14642856986029074 0.015175718581303954 0.027142856852151453
0 0.5235622910549864 0.11999999871477485 0.015175718581303954 0.025714285438880324
0 0.5399360926821828 0.16999999817926437 0.0159744406118989 0.03142857109196484
0 0.5483226740034297 0.19428571220487356 0.015175718581303954 0.03714285674504936
0 0.5706868908600882 0.1671428553527221 0.019968050764873624 0.03714285674504936
0 0.5642971146153286 0.13142857002094388 0.015175718581303954 0.03142857109196484
0 0.595047912793234 0.14571428415365517 0.01437699655070901 0.0342857139185071
0 0.5938498297473416 0.11214285594178364 0.013578274520114064 0.03285714250523597
0 0.6166134076192975 0.149285712686833 0.01437699655070901 0.03285714250523597
0 0.6249999889405444 0.13071428431430832 0.013578274520114064 0.03285714250523597
0 0.6485622888430953 0.11642857018159702 0.01277955248951912 0.03285714250523597
0 0.6685303396079689 0.11857142730150372 0.01437699655070901 0.03142857109196484
0 0.5527156451717019 0.2999999967869371 0.030351437162607908 0.057142856530845165
0 0.5762779450742528 0.24642856878926978 0.021565494826063514 0.04714285663794726
0 0.6118210754357278 0.25071428302908316 0.02396166091784835 0.05285714229103178
0 0.6309904041700065 0.20499999780440703 0.01916932873427868 0.044285713811405
0 0.6545527040725574 0.1671428553527221 0.019968050764873624 0.042857142398133874
0 0.6701277836691588 0.19785714073805138 0.01916932873427868 0.041428570984862745
0 0.65255589899607 0.26571428286843 0.02555910497903824 0.04857142805121839
0 0.703274747938849 0.309999996679835 0.029552715132012963 0.06571428501047194
0 0.7204472715966403 0.26285714004188776 0.02396166091784835 0.059999999357387424
0 0.7012779428623617 0.23142856894992292 0.01916932873427868 0.04857142805121839
0 0.6801118090515956 0.16428571252617985 0.016773162642493844 0.03142857109196484
0 0.7084664411377162 0.18285714089870453 0.01916932873427868 0.03714285674504936
0 0.7220447156578302 0.15071428410010412 0.01757188467308879 0.044285713811405
0 0.7460063765756786 0.19214285508496687 0.01916932873427868 0.04714285663794726
0 0.7496006257133558 0.2357142831897363 0.019968050764873624 0.04857142805121839
0 0.7492012646980584 0.3485714248381555 0.03354632528498769 0.0685714278370142
0 0.8019169187173247 0.29357142542721704 0.02076677279546857 0.06142857077065855
0 0.8214856084669009 0.24857142590917647 0.021565494826063514 0.05428571370430291
0 0.8602236269507557 0.2921428540139459 0.02236421685665846 0.06428571359720081
0 0.8726038184249774 0.2499999973224476 0.021565494826063514 0.05428571370430291
0 0.8825878438074142 0.22071428335038945 0.01757188467308879 0.04999999946448952
0 0.8893769810674712 0.1914285693783313 0.016773162642493844 0.039999999571591616
0 0.8801916777156293 0.14428571274038404 0.01437699655070901 0.03142857109196484
0 0.914536725031212 0.26499999716179445 0.01916932873427868 0.055714285117574036
0 0.784345034044236 0.20999999775085598 0.01757188467308879 0.03714285674504936
0 0.7655750663252547 0.1792857123655267 0.016773162642493844 0.03857142815832049
0 0.768370593432337 0.1392857127939351 0.01437699655070901 0.03285714250523597
0 0.7867412001360208 0.14642856986029074 0.01437699655070901 0.03571428533177823
0 0.8071086119161919 0.16857142676599324 0.016773162642493844 0.042857142398133874
0 0.8202875254210085 0.15214285551337525 0.0159744406118989 0.041428570984862745
0 0.8438498253235593 0.1814285694854334 0.018370606703683734 0.042857142398133874
0 0.8334664389258251 0.15428571263328195 0.013578274520114064 0.025714285438880324
