0 0.08122743631247431 0.565040661720559 0.1588447643443942 0.3008130141533911
0 0.19043321179924533 0.3550135572440922 0.04512635350693017 0.07588076032698154
0 0.21299638855271041 0.4579945891164243 0.03971119108609855 0.07046070601791143
0 0.30054151435615495 0.513550145784393 0.04512635350693017 0.08943089609965682
0 0.3348375430214219 0.4715447248890996 0.04151624522637576 0.07046070601791143
0 0.4151624522637576 0.490514914970845 0.04693140764720738 0.07046070601791143
0 0.4494584809290245 0.4728997384663671 0.03610108280554414 0.06233062455430627
0 0.532490971381776 0.5176151865161955 0.05054151592776179 0.07588076032698154
0 0.5505415127845481 0.6084010961931199 0.06859205733053386 0.11111111333593726
0 0.5947653392213397 0.4959349692799151 0.048736461787484586 0.07588076032698154
0 0.6660649777622893 0.5745257567614317 0.05776173248887062 0.09214092325419188
0 0.7021660605678335 0.5189702000934631 0.02888086624443531 0.06233062455430627
0 0.7888086593011394 0.4864498742390424 0.043321299366652966 0.07317073317244649
0 0.8393501752289012 0.4864498742390424 0.043321299366652966 0.06775067886337638
0 0.9458483695052564 0.6978319922927767 0.09747292357496917 0.1815718193538487
