0 0.8518886303063482 0.6298507512547076 0.13320078933611512 0.23880597203969955
0 0.8986083101481199 0.3835820925887674 0.03180914372205734 0.044776119757443666
0 0.6411530531477183 0.3014925397001207 0.021868786308914423 0.03582089580595493
0 0.7345924128312618 0.5149253772106022 0.08151093078777194 0.134328359272331
0 0.6719681611284614 0.46716418280266225 0.05566600151360035 0.10447761276736856
0 0.6143140881322324 0.43283582432195544 0.05566600151360035 0.07164179161190987
0 0.609343909425661 0.36716418201103806 0.037773358169943094 0.05970149300992489
0 0.3578528668731451 0.47910448140464723 0.08349900227040052 0.134328359272331
0 0.35387672390788794 0.4089552271179855 0.05964214447885752 0.06567164231091738
0 0.4065606181975454 0.4014925404917449 0.04572564410045743 0.08656716486439109
0 0.4304174759890884 0.3641791073605418 0.037773358169943094 0.07164179161190987
0 0.4592445124872029 0.3641791073605418 0.027833000756800175 0.05970149300992489
0 0.30218686535954475 0.37313433131203055 0.027833000756800175 0.04776119440793991
0 0.27932404330931604 0.3895522418897599 0.033797215204685926 0.056716418359428644
0 0.21471172012388706 0.4223880630452186 0.043737572617828846 0.07462686626240611
0 0.21272364864125848 0.6044776167254895 0.13916500378400087 0.22388059878721833
0 0.0626242517028004 0.5074626905843616 0.05765407299622893 0.09552238881587982
0 0.15805168286897242 0.44626866024918854 0.0497017870657146 0.06865671696141362
0 0.1858846836257726 0.38507462991401553 0.02982107223942876 0.04179104510694742
0 0.1848906478844583 0.34626865945756435 0.027833000756800175 0.03582089580595493
0 0.22465207753702998 0.36567164468578994 0.023856857791543007 0.03880597045645118
0 0.15606361138634384 0.3477611967828125 0.02584492927417159 0.03283582115545869
0 0.14015903952531517 0.38656716723926365 0.02982107223942876 0.03880597045645118
0 0.11232603876851499 0.36567164468578994 0.021868786308914423 0.03283582115545869
0 0.09045725245960057 0.4223880630452186 0.02982107223942876 0.056716418359428644
0 0.02982107223942876 0.44029851094819605 0.03976142965257168 0.056716418359428644
0 0.032803179463371634 0.3970149285160005 0.021868786308914423 0.04179104510694742
0 0.01988071482628584 0.3880597045645118 0.01988071482628584 0.03582089580595493
0 0.042743536876514554 0.3552238834090531 0.013916500378400087 0.023880597203969955
0 0.07256460911594331 0.37910448061302304 0.021868786308914423 0.04179104510694742
0 0.09045725245960057 0.3611940327100456 0.013916500378400087 0.029850746504962444
0 0.13021868211217225 0.3029850770253688 0.017892643343657255 0.0268656718544662
0 0.24055664939805865 0.3238805995788425 0.01590457186102867 0.0268656718544662
0 0.2813121147919446 0.3238805995788425 0.017892643343657255 0.0268656718544662
0 0.3101391512900591 0.3149253756273538 0.011928428895771503 0.02089552255347371
0 0.3339960090816021 0.35970149538479745 0.027833000756800175 0.044776119757443666
0 0.3568588311318308 0.3567164207343012 0.02584492927417159 0.044776119757443666
0 0.3320079375989735 0.3208955249283463 0.01590457186102867 0.0268656718544662
0 0.343936366494745 0.3104477636516094 0.011928428895771503 0.017910447902977467
0 0.35387672390788794 0.31791045027785003 0.01590457186102867 0.014925373252481222
0 0.384691831888631 0.3208955249283463 0.00994035741314292 0.02089552255347371
0 0.3727634029928595 0.2880597037728876 0.013916500378400087 0.014925373252481222
