0 0.09818181884475052 0.5887977980310097 0.11636363714933395 0.1557377006392926
0 0.22545454697683454 0.3797814103309065 0.050909091252833605 0.07650273013859987
0 0.32090909307589754 0.3784152901498601 0.045454545761458576 0.07923497050069273
0 0.3136363657540642 0.3210382425459102 0.03454545477870852 0.04098360543139279
0 0.36909091158304363 0.2896174783818424 0.032727272948250175 0.06010928796604276
0 0.38818182080285624 0.3128415214596316 0.04181818210054189 0.08469945122487843
0 0.4172727300901897 0.3702185690635815 0.04909090942237526 0.10109289339743555
0 0.4881818214780651 0.333333324175328 0.04909090942237526 0.08743169158697128
0 0.44818182120798156 0.30464480037335306 0.03454545477870852 0.07377048977650702
0 0.41272727551404387 0.26229507476091385 0.03636363660916686 0.07650273013859987
0 0.48090909415623173 0.2704917958471924 0.03090909111779183 0.06010928796604276
0 0.5254545490024611 0.2923497187439352 0.032727272948250175 0.07650273013859987
0 0.572727276594378 0.27322403620928526 0.032727272948250175 0.07103824941441417
0 0.5636363674420863 0.3907103717792779 0.05454545491375029 0.0983606530353427
0 0.6018181858817115 0.3415300452616066 0.032727272948250175 0.08196721086278558
0 0.6300000042538159 0.31010928109753877 0.03090909111779183 0.07923497050069273
0 0.651818186219316 0.3005464398302138 0.03090909111779183 0.06557376869022846
0 0.6618181862868369 0.2445355124073103 0.04000000027008355 0.07923497050069273
0 0.7254545503528789 0.38797813141718507 0.050909091252833605 0.1092896144837141
0 0.7554545505554415 0.34562840580474585 0.03454545477870852 0.08469945122487843
0 0.758181823301129 0.2950819591060281 0.032727272948250175 0.06557376869022846
