0 0.24070631706854329 0.4319672135170549 0.04832713701762259 0.10655737714841962
0 0.27462824978283606 0.26721311500295997 0.01951672841096297 0.032786885276436806
0 0.2978624502720777 0.27540983632206917 0.013940520293544978 0.036065573804080486
0 0.2992565023014322 0.24508196744136512 0.016728624352253973 0.018032786902040243
0 0.3406133791722823 0.29098360682837665 0.02323420048924163 0.04098360659554601
0 0.3777880999550689 0.29508196748793125 0.01765799237182364 0.036065573804080486
0 0.38011152000399306 0.25491803302429616 0.022304832469671965 0.021311475429683924
0 0.3517657954071183 0.24754098383709788 0.01951672841096297 0.026229508221149445
0 0.4460966493934393 0.22704918053932488 0.014869888313114643 0.031147541012614965
0 0.3866170961409807 0.1868852460756898 0.013011152273975313 0.022950819693505764
0 0.40566914054215886 0.195081967394799 0.01579925633268431 0.022950819693505764
0 0.42100371286505833 0.1827868854161352 0.014869888313114643 0.027868852484971285
0 0.45399627755978145 0.19016393460333347 0.010223048215266317 0.029508196748793125
0 0.4716542699316051 0.18934426247142255 0.01765799237182364 0.034426229540258646
0 0.4674721138435416 0.2401639346498996 0.018587360391393304 0.04098360659554601
0 0.5046468346263282 0.3016393445432186 0.024163568508811295 0.05573770496994257
0 0.5371747153112665 0.3262295085005462 0.022304832469671965 0.05573770496994257
0 0.6017657926713582 0.34836065606214106 0.02323420048924163 0.05409836070612073
0 0.6937732266087551 0.3254098363686353 0.02509293652838096 0.05737704923376441
0 0.755111515900353 0.3377049183472991 0.02881040860665962 0.06557377055287361
0 0.8150557531625964 0.4065573774278164 0.03159851266536862 0.07213114760816097
0 0.8838289866107516 0.3778688528109342 0.03345724870450795 0.06721311481669545
0 0.9079925551195629 0.318032787181437 0.027881040587089956 0.05573770496994257
0 0.8341077975637745 0.31475409865379333 0.02509293652838096 0.05245901644229889
0 0.7825278724776581 0.27459016419015825 0.018587360391393304 0.04426229512318969
0 0.732806683430681 0.25409836089238524 0.02509293652838096 0.05245901644229889
0 0.6138475769257639 0.2655737707391381 0.01765799237182364 0.04590163938701153
0 0.5910780604463071 0.24508196744136512 0.018587360391393304 0.04426229512318969
0 0.5199814069492277 0.21065573790110648 0.01579925633268431 0.03770491806790233
0 0.49674720645998605 0.20491803297773004 0.0213754644501023 0.036065573804080486
0 0.4804832661175169 0.1581967214588076 0.018587360391393304 0.034426229540258646
0 0.6249999931605998 0.21065573790110648 0.01765799237182364 0.03770491806790233
0 0.6603159779042471 0.215573770692572 0.01765799237182364 0.034426229540258646
0 0.7109665349707939 0.24098360678181052 0.016728624352253973 0.03934426233172417
0 0.6682156060705893 0.1754098362289369 0.014869888313114643 0.032786885276436806
0 0.7030669068044517 0.18852459033951163 0.013940520293544978 0.03934426233172417
0 0.7304832633817568 0.2073770493734628 0.020446096430532634 0.03770491806790233
0 0.7718401402526069 0.22213114774785936 0.01579925633268431 0.04426229512318969
0 0.8080854930158239 0.2442622953094542 0.01765799237182364 0.04262295085936785
0 0.866170994238928 0.2639344264753163 0.022304832469671965 0.05245901644229889
0 0.9228624434326775 0.26721311500295997 0.020446096430532634 0.04918032791465521
0 0.5144051988318097 0.12704918044619262 0.012081784254405648 0.021311475429683924
0 0.5255576150666457 0.1663934427779168 0.01579925633268431 0.027868852484971285
0 0.5501858675852418 0.18606557394377887 0.013011152273975313 0.03770491806790233
0 0.5376393993210513 0.13278688536956906 0.01579925633268431 0.029508196748793125
0 0.5631970198592171 0.1262295083142817 0.013011152273975313 0.029508196748793125
0 0.5794609602016862 0.16803278704173863 0.01579925633268431 0.034426229540258646
0 0.5910780604463071 0.13934426242485642 0.014869888313114643 0.026229508221149445
0 0.6143122609355487 0.15163934440352023 0.016728624352253973 0.031147541012614965
0 0.5975836365832947 0.10901639354415238 0.014869888313114643 0.031147541012614965
0 0.6222118891018908 0.10491803288459778 0.010223048215266317 0.022950819693505764
0 0.6454460895911325 0.13688524602912366 0.013940520293544978 0.034426229540258646
0 0.6714683941390831 0.10901639354415238 0.010223048215266317 0.024590163957327604
0 0.7035315908142366 0.10737704928033054 0.013011152273975313 0.027868852484971285
0 0.732806683430681 0.1385245902929455 0.01579925633268431 0.03770491806790233
0 0.7611524080275558 0.15245901653543115 0.013011152273975313 0.029508196748793125
0 0.7695167202036828 0.13196721323765814 0.011152416234835982 0.031147541012614965
0 0.7825278724776581 0.1786885247565806 0.016728624352253973 0.03934426233172417
0 0.8141263851430267 0.1549180329311639 0.014869888313114643 0.027868852484971285
0 0.8373605856322683 0.1221311476547271 0.014869888313114643 0.024590163957327604
0 0.829925641475711 0.14754098374396563 0.016728624352253973 0.022950819693505764
0 0.8248141173680779 0.20163934445008636 0.01765799237182364 0.04262295085936785
0 0.8573419980530161 0.1663934427779168 0.012081784254405648 0.034426229540258646
0 0.8708178343367763 0.1344262296333909 0.013011152273975313 0.029508196748793125
0 0.8736059383954853 0.215573770692572 0.016728624352253973 0.04098360659554601
0 0.9256505474913865 0.22131147561594844 0.013011152273975313 0.03934426233172417
0 0.8940520348260179 0.17786885262466967 0.014869888313114643 0.03770491806790233
0 0.9312267556088045 0.1631147542502731 0.014869888313114643 0.027868852484971285
0 0.9010222949727904 0.15327868866734207 0.01579925633268431 0.031147541012614965
0 0.7202602151664905 0.17377049196511507 0.013011152273975313 0.032786885276436806
0 0.6933085425989702 0.17295081983320415 0.013011152273975313 0.034426229540258646
