0 0.19087137933820486 0.5919002927839756 0.19502075714990497 0.32398752868175507
0 0.07987552287522703 0.5077881459146738 0.1141078898217529 0.16199376434087753
0 0.3112033358775079 0.5093457782641053 0.04149377811700106 0.07165108807384968
0 0.26452283549588174 0.5218068370595574 0.031120333587750793 0.07788161747157574
0 0.01763485569972545 0.4875389253720641 0.031120333587750793 0.0841121468693018
0 0.4087137144524604 0.5155763076618314 0.07883817842230201 0.1277258526533842
0 0.49688799295108765 0.5249221017584205 0.047717844834551215 0.09034267626702785
0 0.5394191155210137 0.5202492047101259 0.033195022493600845 0.06230529397726059
0 0.549792560050264 0.4984423518180847 0.024896266870200634 0.05607476457953453
0 0.46058093709871173 0.5124610429629683 0.024896266870200634 0.0529594998806715
0 0.668049827683717 0.532710263505578 0.09958506748080254 0.15576323494315147
0 0.7396265949355438 0.5218068370595574 0.0352697113994509 0.07165108807384968
0 0.7748963063349947 0.5280373664572835 0.047717844834551215 0.07788161747157574
0 0.8703319960040972 0.5280373664572835 0.031120333587750793 0.06542055867612362
0 0.9180498408386484 0.5311526311561465 0.07676348951645195 0.13395638205111027
0 0.9792531635612249 0.5420560576021671 0.04149377811700106 0.08722741156816483
0 0.8464730735868216 0.5140186753123999 0.02904564468190074 0.04984423518180847
