0 0.0800000037997961 0.5866666603833437 0.1560000074096024 0.39999999571591616
0 0.6520000309683383 0.5106666611973196 0.19200000911951065 0.2693333304487169
0 0.4150000197114423 0.2373333307914436 0.06200000294484198 0.09066666569560766
0 0.359000017051585 0.4066666623111814 0.08200000389479101 0.11466666543856263
0 0.2200000104494393 0.37733332929201424 0.0800000037997961 0.13066666526719928
0 0.29300001391675323 0.3373333297204226 0.050000002374872565 0.06666666595265269
0 0.3570000169565901 0.33599999640136957 0.058000002754852176 0.05866666603833437
0 0.7510000356705859 0.3319999964442104 0.06600000313483179 0.08799999905750155
0 0.831000039470382 0.3519999962300062 0.058000002754852176 0.09599999897181988
0 0.9610000456450507 0.3839999958872795 0.0780000037048012 0.1386666651815176
