0 0.02454545471118763 0.14032697351649404 0.04181818210054189 0.13896457571536303
0 0.056363636744208634 0.2452316042035818 0.08363636420108378 0.14713896252214909
0 0.12636363721685484 0.1621253383345902 0.063636364066042 0.13351498451083899
0 0.18727272853720933 0.24114441080018878 0.08727272786200047 0.14441416691988707
0 0.25000000168802217 0.1757493163459003 0.07818181870970875 0.13351498451083899
0 0.2836363655515015 0.0803814702667296 0.06909090955741704 0.10626702848821878
0 0.19272727402858436 0.07493187906220555 0.07636363687925041 0.11716621089726686
0 0.33363636588910595 0.30653950525447726 0.08545454603154212 0.17166212294250727
0 0.18000000121537596 0.546321518253535 0.1054545461665839 0.20980926137417555
0 0.05454545491375029 0.8801089795306325 0.09818181884475052 0.2288828305900097
0 0.38727272988762707 0.7493187906220555 0.1563636374194175 0.2452316042035818
0 0.5363636399852112 0.45095367217436433 0.1309090917930007 0.22615803498774767
0 0.42545454832725227 0.20844686357304454 0.06909090955741704 0.13351498451083899
0 0.4890909123932943 0.1485013603232801 0.06181818223558366 0.10626702848821878
0 0.5154545489349402 0.05994550324976444 0.06000000040512532 0.1089918240904808
0 0.5827272766618989 0.24114441080018878 0.07454545504879206 0.13896457571536303
0 0.6154545496101491 0.1485013603232801 0.08181818237062544 0.13896457571536303
0 0.7027272774721496 0.08446866367012262 0.06727272772695869 0.10354223288595676
0 0.5900000039837323 0.41553132934495807 0.063636364066042 0.15531334932893515
0 0.7127272775396705 0.5640326896682382 0.14181818277575076 0.2561307866126299
0 0.6345454588299617 0.7588555752299726 0.2072727286722511 0.22615803498774767
0 0.8600000058067963 0.8773841839283705 0.18909091036766768 0.2452316042035818
0 0.8500000057392754 0.5980926346965134 0.15454545558895916 0.22615803498774767
0 0.8036363690625876 0.47002724139019847 0.10181818250566721 0.1771117141470313
0 0.7563636414706707 0.2820163448341191 0.09090909152291715 0.15531334932893515
0 0.7945454599102959 0.18664849875494838 0.06909090955741704 0.13351498451083899
0 0.8881818241789006 0.06948228785768151 0.06727272772695869 0.12806539330631495
0 0.9636363701429218 0.17983650974929333 0.07272727321833372 0.136239780113101
0 0.9518181882449426 0.43869209196418524 0.08545454603154212 0.2016348745673895
