0 0.07550000358605757 0.5014992637443356 0.04500000213738531 0.07646177115384489
0 0.16100000764708966 0.492503761255648 0.04000000189989805 0.07646177115384489
0 0.2280000108294189 0.508995515818242 0.03800000180490315 0.06146926700603217
0 0.2610000123968348 0.5322338972473517 0.04000000189989805 0.06296851742081344
0 0.23700001125689596 0.6206896717194468 0.04000000189989805 0.06296851742081344
0 0.33800001605413854 0.6334333002450876 0.04000000189989805 0.0704647694947198
0 0.30300001439172775 0.5067466401960701 0.03800000180490315 0.06296851742081344
0 0.3350000159116462 0.5149925174773671 0.03800000180490315 0.06446776783559471
0 0.4110000195214525 0.4985007629147731 0.03000000142492354 0.058470766176469624
0 0.4405000209226273 0.5164917678921483 0.029000001377426088 0.05547226534690708
0 0.48650002310751006 0.5232383947586641 0.0370000017574057 0.06296851742081344
0 0.452000021468848 0.6154422952677123 0.04000000189989805 0.058470766176469624
0 0.44350002106511965 0.696401817665901 0.03300000156741589 0.06746626866515726
0 0.5660000268835574 0.6206896717194468 0.04400000208988786 0.06896551907993853
0 0.5245000249124132 0.5209895191364922 0.027000001282431185 0.058470766176469624
0 0.5635000267648138 0.5074962654034607 0.027000001282431185 0.052473764517344534
0 0.6005000285222195 0.5232383947586641 0.03100000147242099 0.04797601327300072
0 0.6320000300183892 0.4985007629147731 0.03600000170990825 0.06146926700603217
0 0.6740000320132822 0.5142428922699764 0.03000000142492354 0.059970016591250896
0 0.703500033414457 0.5277361460030079 0.03100000147242099 0.06596701825037599
0 0.6735000319895335 0.6341829254524782 0.043000002042390406 0.07196401990950108
0 0.7500000356230885 0.5232383947586641 0.03200000151991844 0.06296851742081344
0 0.7880000374279916 0.5119940166478045 0.034000001614913344 0.06446776783559471
0 0.8680000412277877 0.5494752770173363 0.034000001614913344 0.06146926700603217
0 0.9265000440063886 0.5269865207956173 0.0390000018524006 0.07646177115384489
