0 0.1497197729186155 0.273361227940768 0.019215371925383806 0.041841004276648164
0 0.2081665291916579 0.4790794989676215 0.04163330583833158 0.07670850784052163
0 0.34147317192400806 0.22873082337900996 0.018414731428492814 0.03347280342131853
0 0.3783026347809937 0.23779637430561706 0.023218574409838766 0.040446304134093225
0 0.4055244116752874 0.23291492380667478 0.020016012422274798 0.041841004276648164
0 0.41192953565041535 0.20013947045663372 0.021617293416056782 0.03765690384898335
0 0.446357077016728 0.2231520228087902 0.020016012422274798 0.041841004276648164
0 0.4975980688177515 0.19246861967258155 0.02481985540362075 0.04463040456175804
0 0.5716573147801682 0.2531380758737214 0.027221776894293725 0.05439330555964261
0 0.6629303314257413 0.22594142309390008 0.019215371925383806 0.04463040456175804
0 0.7157726042205468 0.23291492380667478 0.02562049590051174 0.0502092051319778
0 0.7085668397485279 0.11785216204589233 0.017614090931601822 0.0432357044192031
0 0.599679732171353 0.10739191097673029 0.011208966956473887 0.0251046025659889
0 0.7666132757731248 0.11576011183205992 0.018414731428492814 0.03626220370642841
0 0.788630889437627 0.2921896798652597 0.02562049590051174 0.051603905274532735
0 0.8274619535368402 0.3779637386323884 0.03282626037253067 0.06973500712774694
0 0.9055244019837119 0.39260809012921527 0.030424338881857693 0.07670850784052163
0 0.9183346499339677 0.34100418485468253 0.02562049590051174 0.06276150641497225
0 0.891112873039674 0.31101813178975135 0.02562049590051174 0.06415620655752718
0 0.9311448978842236 0.2350069740205072 0.024019214906729758 0.04881450498942286
0 0.9167333689401858 0.29707113036420196 0.02562049590051174 0.06136680627241731
0 0.8815051870769821 0.22594142309390008 0.02081665291916579 0.04463040456175804
0 0.837870279996423 0.19665272010024637 0.018414731428492814 0.04463040456175804
0 0.8626901354000438 0.1596931663225405 0.013610888447146863 0.026499302708543837
0 0.9023218399961479 0.18270571867469698 0.01601280993781984 0.03347280342131853
