0 0.6670212554745376 0.24201277527026832 0.021276595070958138 0.04313098965212703
0 0.5010638139210641 0.32268370036035776 0.02765957359224558 0.05111820995807648
0 0.5388297701720148 0.3218849783297628 0.026595743838697672 0.04632587777450681
0 0.5191489197313786 0.29073481913655996 0.02340425457805395 0.03514376934617758
0 0.5414893445558846 0.28194887680001557 0.01702127605676651 0.03674121340736747
0 0.31489360705018044 0.3514376934617758 0.048936168663203716 0.08626197930425406
0 0.22819148213602602 0.3674121340736747 0.06702127447351813 0.1118210842832923
0 0.07925531663931906 0.4161341779399663 0.11382978362962604 0.17092651454731822
0 0.10106382658705115 0.32428114442154765 0.0617021257057786 0.08945686742663383
0 0.018085105810314417 0.3123003139626235 0.03404255211353302 0.10702875209972262
0 0.023936169454827905 0.2507987176068127 0.03723404137417674 0.060702874325215816
0 0.06329787033610046 0.24440894136205316 0.028723403345793486 0.0479233218356967
0 0.039361700881272554 0.23402555496431887 0.02340425457805395 0.04952076589688659
0 0.0696808488573879 0.21884983638301492 0.02021276531741023 0.03514376934617758
0 0.10319148609414697 0.2715654904022813 0.03404255211353302 0.05750798620283604
0 0.14148935722187161 0.2731629344634712 0.02765957359224558 0.05431309808045626
0 0.1531914845108986 0.24281149730086327 0.019148935563862324 0.04153354559093714
0 0.1303191448096186 0.24760382948443294 0.02021276531741023 0.04153354559093714
0 0.11063829436898232 0.24201277527026832 0.02340425457805395 0.03354632528498769
0 0.17393616470508277 0.24440894136205316 0.018085105810314417 0.03833865746855736
0 0.1952127597760409 0.24920127354562283 0.024468084331601858 0.04472843371331692
0 0.22712765238247812 0.26597443618811667 0.026595743838697672 0.04313098965212703
0 0.2617021193727851 0.304313093656674 0.029787233099341393 0.05271565401926637
0 0.28297871444374323 0.27795526664704084 0.021276595070958138 0.03514376934617758
0 0.30797871365211904 0.2739616564940661 0.02021276531741023 0.03674121340736747
0 0.32180850044824183 0.2971245953813195 0.024468084331601858 0.03833865746855736
0 0.33989360625855625 0.30990414787083864 0.018085105810314417 0.05431309808045626
0 0.354255307931453 0.2859424869529903 0.021276595070958138 0.04472843371331692
0 0.3675531798508018 0.26038338197395205 0.01382978679612279 0.02875399310141802
0 0.38191488152369857 0.2627795480657369 0.012765957042574883 0.02715654904022813
0 0.39574466831982136 0.26916932431049645 0.01702127605676651 0.03354632528498769
0 0.3813829666469246 0.2963258733507246 0.018085105810314417 0.030351437162607908
0 0.41170211462303996 0.2947284292895347 0.02340425457805395 0.04313098965212703
0 0.42446807166561484 0.3266773105133325 0.01702127605676651 0.03674121340736747
0 0.4281914758030325 0.27476037852466106 0.011702127289026976 0.0319488812237978
0 0.44255317747592926 0.2787539886776358 0.012765957042574883 0.03354632528498769
0 0.45425530476495624 0.28514376492239535 0.01702127605676651 0.03674121340736747
0 0.4648936023004353 0.27955271070823073 0.014893616549670696 0.0319488812237978
0 0.479787218850106 0.27076676837168634 0.012765957042574883 0.02715654904022813
0 0.4898936015088111 0.28833865304477513 0.011702127289026976 0.02396166091784835
0 0.5015957287978381 0.28514376492239535 0.015957446303218603 0.03993610152974725
0 0.33510637236759067 0.25638977182097733 0.01702127605676651 0.03354632528498769
0 0.3175531814340502 0.24600638542324305 0.015957446303218603 0.03514376934617758
0 0.28510637395083904 0.24121405323967338 0.01702127605676651 0.0159744406118989
0 0.27234041690826416 0.24201277527026832 0.01702127605676651 0.02396166091784835
0 0.25638297060504556 0.2436102193314582 0.02340425457805395 0.030351437162607908
0 0.2388297796715051 0.24041533120907843 0.015957446303218603 0.02396166091784835
