0 0.39784052211325616 0.20657277293503284 0.038205979159101844 0.05164319323375821
0 0.30066444468684494 0.35915493476204574 0.039867108687758446 0.07511737197637558
0 0.32308969332370907 0.3485915543278679 0.03488372010178864 0.0633802826050669
0 0.2533222531201318 0.3802816956304014 0.05481727444566786 0.0704225362278521
0 0.1677740823943168 0.4119718369329348 0.06644518114626408 0.09624413284473121
0 0.20182723773177713 0.3532863900763914 0.04485049727372825 0.06807511835359037
0 0.15033222234342247 0.3427230096422136 0.04485049727372825 0.0704225362278521
0 0.0930232536047697 0.3873239492531866 0.05315614491701126 0.08450704347342253
0 0.07724252308253199 0.48591549997217953 0.0913621240761131 0.1408450724557042
0 0.02574750769417733 0.40023474756162614 0.04485049727372825 0.10563380434177816
0 0.5456810501636937 0.3650234794477001 0.05149501538835466 0.07746478985063732
0 0.5490033092210069 0.4377934335498139 0.07475082878954709 0.133802818832919
0 0.6162790551315993 0.4495305229211226 0.07308969926089048 0.12910798308439553
0 0.7068106144433841 0.4823943731607869 0.10132890124805272 0.16197183332405984
0 0.6976744020357728 0.40023474756162614 0.05315614491701126 0.08215962559916079
0 0.6644518114626408 0.3650234794477001 0.03654484963044524 0.06807511835359037
0 0.8330564586212859 0.6643192584160715 0.13787375087849796 0.21126760868355632
0 0.8563122720224783 0.42253521736711264 0.07142856973223388 0.1267605652101338
0 0.9767441628500819 0.48943662678357214 0.04651162680238485 0.133802818832919
0 0.9775747276144102 0.39201878500171006 0.04152823821641505 0.08450704347342253
