1 0.39500000956468284 0.2437185903545469 0.09000000217929482 0.1658291439525783
1 0.5116666790563613 0.17336683231405914 0.07000000169500709 0.13567839050665498
1 0.6483333490323275 0.17336683231405914 0.05000000121071935 0.08542713476344943
1 0.7250000175554305 0.20351758575998247 0.076666668523103 0.1457286416552961
1 0.7833333523012698 0.24120602756738663 0.033333334140479565 0.06030150689184666
1 0.845000020461157 0.23618090199306607 0.03666666755452752 0.07035175804048777
1 0.8900000215508044 0.23115577641874552 0.06666666828095913 0.15075376722961664
1 0.09500000230036676 0.10552763706073165 0.1833333377726376 0.2010050229728222
0 0.10833333595655859 0.3190954739693552 0.21000000508502126 0.2663316554389894
0 0.2383333391044289 0.23618090199306607 0.030000000726431608 0.04020100459456444
1 0.28833334031514823 0.2211055252701044 0.023333333898335695 0.04020100459456444
0 0.9433333561755717 0.3643216041382402 0.11333333607763052 0.688442203681916
