1 0.4656250069383532 0.4805555671919137 0.037500000558793545 0.07777777966111898
1 0.5453125081257895 0.5666666803881526 0.059375000884756446 0.11666666949167848
1 0.6359375094762072 0.5069444567197934 0.06875000102445483 0.1305555587168783
1 0.6976562603958882 0.5236111237900332 0.05781250086147338 0.09722222457639873
1 0.7992187619092874 0.538888901937753 0.08281250123400241 0.15555555932223797
1 0.8414062625379302 0.5041666788747534 0.04218750062864274 0.09722222457639873
1 0.8703125129686669 0.5222222348675132 0.037500000558793545 0.06666666828095913
1 0.9054687634925358 0.5652777914656326 0.03593750053551048 0.08055555750615895
1 0.9460937640978955 0.5444444576278329 0.051562500768341124 0.10555555811151862
1 0.9796875145984814 0.538888901937753 0.040625000605359674 0.11111111380159855
