1 0.48400002298876643 0.5127118653617799 0.06800000322982669 0.09322033915668726
1 0.4560000216588378 0.5338983060792089 0.04000000189989805 0.07344632782042027
1 0.5680000269785523 0.511299435980618 0.06400000303983688 0.07909604534506798
1 0.6680000317282975 0.5296610179357231 0.0720000034198165 0.09322033915668726
1 0.7260000344831496 0.5028248596936464 0.04800000227987766 0.05649717524647713
1 0.7340000348631293 0.5466101705096662 0.05600000265985727 0.07627118658274412
1 0.7950000377604738 0.5564971761777997 0.06200000294484198 0.07909604534506798
1 0.9160000435076654 0.5494350292719901 0.06800000322982669 0.08757062163203955
0 0.05200000246986747 0.5367231648415327 0.0720000034198165 0.10734463296830654
0 0.15900000755209476 0.5282485885545611 0.026000001234933734 0.03954802267253399
0 0.1970000093569979 0.5451977411285043 0.026000001234933734 0.03954802267253399
0 0.24800001177936792 0.5324858766980469 0.028000001329928637 0.042372881434857845
0 0.29300001391675323 0.5466101705096662 0.034000001614913344 0.05367231648415327
0 0.3530000167666003 0.5833333344198763 0.042000001994892955 0.0649717515334487
0 0.8700000413227826 0.5536723174154758 0.06800000322982669 0.10169491544365883
