1 0.5090000241762027 0.2743902336806059 0.09400000446476042 0.1463414579629898
1 0.740000035148114 0.4786585187539458 0.20000000949949026 0.2987804766744375
0 0.1910000090720132 0.5060975421220064 0.20200000959448516 0.335365841165185
0 0.050000002374872565 0.22865852806717157 0.09600000455975533 0.15243901871144772
0 0.2500000118743628 0.2271341378800571 0.04400000208988786 0.08231707010418177
0 0.2870000136317685 0.31097559817135334 0.058000002754852176 0.11585365422070026
0 0.882000041892752 0.15701218927279115 0.06000000284984708 0.11280487384647131
0 0.9680000459775329 0.09451219160109758 0.05200000246986747 0.12195121496915817
0 0.8080000383779407 0.12804877571761608 0.05200000246986747 0.09146341122686863
0 0.7760000368580222 0.1067073130980134 0.02400000113993883 0.060975607484579086
0 0.7260000344831496 0.09908536216244102 0.05600000265985727 0.08841463085263968
0 0.636000030208379 0.15243901871144772 0.04000000189989805 0.067073168233037
0 0.6040000286884606 0.2804877944290638 0.08400000398978591 0.12804877571761608
0 0.5620000266935676 0.11128048365935683 0.03200000151991844 0.06402438785880804
0 0.5360000254586339 0.12195121496915817 0.02400000113993883 0.04878048598766327
0 0.4990000237012282 0.12195121496915817 0.026000001234933734 0.04878048598766327
0 0.6030000286409631 0.14176828740164638 0.02200000104494393 0.05182926636189222
0 0.21200001006945968 0.19817072432488203 0.03600000170990825 0.04878048598766327
0 0.3330000158166513 0.17073170095682144 0.04600000218488276 0.08536585047841072
0 0.43600002070888877 0.15243901871144772 0.06000000284984708 0.11585365422070026
0 0.3820000181440264 0.1326219462789595 0.03600000170990825 0.05792682711035013
0 0.2500000118743628 0.11128048365935683 0.04000000189989805 0.05182926636189222
0 0.19400000921450555 0.12957316590473056 0.01600000075995922 0.0335365841165185
0 0.21500001021195203 0.13567072665318847 0.014000000664964318 0.02743902336806059
0 0.19800000940449536 0.15548779908567667 0.01600000075995922 0.024390242993831635
0 0.34400001633912325 0.11737804440781474 0.020000000949949026 0.02743902336806059
0 0.6920000328682363 0.14329267758876085 0.028000001329928637 0.05487804673612118
0 0.6540000310633332 0.134146336466074 0.03200000151991844 0.060975607484579086
