1 0.08545454603154212 0.38956311042420566 0.05454545491375029 0.0849514571018517
1 0.16090909199556336 0.37864078022539616 0.04909090942237526 0.07281553465873003
1 0.22090909240068868 0.37500000349245965 0.04181818210054189 0.06553398119285703
1 0.28181818372104317 0.39077670266851783 0.04000000027008355 0.06310679670423269
1 0.3545454569393769 0.4029126251116395 0.032727272948250175 0.053398058749735355
1 0.4372727302252315 0.3725728190038353 0.03090909111779183 0.05582524323835969
1 0.5045454579521902 0.38956311042420566 0.03090909111779183 0.06067961221560836
1 0.5600000037811697 0.3834951492026448 0.032727272948250175 0.06310679670423269
1 0.6400000043213367 0.3616504888050258 0.032727272948250175 0.053398058749735355
1 0.6600000044563785 0.39320388715714216 0.032727272948250175 0.058252427726984024
1 0.7045454593026079 0.3834951492026448 0.038181818439625204 0.07281553465873003
1 0.7854545507580042 0.39805825613439083 0.04727272759191692 0.0776699036359787
1 0.8818181877722964 0.3398058284074068 0.050909091252833605 0.0776699036359787
1 0.9290909153642133 0.38228155695833266 0.04000000027008355 0.05582524323835969
