1 0.28486646711826324 0.3222222300246358 0.18397626001387835 0.20444444939494133
1 0.6810088979545981 0.30888889636844397 0.21068249130621552 0.19555556029081345
1 0.8026706182863563 0.21888889418914914 0.18100890098139644 0.20222222711890936
1 0.9065281844232231 0.22444444987922907 0.11572700226679444 0.15555555932223797
1 0.05637982161715627 0.30222222954034805 0.10682492516934872 0.17333333753049374
1 0.20771513227373362 0.21222222736105323 0.1661721058189869 0.153333337046206
1 0.12908011791296303 0.2077777828089893 0.12166172033175826 0.153333337046206
1 0.45994065003469586 0.2688888953998685 0.18991097807884216 0.17333333753049374
1 0.5771513318177313 0.20222222711890936 0.17507418291643262 0.16444444842636585
1 0.4302670597098768 0.14111111452803016 0.14243323355913162 0.12666666973382235
1 0.25222551776096225 0.15666667046025395 0.130563797429204 0.11777778062969446
1 0.7388723990879953 0.057777779176831245 0.10682492516934872 0.08000000193715096
1 0.04302670597098768 0.16666667070239782 0.08011869387701154 0.10222222469747066
1 0.9584569674916565 0.19555556029081345 0.08308605290949345 0.1600000038743019
1 0.3813056356739253 0.07111111283302307 0.10385756613686681 0.08888889104127884
1 0.8397626061923802 0.09555555786937475 0.1008902071043849 0.10222222469747066
0 0.09198813000693917 0.0611111125908792 0.07121661677956581 0.060000001452863216
0 0.28189910808578134 0.03444444527849555 0.059347180649638176 0.04666666779667139
1 0.4777448042295873 0.055555556900799274 0.07715133484452963 0.057777779176831245
