1 0.07196969469077885 0.5520000262185931 0.04393939254805446 0.06400000303983688
1 0.14469696511514485 0.5420000257436186 0.04696969548240304 0.06400000303983688
1 0.1075757541693747 0.5110000242711976 0.036363635212183 0.05400000256486237
1 0.20151514513418078 0.5630000267410651 0.03939393814653158 0.06600000313483179
1 0.2446969619486481 0.5260000249836594 0.03484848374500871 0.06400000303983688
1 0.3575757462531328 0.5490000260761008 0.04545454401522875 0.07000000332482159
1 0.44090907694771886 0.51400002441369 0.04545454401522875 0.0720000034198165
1 0.5280302863102406 0.545000025886111 0.040909089613705873 0.07000000332482159
1 0.6022727082017809 0.5320000252686441 0.040909089613705873 0.0760000036098063
1 0.7098484623711556 0.5290000251261517 0.04696969548240304 0.0780000037048012
1 0.8166666408069432 0.5310000252211466 0.04848484694957733 0.08600000408478081
1 0.924999970709905 0.5190000246511772 0.053030301351100206 0.0780000037048012
1 0.3075757478363812 0.5280000250786543 0.03939393814653158 0.06400000303983688
1 0.37272726092487574 0.51400002441369 0.033333332277834415 0.05600000265985727
1 0.5863636177964509 0.5170000245561823 0.033333332277834415 0.06600000313483179
1 0.6946969476994127 0.534000025363639 0.040909089613705873 0.0760000036098063
