1 0.8690000412752852 0.27333333040587604 0.0740000035148114 0.10933333216235042
1 0.6390000303508714 0.2519999973010272 0.050000002374872565 0.08799999905750155
1 0.5840000277385116 0.3039999967440963 0.05600000265985727 0.09599999897181988
1 0.5420000257436186 0.24799999734386802 0.03600000170990825 0.0693333325907588
1 0.5620000266935676 0.2693333304487169 0.03200000151991844 0.06399999931454659
1 0.4700000223238021 0.31866666325367987 0.0720000034198165 0.1039999988861382
1 0.5190000246511772 0.3119999966584146 0.05400000256486237 0.10133333224803209
1 0.3570000169565901 0.2853333302773535 0.0780000037048012 0.12799999862909317
1 0.4270000202814117 0.27333333040587604 0.042000001994892955 0.07199999922886491
1 0.29300001391675323 0.271999997086823 0.058000002754852176 0.09599999897181988
1 0.2320000110194087 0.31866666325367987 0.09600000455975533 0.14666666509583592
1 0.14900000707712024 0.28399999695830047 0.07000000332482159 0.10933333216235042
1 0.041000001947395504 0.2773333303630352 0.0780000037048012 0.13333333190530539
1 0.6700000318232924 0.27866666368208826 0.028000001329928637 0.06666666595265269
0 0.9560000454075634 0.25333333062008023 0.04400000208988786 0.07466666586697102
0 0.9070000430801883 0.24799999734386802 0.034000001614913344 0.06399999931454659
0 0.7170000340556726 0.24933333066292107 0.042000001994892955 0.06133333267644048
0 0.7730000367155299 0.25599999725818634 0.026000001234933734 0.04266666620969772
