1 0.5350000254111364 0.5780780920758843 0.034000001614913344 0.057057058438658714
0 0.6490000308258459 0.5780780920758843 0.034000001614913344 0.057057058438658714
0 0.49600002355873585 0.710210227407515 0.028000001329928637 0.051051052287220955
1 0.4950000235112384 0.672672688961029 0.03000000142492354 0.048048049211502075
0 0.4780000227037817 0.5195195320993662 0.02400000113993883 0.048048049211502075
0 0.5590000265510753 0.44594595674425364 0.02200000104494393 0.045045046135783195
0 0.811000038520433 0.1351351384073496 0.018000000854954123 0.030030030757188797
0 0.6970000331057236 0.16066066455096006 0.014000000664964318 0.027027027681469917
0 0.6740000320132822 0.15915916301310062 0.01600000075995922 0.030030030757188797
0 0.6640000315383077 0.13663663994520903 0.01600000075995922 0.027027027681469917
0 0.7080000336281955 0.15015015378594398 0.012000000569969416 0.024024024605751038
0 0.7350000349106267 0.19669670145958662 0.014000000664964318 0.027027027681469917
0 0.7220000342931598 0.20120120607316494 0.012000000569969416 0.024024024605751038
0 0.5890000279759988 0.21171171683818102 0.014000000664964318 0.021021021530032158
0 0.576000027358532 0.2072072122246027 0.012000000569969416 0.024024024605751038
0 0.5620000266935676 0.2072072122246027 0.012000000569969416 0.024024024605751038
0 0.523000024841167 0.20570571068674326 0.014000000664964318 0.027027027681469917
0 0.5090000241762027 0.21921922452747822 0.014000000664964318 0.024024024605751038
0 0.483000022941269 0.24174174759536982 0.014000000664964318 0.021021021530032158
0 0.48600002308376133 0.21621622145175934 0.01600000075995922 0.024024024605751038
0 0.4560000216588378 0.17567567992955446 0.01600000075995922 0.03303303383290768
0 0.46700002218130976 0.1696696737781167 0.014000000664964318 0.027027027681469917
1 0.4150000197114423 0.14864865224808455 0.02200000104494393 0.039039039984345436
0 0.30700001458171755 0.1396396430209279 0.010000000474974513 0.021021021530032158
0 0.37700001790653914 0.20270270761102438 0.014000000664964318 0.027027027681469917
0 0.49000002327375114 0.18018018454313278 0.01600000075995922 0.024024024605751038
0 0.48200002289377153 0.18918919377028942 0.012000000569969416 0.024024024605751038
0 0.574000027263537 0.13663663994520903 0.012000000569969416 0.021021021530032158
0 0.574000027263537 0.11861862149089575 0.012000000569969416 0.021021021530032158
0 0.6450000306358561 0.19069069530814886 0.014000000664964318 0.027027027681469917
0 0.26800001272931695 0.060060061514377594 0.01600000075995922 0.030030030757188797
