1 0.26000001234933734 0.2727272640913725 0.04400000208988786 0.11818181443959475
1 0.3260000154841691 0.2659090824890882 0.04000000189989805 0.11363636003807187
1 0.3820000181440264 0.5204545289743692 0.04000000189989805 0.11363636003807187
1 0.4700000223238021 0.4931818025652319 0.04000000189989805 0.11363636003807187
1 0.5410000256961212 0.48409089376218617 0.042000001994892955 0.11363636003807187
1 0.39500001876149327 0.2681818096898496 0.03800000180490315 0.109090905636549
1 0.4560000216588378 0.2659090824890882 0.03600000170990825 0.11363636003807187
1 0.5440000258386135 0.24772726488299668 0.04000000189989805 0.11363636003807187
1 0.6130000291159377 0.27045453689061105 0.03800000180490315 0.12272726884111762
1 0.6690000317757949 0.2249999928753823 0.034000001614913344 0.09545454243198037
1 0.7570000359555706 0.19318181206472218 0.03800000180490315 0.10454545123502612
0 0.17800000845454633 0.561363618588075 0.04400000208988786 0.12272726884111762
0 0.07100000337231904 0.2727272640913725 0.042000001994892955 0.11818181443959475
0 0.17700000840704888 0.29545453609898686 0.042000001994892955 0.11818181443959475
0 0.8360000397078693 0.2068181752692908 0.03600000170990825 0.09545454243198037
0 0.9230000438401476 0.19090908486396074 0.03800000180490315 0.109090905636549
