1 0.7024353187298402 0.8546603583963588 0.12024353235028684 0.2622432892676443
1 0.8196347110206261 0.8443917958647944 0.13850837270729244 0.27646129892673343
1 0.9406392783857882 0.8878357142675668 0.10958904214203358 0.20221169292926788
1 0.32496195135172457 0.8475513535668142 0.24505327478982508 0.28278041433077306
1 0.6027397317811847 0.8056872140150517 0.10958904214203358 0.19905213522724807
0 0.6171993970638141 0.600315963383764 0.04718417092226446 0.08530805795453489
0 0.8729071620618924 0.44628752541029826 0.03196347062475979 0.045813586679287255
0 0.8196347110206261 0.44628752541029826 0.02891933056525886 0.045813586679287255
0 0.5471841756952927 0.43443918402772397 0.02891933056525886 0.03791469242423773
0 0.9353120332816616 0.5197472419822589 0.09284627181477845 0.13902053888887167
0 0.8196347110206261 0.5142180160037242 0.06544901127927005 0.09320695220958441
1 0.7420091395033523 0.5260663573862985 0.14764079288579524 0.21484992373734713
