1 0.023749999469146132 0.26254180388059467 0.042499999050050974 0.08361203945241868
1 0.03249999927356839 0.2558528407244012 0.0549999987706542 0.09698996576480567
1 0.10124999773688614 0.2591973223024979 0.047499998938292265 0.09030100260861218
1 0.17124999617226422 0.2474916367791593 0.047499998938292265 0.09364548418670893
1 0.14624999673105776 0.25083611835725605 0.03249999927356839 0.07357859471812844
1 0.2087499953340739 0.2792642117710784 0.03749999916180968 0.07692307629622519
1 0.23749999469146132 0.26254180388059467 0.03999999910593033 0.0702341131400317
1 0.28374999365769327 0.26254180388059467 0.042499999050050974 0.07692307629622519
1 0.31624999293126166 0.26421404466964304 0.0274999993853271 0.06020066840574145
1 0.3474999922327697 0.2876254157163203 0.03999999910593033 0.07357859471812844
1 0.3737499916460365 0.27090300782583654 0.03749999916180968 0.06688963156193495
1 0.40374999097548425 0.2976588604506105 0.03749999916180968 0.06688963156193495
1 0.43624999024905264 0.29598661966156214 0.03749999916180968 0.0635451499838382
1 0.46874998952262104 0.2876254157163203 0.03249999927356839 0.06688963156193495
1 0.4899999890476465 0.30100334202870727 0.03499999921768904 0.06688963156193495
1 0.5362499880138785 0.32608695386443287 0.06249999860301614 0.09698996576480567
1 0.4987499888520688 0.25083611835725605 0.0274999993853271 0.033444815780967474
1 0.584999986924231 0.2725752486148849 0.029999999329447746 0.056856186827644706
1 0.6199999861419201 0.28428093413822353 0.03999999910593033 0.06020066840574145
1 0.6837499847169966 0.3060200643958524 0.03249999927356839 0.056856186827644706
1 0.7187499839346856 0.30267558281775564 0.03749999916180968 0.056856186827644706
1 0.789999982342124 0.2742474894039333 0.06999999843537807 0.11371237365528941
1 0.8812499803025275 0.2993311012396589 0.047499998938292265 0.0635451499838382
1 0.8562499808613211 0.30769230518490076 0.0274999993853271 0.05351170524954796
1 0.9374999790452421 0.32107023149728775 0.04499999899417162 0.07357859471812844
1 0.9812499780673534 0.3244147130753845 0.03749999916180968 0.07357859471812844
