1 0.26500000641681254 0.512793189031072 0.07000000169500709 0.09594882954843342
1 0.10583333589602262 0.5213219738798216 0.021666667191311717 0.03198294318281114
1 0.030833334079943597 0.5117270909249783 0.01833333377726376 0.025586354546248913
1 0.04500000108964741 0.5298507587285712 0.013333333656191826 0.023454158334061503
1 0.152500003692694 0.5266524644102901 0.008333333535119891 0.012793177273124456
1 0.17416667088400573 0.5202558757737279 0.008333333535119891 0.012793177273124456
1 0.19416667136829346 0.5223880719859153 0.008333333535119891 0.012793177273124456
1 0.9875000239117071 0.5426439360016957 0.015000000363215804 0.023454158334061503
0 0.32500000786967576 0.5181236795615405 0.02000000048428774 0.02985074697062373
0 0.44833334418945014 0.5106609928188846 0.02000000048428774 0.03198294318281114
0 0.4841666783904657 0.5138592871371657 0.01833333377726376 0.025586354546248913
0 0.5116666790563613 0.5490405246382579 0.016666667070239782 0.027718550758436322
0 0.540000013075769 0.5213219738798216 0.02000000048428774 0.03624733560718596
0 0.615000014891848 0.5437100341077894 0.023333333898335695 0.03837953181937337
0 0.6250000151339918 0.5277185625163838 0.02000000048428774 0.027718550758436322
0 0.6025000145891681 0.5202558757737279 0.01833333377726376 0.025586354546248913
