1 0.46166667784564197 0.549107167404145 0.12333333631977439 0.18750000838190317
1 0.36333334213122725 0.5513393103610724 0.09333333559334278 0.13839286332949996
1 0.06333333486691117 0.602678598370403 0.11333333607763052 0.1785714365541935
1 0.10500000254251063 0.5178571660071611 0.076666668523103 0.11607143376022577
1 0.8966666883789003 0.5178571660071611 0.08666666876524687 0.13392857741564512
1 0.7533333515748382 0.49776787939481437 0.06666666828095913 0.10267857601866126
1 0.7183333507273346 0.45758930617012084 0.043333334382623434 0.07589286053553224
1 0.6650000161025673 0.47098216391168535 0.05666666803881526 0.08482143236324191
1 0.6183333483058959 0.4665178779978305 0.05000000121071935 0.08482143236324191
1 0.5683333470951766 0.45982144912704825 0.043333334382623434 0.05357143096625805
1 0.17166667082346976 0.38839287450537086 0.043333334382623434 0.06250000279396772
1 0.4283333437051624 0.41071430407464504 0.030000000726431608 0.044642859138548374
1 0.46166667784564197 0.43303573364391923 0.030000000726431608 0.05357143096625805
1 0.49333334527909756 0.43526787660084665 0.02666666731238365 0.04017857322469354
1 0.5216666792985052 0.43750001955777407 0.03666666755452752 0.044642859138548374
1 0.3966666762717068 0.41071430407464504 0.02000000048428774 0.0357142873108387
1 0.5166666791774333 0.37500001676380634 0.02000000048428774 0.026785715483129025
1 0.4650000112596899 0.3683035878930241 0.016666667070239782 0.022321429569274187
0 0.5783333473373204 0.3482143012806773 0.023333333898335695 0.044642859138548374
0 0.7933333525434136 0.48437502165324986 0.0533333346247673 0.08482143236324191
0 0.5316666795406491 0.25892858300358057 0.023333333898335695 0.026785715483129025
