1 0.07990867656189948 0.4526066408143379 0.07153729139827192 0.07740916369948536
1 0.215372909209691 0.44154818885726854 0.06849315133877099 0.06477093289140612
1 0.3143074611434713 0.451026861963328 0.06240487121976912 0.07424960599746555
1 0.4261796083301306 0.44312796770827845 0.060882801190018654 0.06161137518938631
1 0.8462709365412593 0.5560821555554867 0.29223744571208954 0.28436019318178296
1 0.8120243608718738 0.20458136120578274 0.1263318124692887 0.18167456786613911
1 0.9535768736386672 0.17456556303659454 0.09284627181477845 0.11216429842170328
1 0.37290715728886425 0.3120063230744563 0.01217656023800373 0.014218009659089148
1 0.3485540368128568 0.3025276499683969 0.01217656023800373 0.014218009659089148
1 0.33181126648560166 0.3072669865214266 0.01217656023800373 0.014218009659089148
1 0.31126332108397037 0.3041074288194068 0.013698630267754197 0.01737756736110896
