1 0.4441666774218902 0.48245613754261285 0.37833334249444306 0.6390977406408638
1 0.14166667009703815 0.680451123858802 0.10333333583548665 0.19298245501704514
1 0.008333333535119891 0.7130325773032382 0.013333333656191826 0.04260651604272425
1 0.012500000302679837 0.7017543818801641 0.021666667191311717 0.04010025039315224
1 0.09500000230036676 0.7142857101280242 0.016666667070239782 0.055137844290584326
1 0.20250000490341336 0.7305764368502423 0.041666667675599456 0.07268170383758843
1 0.229166672215797 0.7243107727263123 0.031666667433455586 0.06516290688887239
1 0.25583333952818066 0.7205513742519543 0.021666667191311717 0.04761904734186828
1 0.2825000068405643 0.7205513742519543 0.03500000084750354 0.0676691725384444
1 0.5775000139838085 0.7280701712006703 0.041666667675599456 0.08270676643587649
1 0.6366666820831597 0.7167919757775962 0.033333334140479565 0.06516290688887239
1 0.7125000172527507 0.7167919757775962 0.025000000605359674 0.055137844290584326
1 0.8266666866838932 0.6929824521066621 0.04666666779667139 0.07769423513673246
1 0.8775000212481245 0.7005012490553781 0.025000000605359674 0.04260651604272425
1 0.8991666884394363 0.7042606475297362 0.021666667191311717 0.04511278169229627
1 0.9808333570836112 0.6992481162305921 0.031666667433455586 0.055137844290584326
1 0.8566666874103248 0.679197991034016 0.023333333898335695 0.050125312991440296
1 0.9291666891658679 0.7005012490553781 0.02833333401940763 0.04761904734186828
0 0.6741666829911992 0.7092731788288802 0.025000000605359674 0.04511278169229627
