1 0.2548828125 0.33923303708434105 0.076171875 0.13569321483373642
1 0.1767578125 0.7577433600090444 0.1083984375 0.18657817039638758
1 0.098388671875 0.6998525047674775 0.08544921875 0.14454277232289314
1 0.014892578125 0.4476401163265109 0.02880859375 0.11799409985542297
1 0.37255859375 0.3702064882963896 0.08203125 0.14454277232289314
1 0.51171875 0.3451327420771122 0.095703125 0.17699114978313446
1 0.365478515625 0.9159292001277208 0.14208984375 0.16814159229397774
0 0.73681640625 0.34107669489458203 0.0927734375 0.15117994043976068
0 0.687255859375 0.35029498394578695 0.05615234375 0.1253687310963869
0 0.954345703125 0.5468289065174758 0.09130859375 0.16740412916988134
0 0.564453125 0.370943951420486 0.0673828125 0.12094395235180855
0 0.459228515625 0.344764010515064 0.03857421875 0.0921828905120492
1 0.37158203125 0.37205014610663056 0.0849609375 0.15265486668795347
0 0.288330078125 0.3668879042379558 0.03271484375 0.04793510306626558
