1 0.9349999791011214 0.4650000112596899 0.029999999329447746 0.03666666755452752
1 0.4512499899137765 0.4900000118650496 0.01749999960884452 0.033333334140479565
1 0.44124999013729393 0.48000001162290573 0.01749999960884452 0.02666666731238365
1 0.3849999913945794 0.4900000118650496 0.019999999552965164 0.033333334140479565
1 0.07874999823980033 0.4966666786931455 0.01749999960884452 0.02666666731238365
1 0.024999999441206455 0.5000000121071935 0.024999999441206455 0.033333334140479565
1 0.09499999787658453 0.5066666789352894 0.014999999664723873 0.02666666731238365
1 0.34249999234452844 0.4916666785720736 0.019999999552965164 0.030000000726431608
1 0.21249999525025487 0.5000000121071935 0.019999999552965164 0.033333334140479565
1 0.2312499948311597 0.5100000123493373 0.02249999949708581 0.033333334140479565
0 0.5199999883770943 0.4983333454001695 0.014999999664723873 0.030000000726431608
