1 0.5145454580197111 0.6089918171055615 0.021818181965500116 0.03542234282940626
1 0.4409090938861482 0.6089918171055615 0.02363636379595846 0.03542234282940626
0 0.3927272753790021 0.5790190654806793 0.01818181830458343 0.02452316042035818
1 0.42272727558156475 0.5722070764750242 0.02363636379595846 0.03269754722714424
0 0.37454545707441866 0.5749318720772862 0.014545454643666744 0.02179836481809616
1 0.3572727296850644 0.5708446786738932 0.020000000135041773 0.02997275162488222
0 0.36272727517643943 0.5163487666286528 0.012727272813208401 0.02452316042035818
0 0.4790909123257734 0.47002724139019847 0.012727272813208401 0.01907356921583414
0 0.938181824516505 0.34741143928840756 0.02909090928733349 0.05722070764750242
0 0.9600000064820051 0.3542234282940626 0.03636363660916686 0.04904632084071636
0 0.9609090973972343 0.3215258810669184 0.016363636474125087 0.0272479560226202
0 0.9745454611256719 0.31607628986239433 0.01818181830458343 0.0272479560226202
0 0.8872727332636714 0.3528610304929316 0.021818181965500116 0.0408719340339303
0 0.9090909152291715 0.3623978151008487 0.014545454643666744 0.03269754722714424
0 0.9136363698053174 0.3419618480838835 0.020000000135041773 0.03542234282940626
0 0.8527272784849629 0.3678474063053727 0.021818181965500116 0.03269754722714424
0 0.8390909147565253 0.3651226107031107 0.016363636474125087 0.03269754722714424
0 0.7945454599102959 0.3828337821178138 0.021818181965500116 0.02997275162488222
0 0.805454550893046 0.46866484358906746 0.021818181965500116 0.03814713843166828
0 0.8209090964519419 0.36103541729971766 0.020000000135041773 0.03542234282940626
0 0.8672727331286296 0.35967301949858665 0.01818181830458343 0.0272479560226202
