1 0.4375000105937943 0.4044444542378187 0.061666668159887195 0.10222222469747066
1 0.4841666783904657 0.41666667675599456 0.05500000133179128 0.08222222421318293
1 0.7541666849283502 0.38777778716757894 0.06833333498798311 0.09555555786937475
1 0.3541666752425954 0.4277777881361544 0.051666667917743325 0.09111111331731081
0 0.5608333469135687 0.4077777876518667 0.041666667675599456 0.06444444600492716
0 0.5208333459449932 0.41777778789401054 0.0383333342615515 0.06666666828095913
0 0.02916666737291962 0.457777788862586 0.05500000133179128 0.11111111380159855
0 0.6366666820831597 0.4133333433419466 0.043333334382623434 0.07111111283302307
0 0.6758333496982232 0.41666667675599456 0.031666667433455586 0.055555556900799274
0 0.9616666899528354 0.41777778789401054 0.04666666779667139 0.057777779176831245
0 0.9283333558123559 0.40111112082377076 0.043333334382623434 0.0688888905569911
0 0.5841666808119044 0.41000000992789865 0.02833333401940763 0.04666666779667139
