1 0.6285714218392968 0.17872339859604836 0.03714285674504936 0.059574466198682785
1 0.4071428527822718 0.6031914702616632 0.042857142398133874 0.06595744471997023
1 0.08928571332944557 0.14148935722187161 0.03571428533177823 0.0617021257057786
1 0.1271428557811305 0.09999999683350325 0.0342857139185071 0.07234042324125767
1 0.16571428393945098 0.12978722993284464 0.03142857109196484 0.059574466198682785
1 0.4292857096879743 0.09787233732640743 0.03857142815832049 0.059574466198682785
0 0.21214285487076268 0.5414893445558846 0.044285713811405 0.08297872077673674
0 0.06428571359720081 0.47234041057527065 0.042857142398133874 0.06808510422706604
0 0.18214285519206896 0.31489360705018044 0.03285714250523597 0.06808510422706604
0 0.20642856921767816 0.25425531109794974 0.03571428533177823 0.0617021257057786
0 0.18714285513851792 0.2319148862734437 0.03142857109196484 0.05106382817029953
0 0.18999999796506017 0.1563829737715423 0.0342857139185071 0.053191487677395344
0 0.6149999934132211 0.12659574067220092 0.027142856852151453 0.048936168663203716
