0 0.9417211103136651 0.23786408273736015 0.018518518074415624 0.04077669989783317
0 0.7363834246061742 0.2252427232451737 0.019607842667028308 0.046601942740380764
0 0.6753812474198639 0.16893204243388027 0.015250544296577573 0.0427184475120157
0 0.6753812474198639 0.2194174804026261 0.01742919348180294 0.046601942740380764
0 0.6307189391227439 0.21553398517426103 0.019607842667028308 0.0427184475120157
0 0.6296296145301312 0.26116505410755053 0.019607842667028308 0.04077669989783317
0 0.6753812474198639 0.2902912683202885 0.021786491852253675 0.04466019512619823
0 0.6383442112710327 0.31165049207629636 0.02614379022270441 0.06407767126802355
0 0.6377995489747263 0.11844660446513444 0.014161219703964889 0.03106796182692051
0 0.5871459554182366 0.05728155461838469 0.00871459674090147 0.02135922375600785
0 0.552832230750937 0.167961168626789 0.014161219703964889 0.03300970944110304
0 0.5441176340100355 0.18155340192606673 0.016339868889190257 0.036893204669468105
0 0.47113288630498573 0.13592233299277723 0.011982570518739522 0.027184466598555446
0 0.48692809289786965 0.17184466385515407 0.013071895111352205 0.03300970944110304
0 0.41013070911867544 0.2077669947175309 0.016339868889190257 0.03495145705528557
0 0.4526143682305701 0.2194174804026261 0.018518518074415624 0.03106796182692051
0 0.4629629518603906 0.18640777096152306 0.015250544296577573 0.03106796182692051
0 0.3278867023764178 0.21747573278844357 0.015250544296577573 0.03883495228365064
