0 0.03701968188397586 0.4006677679717541 0.027179006952792406 0.0634390632621944
0 0.2563261517789215 0.2712854678975418 0.014058107044547796 0.028380633564665914
0 0.28069353732280433 0.26377294724807143 0.01593252131715417 0.03338898066431284
0 0.3097469585482031 0.23288814013358206 0.01593252131715417 0.028380633564665914
0 0.32099344418384135 0.2429048343328759 0.017806935589760542 0.03505842969752848
0 0.34723524400033057 0.2262103440007195 0.01593252131715417 0.0317195316310972
0 0.34957826184108853 0.26377294724807143 0.01874414272606373 0.03672787873074412
0 0.37582006165757775 0.21702837431803346 0.014995314180850983 0.030050082597881556
0 0.38425492588430643 0.20200333301909268 0.01312089990824461 0.023372286465018988
0 0.41190253640525043 0.2787979885470122 0.019681349862366915 0.03672787873074412
0 0.4137769506778568 0.2270450685173273 0.017806935589760542 0.03338898066431284
0 0.43767573265358806 0.1986644349526614 0.014995314180850983 0.030050082597881556
0 0.4493908218573779 0.21285475173499435 0.01593252131715417 0.0317195316310972
0 0.4639175324700773 0.2262103440007195 0.0206185569986701 0.038397327763959765
0 0.4690721717197448 0.1944908123696223 0.01593252131715417 0.028380633564665914
0 0.43017807556316257 0.17612687300425023 0.014995314180850983 0.02504173549823463
0 0.4536082539707422 0.1510851375060156 0.014995314180850983 0.021702837431803346
0 0.4568884789478034 0.1669449033215642 0.014058107044547796 0.02671118453145027
0 0.4761012252420187 0.15275458653923124 0.01312089990824461 0.021702837431803346
0 0.4817244680598378 0.16611017880495638 0.01312089990824461 0.02504173549823463
0 0.48641050374135375 0.13439064717385918 0.009372071363031864 0.015025041298940778
0 0.510309285717085 0.16611017880495638 0.014058107044547796 0.028380633564665914
0 0.5009372143540531 0.1953255368862301 0.014058107044547796 0.030050082597881556
0 0.5332708605565131 0.2070116801187396 0.01874414272606373 0.03338898066431284
0 0.5431115354876965 0.1627712807385251 0.01593252131715417 0.028380633564665914
0 0.5285848248749971 0.13856426975689828 0.01312089990824461 0.02671118453145027
0 0.5351452748291194 0.1310517491074279 0.01312089990824461 0.02504173549823463
0 0.5609184710774571 0.11018363619223237 0.01030927849933505 0.020033388398587704
0 0.575913785258308 0.15442403557244688 0.01593252131715417 0.028380633564665914
0 0.5852858566213399 0.12938230007421225 0.014058107044547796 0.021702837431803346
0 0.5890346851665527 0.10601001360919327 0.012183692771941423 0.021702837431803346
0 0.6124648635741323 0.11435725877527148 0.012183692771941423 0.021702837431803346
0 0.6138706742785871 0.135225371690467 0.01312089990824461 0.020033388398587704
0 0.6054358100518584 0.15442403557244688 0.016869728453457355 0.0317195316310972
0 0.6227741420734674 0.1035058400593698 0.012183692771941423 0.020033388398587704
0 0.6377694562543184 0.10601001360919327 0.012183692771941423 0.021702837431803346
0 0.6541705811396241 0.11352253425866365 0.011246485635638237 0.02671118453145027
0 0.6691658953204751 0.11853088135831058 0.011246485635638237 0.023372286465018988
0 0.7024367486592382 0.09682804392650723 0.012183692771941423 0.030050082597881556
0 0.48734771087765694 0.303004999528639 0.024367385543882847 0.04841402196325362
0 0.5449859497603029 0.3071786221116781 0.021555764134973288 0.05008347099646926
0 0.6049672064837068 0.33222035760991275 0.027179006952792406 0.046744572930037975
0 0.6068416207563132 0.247078456915915 0.02343017840757966 0.04340567486360669
0 0.5698219388723373 0.23956593626644462 0.01874414272606373 0.04173622583039105
0 0.6021555850747973 0.20367278205230832 0.017806935589760542 0.04006677679717541
0 0.6537019775714725 0.1794657710706815 0.01593252131715417 0.0317195316310972
0 0.6616682382300496 0.20116860850248486 0.01874414272606373 0.03505842969752848
0 0.6597938239574432 0.2537562530487776 0.0206185569986701 0.046744572930037975
0 0.6780693631153554 0.3272120105102658 0.025304592680186033 0.06010016519576311
0 0.7089971986133605 0.28380633564665914 0.025304592680186033 0.05008347099646926
0 0.7104030093178153 0.21619364980142564 0.0206185569986701 0.04841402196325362
0 0.7511715197470039 0.2186978233512491 0.019681349862366915 0.046744572930037975
0 0.7816307516768575 0.2904841317795217 0.022492971271276474 0.05342236906290054
0 0.6808809845242649 0.15025041298940778 0.017806935589760542 0.03338898066431284
0 0.7057169736362994 0.13689482072368264 0.016869728453457355 0.030050082597881556
0 0.7019681450910866 0.1752921484876424 0.01874414272606373 0.030050082597881556
0 0.7333645841572434 0.1594323826720938 0.014058107044547796 0.02504173549823463
0 0.7492971054743975 0.1794657710706815 0.017806935589760542 0.0317195316310972
0 0.7502343126107007 0.14190316782332957 0.01593252131715417 0.030050082597881556
0 0.7319587734527886 0.12020033039152622 0.014995314180850983 0.030050082597881556
0 0.746485484065488 0.10934891167562455 0.012183692771941423 0.02504173549823463
0 0.7685098517686129 0.12437395297456533 0.01312089990824461 0.021702837431803346
0 0.7816307516768575 0.11185308522544801 0.011246485635638237 0.023372286465018988
0 0.7980318765621632 0.12854757555760443 0.01030927849933505 0.02671118453145027
0 0.7703842660412192 0.16611017880495638 0.014995314180850983 0.03505842969752848
0 0.8013121015392244 0.17696159752085805 0.014995314180850983 0.030050082597881556
0 0.8139643978793174 0.1669449033215642 0.01030927849933505 0.02671118453145027
0 0.8219306585378945 0.12270450394134969 0.011246485635638237 0.02504173549823463
0 0.8331771441735327 0.13689482072368264 0.01312089990824461 0.030050082597881556
0 0.8528584940358996 0.14941568847279996 0.01312089990824461 0.03505842969752848
0 0.8617619618307799 0.14106844330672175 0.012183692771941423 0.028380633564665914
0 0.8716026367619634 0.13272119814064354 0.011246485635638237 0.02504173549823463
0 0.8458294405136257 0.1828046691371128 0.014058107044547796 0.038397327763959765
0 0.8612933582626283 0.21368947625160217 0.014995314180850983 0.030050082597881556
0 0.8856607438065112 0.19949915946926922 0.011246485635638237 0.028380633564665914
0 0.8959700223058462 0.17362269945442677 0.01312089990824461 0.030050082597881556
0 0.9006560579873621 0.1268781265243888 0.009372071363031864 0.023372286465018988
0 0.9320524970535189 0.15609348460566252 0.014058107044547796 0.028380633564665914
0 0.9287722720764577 0.19031718978658319 0.01312089990824461 0.04006677679717541
0 0.9203374078497291 0.2754590904805809 0.016869728453457355 0.05008347099646926
