0 0.06187499861698598 0.6033333479426801 0.08624999807216227 0.12666666973382235
0 0.11999999731779099 0.5408333464292809 0.03749999916180968 0.05833333474583924
0 0.12312499724794179 0.5050000122282654 0.038749999133870006 0.04666666779667139
0 0.19687499559950083 0.5675000137416646 0.056249998742714524 0.08833333547227085
0 0.19624999561347067 0.5075000122888014 0.03749999916180968 0.04833333450369537
0 0.23749999469146132 0.4975000120466575 0.03499999921768904 0.05833333474583924
0 0.2881249935599044 0.48000001162290573 0.026249999413266778 0.043333334382623434
0 0.2624999941326678 0.7016666836570948 0.10499999765306711 0.15000000363215804
0 0.3443749923026189 0.5725000138627365 0.04624999896623194 0.06833333498798311
0 0.3899999912828207 0.5183333458844572 0.03749999916180968 0.0533333346247673
0 0.371874991687946 0.5083333456423134 0.023749999469146132 0.04000000096857548
0 0.3899999912828207 0.4833333450369537 0.02249999949708581 0.033333334140479565
0 0.34374999231658876 0.4916666785720736 0.024999999441206455 0.03666666755452752
0 0.44562499003950506 0.535000012954697 0.038749999133870006 0.0533333346247673
0 0.4306249903747812 0.4891666785115376 0.023749999469146132 0.031666667433455586
0 0.43312499031890184 0.4691666780272499 0.01374999969266355 0.021666667191311717
0 0.4824999892152846 0.4908333452185616 0.019999999552965164 0.031666667433455586
0 0.4868749891174957 0.47083334473427385 0.01874999958090484 0.021666667191311717
0 0.4743749893968925 0.4766666782088578 0.016249999636784196 0.02666666731238365
0 0.5106249885866418 0.5125000124098733 0.028749999357387424 0.041666667675599456
0 0.5118749885587022 0.47000001138076186 0.016249999636784196 0.02666666731238365
0 0.5356249880278483 0.4808333449764177 0.023749999469146132 0.041666667675599456
0 0.5599999874830246 0.4975000120466575 0.03749999916180968 0.05833333474583924
0 0.5918749867705628 0.4958333453396335 0.023749999469146132 0.041666667675599456
0 0.6268749859882519 0.48750001180451363 0.023749999469146132 0.0383333342615515
0 0.6524999854154885 0.4766666782088578 0.01749999960884452 0.02666666731238365
0 0.6681249850662425 0.4841666783904657 0.021249999525025487 0.03500000084750354
0 0.6918749845353886 0.4741666781483218 0.023749999469146132 0.031666667433455586
0 0.7099999841302633 0.4691666780272499 0.019999999552965164 0.031666667433455586
0 0.7274999837391078 0.5025000121677294 0.0274999993853271 0.04500000108964741
0 0.712499984074384 0.5275000127730891 0.03749999916180968 0.05833333474583924
0 0.6599999852478504 0.540000013075769 0.03249999927356839 0.05666666803881526
0 0.6168749862117693 0.5650000136811286 0.04624999896623194 0.060000001452863216
0 0.5531249876366928 0.6300000152550638 0.061249998630955815 0.09666666900739074
0 0.47312498942483217 0.7358333511510864 0.10374999768100679 0.16500000399537385
0 0.7943749822443351 0.5516666800249368 0.03624999918974936 0.06666666828095913
0 0.7593749830266461 0.5075000122888014 0.026249999413266778 0.041666667675599456
0 0.770624982775189 0.4900000118650496 0.01874999958090484 0.03666666755452752
0 0.7856249824399129 0.48500001174397767 0.021249999525025487 0.033333334140479565
0 0.7931249822722748 0.47083334473427385 0.01874999958090484 0.031666667433455586
0 0.8118749818531796 0.47916667826939374 0.016249999636784196 0.031666667433455586
0 0.8374999812804163 0.48750001180451363 0.01749999960884452 0.03500000084750354
0 0.8506249809870496 0.5033333455212414 0.026249999413266778 0.04000000096857548
0 0.8593749807914719 0.47833334491588175 0.016249999636784196 0.030000000726431608
0 0.9106249796459451 0.5141666791168973 0.03624999918974936 0.06833333498798311
0 0.9356249790871516 0.48000001162290573 0.023749999469146132 0.033333334140479565
0 0.960624978528358 0.49416667863260955 0.01874999958090484 0.02833333401940763
0 0.9856249779695645 0.5116666790563613 0.028749999357387424 0.05000000121071935
0 0.8737499804701656 0.5891666809329763 0.05999999865889549 0.08500000205822289
0 0.867499980609864 0.6383333487901837 0.06999999843537807 0.11000000266358256
