0 0.03999999910593033 0.4308333437656984 0.05749999871477485 0.07833333523012698
0 0.2137499952223152 0.4658333446132019 0.06499999854713678 0.10166666912846267
0 0.356249992037192 0.47833334491588175 0.04999999888241291 0.08333333535119891
0 0.410624990821816 0.41666667675599456 0.038749999133870006 0.07333333510905504
0 0.4349999902769923 0.5075000122888014 0.06499999854713678 0.10833333595655859
0 0.4706249894807115 0.4650000112596899 0.04124999907799065 0.08333333535119891
0 0.5093749886145815 0.43250001047272235 0.038749999133870006 0.041666667675599456
0 0.5587499875109643 0.4500000108964741 0.04499999899417162 0.07333333510905504
0 0.6031249865191057 0.5008333454607055 0.06874999846331775 0.10166666912846267
0 0.5949999867007136 0.4075000098673627 0.029999999329447746 0.051666667917743325
0 0.6387499857228249 0.42500001029111445 0.04499999899417162 0.06333333486691117
0 0.6906249845633283 0.39583334291819483 0.028749999357387424 0.051666667917743325
0 0.728124983725138 0.4750000115018338 0.06874999846331775 0.1000000024214387
0 0.7231249838368967 0.4216666768770665 0.04624999896623194 0.06666666828095913
0 0.7487499832641333 0.4066666765138507 0.042499999050050974 0.060000001452863216
0 0.9187499794643372 0.44916667754296213 0.052499998826533556 0.07500000181607902
0 0.948749978793785 0.4291666770586744 0.03749999916180968 0.06833333498798311
