0 0.0323033711174503 0.3739770933170803 0.030898876721039414 0.0638297883560881
0 0.052902622264809906 0.3739770933170803 0.023408239940181375 0.05728314339648932
0 0.3848314646165818 0.19803601002786309 0.02059925114735961 0.03927986975759268
0 0.38717228861059994 0.2741407576831989 0.030898876721039414 0.06055646587628871
0 0.45411985483951867 0.22094926738645881 0.02808988792821765 0.04909983719699085
0 0.5706928897416219 0.13175122981192544 0.023408239940181375 0.03436988603789359
0 0.6933520670281723 0.07037643331568688 0.017790262354537845 0.03600654727779329
0 0.6970973854186013 0.1775777445291169 0.019662921549752355 0.04746317595709115
0 0.593164800084196 0.24959083908470348 0.030898876721039414 0.05400982091668993
0 0.561797758564353 0.31833061116049066 0.04119850229471922 0.08346972323488444
