0 0.7266666842624545 0.11278195423074067 0.05666666803881526 0.09022556338459253
0 0.5416666797827929 0.6553884673630819 0.08666666876524687 0.1528822046238929
0 0.4683333446737379 0.5664160368032753 0.076666668523103 0.11528821988031268
0 0.4441666774218902 0.512531325337477 0.05500000133179128 0.09273182903416455
0 0.41000000992789865 0.46491227799560875 0.060000001452863216 0.08771929773502052
0 0.3733333423733711 0.4260651604272425 0.05000000121071935 0.08020050078630447
0 0.33250000805128366 0.4047619024058804 0.041666667675599456 0.07268170383758843
0 0.3758333424339071 0.36466165201272815 0.04833333450369537 0.05764410994015634
0 0.33416667475830764 0.33333333139307797 0.03500000084750354 0.060150375589728355
0 0.37166667566634715 0.2919799481751397 0.030000000726431608 0.05764410994015634
0 0.18666667118668556 0.3070175420725718 0.043333334382623434 0.06265664123930037
0 0.1983333381358534 0.2869674168759957 0.030000000726431608 0.05263157864101231
0 0.14333333680406213 0.36716791766230017 0.04666666779667139 0.0676691725384444
0 0.13250000320840627 0.32832080009393394 0.041666667675599456 0.050125312991440296
0 0.076666668523103 0.4385964886751026 0.06333333486691117 0.10025062598288059
0 0.08333333535119891 0.3897243085084483 0.060000001452863216 0.07769423513673246
0 0.04750000115018338 0.5363408490084112 0.0916666688863188 0.11027568858116865
0 0.02750000066589564 0.4611528795212507 0.051666667917743325 0.10025062598288059
0 0.031666667433455586 0.6541353345382959 0.05666666803881526 0.11027568858116865
0 0.061666668159887195 0.7694235544186085 0.11333333607763052 0.170426064170897
