0 0.1811451239627786 0.4870689637027681 0.042448176187463105 0.08793103415518999
0 0.36771966581000015 0.19568965444341302 0.020730504649691284 0.03620689641684294
0 0.39585392212029546 0.2681034472770989 0.019743337761610746 0.03620689641684294
0 0.4111550088855438 0.21637930953875184 0.01875617087353021 0.0327586205676198
0 0.42003951087826863 0.16120689595118165 0.016781837097369134 0.0327586205676198
0 0.46692993806209415 0.2181034474633634 0.02171767153777182 0.04310344811528921
0 0.48914119304390624 0.3224137919023633 0.03257650730665773 0.062068965286016464
0 0.5523198738810606 0.32586206775158644 0.030602173530496657 0.062068965286016464
0 0.5182626162422821 0.12068965472280979 0.015794670209288597 0.027586206793785095
0 0.5444225387764163 0.11982758576050401 0.01480750332120806 0.03620689641684294
0 0.5760118791949935 0.12327586160972714 0.01875617087353021 0.0327586205676198
0 0.567620960646309 0.1810344820842147 0.017769003985449672 0.03448275849223137
0 0.6233958898228593 0.27155172312632203 0.026653505978174508 0.049999999813735485
0 0.6307996414834633 0.14999999944120646 0.017769003985449672 0.031034482643008232
0 0.6061204692814499 0.1094827582128346 0.013820336433127522 0.025862068869173527
0 0.6678183997864835 0.22155172331258655 0.02270483842585236 0.04310344811528921
0 0.6841066534398124 0.30431034369394183 0.03356367419473827 0.0706896549090743
0 0.740375166060403 0.26465517142787576 0.027640672866255045 0.060344827361404896
0 0.755182669381611 0.31896551605314016 0.03751234174706042 0.07931034453213215
0 0.7931885945727117 0.2793103437870741 0.028627839754335582 0.05862068943679333
0 0.7793682581395842 0.21120689576491714 0.02270483842585236 0.04310344811528921
0 0.8440276893088594 0.30258620576933026 0.027640672866255045 0.0706896549090743
0 0.887463032384403 0.22327586123719811 0.019743337761610746 0.039655172266066074
0 0.920533123135101 0.283620688598603 0.02270483842585236 0.060344827361404896
0 0.944225128449034 0.15431034425273538 0.012833169545046985 0.03620689641684294
0 0.913129371474497 0.0870689651928842 0.013820336433127522 0.029310344718396664
0 0.9155972886946984 0.14568965462967753 0.01480750332120806 0.029310344718396664
0 0.8741362793953158 0.12499999953433871 0.012833169545046985 0.0327586205676198
0 0.8509378575254232 0.12499999953433871 0.011846002656966448 0.025862068869173527
0 0.7640671713743359 0.04482758603990078 0.013820336433127522 0.031034482643008232
