0 0.18325000870390795 0.5491372877731919 0.12050000572344288 0.19354838831350207
0 0.21100001002196223 0.4711177824065089 0.0780000037048012 0.12153038335964084
0 0.25600001215934753 0.5150037541752681 0.06500000308733433 0.10727681987918913
0 0.3095000147004612 0.42048012267332524 0.05300000251736492 0.11777944560162723
0 0.34250001626787707 0.4092273093992844 0.026000001234933734 0.045761440647765994
0 0.3725000176928006 0.4276069044135511 0.043000002042390406 0.08402100577950478
0 0.39450001873774454 0.42498124798294157 0.028000001329928637 0.07126781740225852
0 0.43475002064951696 0.4294823732925579 0.03650000173365697 0.05026256595738232
0 0.4600000218488276 0.39947487122844905 0.026000001234933734 0.051762941060587764
0 0.6937500329513568 0.42498124798294157 0.030500001448672265 0.05626406637020409
0 0.7200000341981649 0.40997749695088714 0.03000000142492354 0.07276819250546396
0 0.7355000349343754 0.42985746706835926 0.03600000170990825 0.07201800495386124
0 0.7670000364305452 0.4189797475701198 0.042000001994892955 0.07876969291828573
0 0.8505000403965823 0.46399100066628307 0.07700000365730375 0.12828207132406533
