0 0.35145631816703826 0.23924268304836005 0.017475728527642787 0.03442340763285756
0 0.39077670735423453 0.268502579536289 0.020388349948916584 0.04130808915942907
0 0.4611650583683513 0.2203098088502884 0.02135922375600785 0.04130808915942907
0 0.4213592322776094 0.16006884549278766 0.017475728527642787 0.030981066869571805
0 0.48834952496690676 0.30981066869571805 0.03106796182692051 0.058519792975857854
0 0.5451456426817458 0.32788295770296827 0.030097088019829243 0.06368330412078649
0 0.5873786532902159 0.3864027506788261 0.03300970944110304 0.056798622594214976
0 0.6276699162845034 0.24526677938411012 0.022330097563099116 0.04302925954107195
0 0.6402912757766899 0.22203097923193127 0.024271845177281648 0.05163511144928634
0 0.7762136087694671 0.29001720930682495 0.02815534040564671 0.056798622594214976
0 0.8441747752658557 0.3158347650314681 0.02815534040564671 0.06712564488407224
0 0.9286407964827958 0.15748708992032334 0.014563107106368989 0.029259896487928927
0 0.9009708929806948 0.1480206528212875 0.015533980913460255 0.02753872610628605
0 0.5553398176562041 0.12650602305075154 0.013592233299277723 0.029259896487928927
0 0.5674757402448449 0.13166953419568017 0.014563107106368989 0.029259896487928927
0 0.5941747699398547 0.11531841557007283 0.015533980913460255 0.030981066869571805
