0 0.9441441670060158 0.5500000133179128 0.09369369596242905 0.14324324671179056
0 0.7594594778493047 0.34324325155466795 0.03423423506319523 0.0648648664355278
0 0.6864865031093359 0.44729730812832713 0.028828829526901245 0.06216216366738081
0 0.6306306459009647 0.5027027148753405 0.054054055362939835 0.09189189411699772
0 0.5531531665474176 0.5797297437675297 0.08648648858070374 0.14324324671179056
0 0.5612612748518586 0.47432433580979705 0.045045046135783195 0.07297297473996878
0 0.5315315444022417 0.4581081192009151 0.036036036908626556 0.07297297473996878
0 0.5126126250252128 0.4229729832150042 0.02342342399060726 0.040540541522204876
0 0.48288289457559586 0.4324324429035187 0.02522522583603859 0.04864864982664585
0 0.4612612724304199 0.3675675764679909 0.021621622145175934 0.0324324332177639
0 0.44324325397610664 0.4216216318309307 0.02522522583603859 0.04324324429035187
0 0.436936947517097 0.4608108219690621 0.037837838754057884 0.06216216366738081
0 0.4612612724304199 0.5472973105497658 0.06846847012639046 0.1324324356392026
0 0.40270271245390177 0.5229729856364429 0.05225225351750851 0.11081081349402666
0 0.4045045142993331 0.4500000108964741 0.03423423506319523 0.056756758131086826
0 0.3864864958450198 0.4229729832150042 0.019819820299744606 0.040540541522204876
0 0.40810811799019575 0.4162162262946367 0.019819820299744606 0.037837838754057884
0 0.33333334140479565 0.4918919038027525 0.05045045167207718 0.07567567750811577
0 0.30810811556875706 0.4594594705849886 0.0324324332177639 0.054054055362939835
0 0.3288288367912173 0.4337837942875922 0.02342342399060726 0.040540541522204876
0 0.2846846915781498 0.40945946937426925 0.02522522583603859 0.03513513598591089
0 0.2945946017280221 0.37162163062021136 0.027027027681469917 0.040540541522204876
0 0.26036036666482687 0.44054055120795965 0.030630631372332573 0.04864864982664585
0 0.23063063621520996 0.44594595674425364 0.028828829526901245 0.04864864982664585
0 0.24054054636508226 0.6297297449782491 0.12432432733476162 0.22162162698805332
0 0.31351352110505104 0.8567567775025964 0.17297297716140747 0.2864864934235811
0 0.1396396430209279 0.5324324453249574 0.06666666828095913 0.1297297328710556
0 0.08558558765798807 0.6337837991304696 0.09909910149872303 0.14864865224808455
0 0.08468468673527241 0.5135135259479284 0.07567567750811577 0.11891892179846764
0 0.15315315686166286 0.4527027136646211 0.04684684798121452 0.07297297473996878
0 0.1918918965384364 0.4243243345990777 0.03423423506319523 0.04864864982664585
0 0.15855856239795685 0.37702703615650535 0.0324324332177639 0.05135135259479284
0 0.16306306701153517 0.4297297401353717 0.037837838754057884 0.04864864982664585
0 0.08648648858070374 0.3851351444609463 0.03963964059948921 0.056756758131086826
0 0.021621622145175934 0.327027034945786 0.0324324332177639 0.054054055362939835
