0 0.03431372670456767 0.7516339956782758 0.058210786373820156 0.0906862755655311
0 0.11718750414729584 0.7783905319374753 0.09283088563825004 0.11887255040346645
0 0.3458946200844366 0.7794117737794295 0.0674019631696865 0.11029411893105134
0 0.34436275728512555 0.7305964137340197 0.0539215705357492 0.0763888897781726
0 0.46063114375283476 0.721609485524823 0.07261029668734409 0.09681372661725618
0 0.5723039418226108 0.587214059123653 0.050857844937127084 0.09272875924943946
0 0.681372573133558 0.7520424924150575 0.06556372781051323 0.10539215808967128
0 0.7506127716624178 0.7822712509369012 0.06801470828941092 0.10049019724829122
0 0.8244485585892107 0.7322304006811464 0.06066176685271785 0.10171568745863624
0 0.8921568943187594 0.7516339956782758 0.06250000221189111 0.10457516461610794
0 0.9430147392558865 0.7334558908914914 0.058210786373820156 0.08864379188162275
