0 0.5009434036910534 0.37393767200410366 0.028301887214183807 0.05099150072783232
0 0.056603774428367615 0.8994334156159312 0.10943396389484406 0.1784702525474131
0 0.12264151126146317 0.6133144393097609 0.06792452931404114 0.07648725109174848
0 0.19905660673975945 0.6288951756432652 0.06603773683309555 0.09065155684947968
0 0.27075472101569176 0.5991501335520297 0.04716981202363968 0.06515580648556352
0 0.3386792503297329 0.6543909260071814 0.06603773683309555 0.0849858345463872
0 0.43113208189606667 0.6898016904015094 0.08113207668066025 0.1274787518195808
0 0.4849056676030159 0.6232294533401728 0.06037735939025879 0.09065155684947968
0 0.5792452916502953 0.5566572162788361 0.04150943458080292 0.07648725109174848
0 0.6226415187120438 0.637393759097904 0.05283018946647644 0.07365438994020224
0 0.6566037833690643 0.5538243551272899 0.03773584961891174 0.070821528788656
0 0.6933962367475033 0.601982994703576 0.035849057137966156 0.05382436187937856
0 0.7650943510234356 0.5368271882180125 0.04716981202363968 0.070821528788656
0 0.8339622765779495 0.5410764799453318 0.03396226465702057 0.06232294533401728
0 0.9245283156633377 0.5594900774303824 0.04528301954269409 0.08781869569793344
0 0.9745283164083958 0.555240785703063 0.03962264209985733 0.0566572230309248
0 0.9801886938512325 0.6104815781582147 0.03962264209985733 0.070821528788656
0 0.9660377502441406 0.6671388011891395 0.06792452931404114 0.09348441800102592
0 0.859433975070715 0.7025495655834675 0.0886792466044426 0.15297450218349695
0 0.7962264269590378 0.7818696778267622 0.1471698135137558 0.20396600291132927
0 0.7764151059091091 0.6402266202494502 0.062264151871204376 0.09631727915257215
0 0.7113207653164864 0.555240785703063 0.03396226465702057 0.0566572230309248
0 0.6877358593046665 0.5396600493695587 0.024528302252292633 0.0424929172731936
0 0.43396227061748505 0.519830021308735 0.03396226465702057 0.05382436187937856
0 0.3811320811510086 0.543909341096878 0.03773584961891174 0.0566572230309248
0 0.3981132134795189 0.5849858277942985 0.04150943458080292 0.05949008418247104
0 0.28396226838231087 0.5566572162788361 0.03207547217607498 0.05949008418247104
0 0.2528301924467087 0.5240793130360544 0.030188679695129395 0.04532577842473984
0 0.3103773631155491 0.5240793130360544 0.028301887214183807 0.04532577842473984
0 0.15471698343753815 0.5694050914607942 0.049056604504585266 0.06232294533401728
0 0.18490566313266754 0.5410764799453318 0.030188679695129395 0.0566572230309248
0 0.146226417273283 0.5155807295814157 0.024528302252292633 0.04532577842473984
0 0.11603773757815361 0.5509914939757437 0.03207547217607498 0.05382436187937856
0 0.12169811502099037 0.5325778964906931 0.028301887214183807 0.03966005612164736
0 0.06509434059262276 0.5254957436118275 0.03207547217607498 0.04815863957628608
