0 0.13645834045019 0.6600000159814954 0.08541667112149298 0.12666666973382235
0 0.13437500700820237 0.8066666861996055 0.13958334061317146 0.16666667070239782
0 0.3947916872566566 0.7466666847467422 0.11875000619329512 0.2066666716709733
0 0.33125001727603376 0.6533333491533995 0.06250000325962901 0.14000000339001417
0 0.23645834566559643 0.5950000144075602 0.05625000293366611 0.11666666949167848
0 0.5895833640825003 0.7500000181607902 0.12083333963528275 0.18666667118668556
0 0.5791666968725622 0.616666681598872 0.054166669491678476 0.1066666692495346
0 0.6989583697868511 0.6050000146497041 0.08541667112149298 0.15666667046025395
0 0.8656250451458618 0.7116666838992387 0.13125000684522092 0.19000000460073352
0 0.95520838315133 0.6316666819620878 0.07291667046956718 0.11666666949167848
