0 0.19831618200987577 0.44852941698627546 0.037418147549033165 0.07679738651495427
0 0.23620205640327185 0.2075163422850892 0.02151543484069407 0.03921568673104048
0 0.4714686591178179 0.14379085134714842 0.013096351642161608 0.026143791154026985
0 0.5042095382232219 0.13725490355864167 0.013096351642161608 0.022875817259773612
0 0.49251636711414903 0.16748366208048537 0.017773620085790753 0.031045751995407045
0 0.5056127187563106 0.19117647281382233 0.01964452746324241 0.02941176504828036
0 0.7043966276105493 0.17483660334255546 0.016838166397064924 0.03267973894253373
0 0.7268475161399692 0.18055555765749887 0.013096351642161608 0.027777778101153672
0 0.7427502288483083 0.17973856418393552 0.014967259019613266 0.02941176504828036
0 0.7918615475064144 0.18055555765749887 0.015902712708339095 0.031045751995407045
0 0.842843773541972 0.1830065380781889 0.014967259019613266 0.02941176504828036
0 0.9022450827760622 0.12418300798162818 0.014031805330887437 0.03267973894253373
0 0.9396632303250954 0.16339869471266866 0.01028999057598412 0.022875817259773612
0 0.9438727719243616 0.1870915054460056 0.013096351642161608 0.0245098042069003
0 0.9401309571694583 0.23366013343911618 0.014967259019613266 0.03267973894253373
0 0.8807296479353681 0.28594771574717015 0.01964452746324241 0.0490196084138006
