0 0.19721937068970874 0.35793358366936445 0.0401647804537788 0.07380073890089989
0 0.31204944814089686 0.2315498183015734 0.020597323309630156 0.03874538792297244
0 0.3295571729540825 0.19464944885112345 0.01853759097866714 0.035055350977927446
0 0.3470648977672681 0.20018450426869094 0.016477858647704124 0.03136531403288245
0 0.41503606468904763 0.1937269396148622 0.016477858647704124 0.036900369450449944
0 0.4212152616819367 0.17158671794459224 0.014418126316741109 0.02583025861531496
0 0.41812566318549216 0.15405904245562851 0.014418126316741109 0.023985240142792463
0 0.4536560458946042 0.14944649627432227 0.015447992482222617 0.02583025861531496
0 0.44284245115704834 0.2029520319774747 0.020597323309630156 0.036900369450449944
0 0.46961897145956755 0.19280443037860096 0.016477858647704124 0.035055350977927446
0 0.47631310153519735 0.21863468899391592 0.021627189475111663 0.04612546181306243
0 0.4701339045423083 0.13191882078535855 0.013388260151259601 0.023985240142792463
0 0.48506696394179016 0.14298893162049353 0.014418126316741109 0.027675277087837458
0 0.502059755672235 0.13191882078535855 0.013388260151259601 0.023985240142792463
0 0.5113285511615686 0.11254612682387233 0.013388260151259601 0.022140221670269966
0 0.5113285511615686 0.15498155169188976 0.011328527820296586 0.02583025861531496
0 0.5319258744711988 0.14852398703806102 0.015447992482222617 0.027675277087837458
0 0.5329557406366803 0.11900369147770107 0.011328527820296586 0.02029520319774747
0 0.5442842684569769 0.12638376536779106 0.011328527820296586 0.023985240142792463
0 0.5576725286082365 0.13191882078535855 0.011328527820296586 0.023985240142792463
0 0.5700309225940146 0.1328413300216198 0.013388260151259601 0.022140221670269966
0 0.5813594504143111 0.11254612682387233 0.013388260151259601 0.022140221670269966
0 0.5664263910148293 0.17527675488963723 0.014418126316741109 0.03321033250540495
0 0.5834191827452742 0.16974169947206974 0.015447992482222617 0.03321033250540495
0 0.5298661421402358 0.2656826600432396 0.021627189475111663 0.04797048028558493
0 0.592173045151867 0.22878229059278965 0.01853759097866714 0.036900369450449944
0 0.5932029113173485 0.2887453909497708 0.024716787971556187 0.04612546181306243
0 0.625643695530016 0.28966790018603206 0.029866118798963726 0.05904059112071991
0 0.6343975579366088 0.2352398552466184 0.01853759097866714 0.035055350977927446
0 0.631822892522905 0.1955719580873847 0.019567457144148648 0.04059040639549494
0 0.6647786098183133 0.20571955968625844 0.019567457144148648 0.035055350977927446
0 0.6663234090665355 0.17435424565337598 0.016477858647704124 0.03136531403288245
0 0.6930999293690547 0.11992620071396232 0.012358393985778093 0.02583025861531496
0 0.7013388586929068 0.11439114529639482 0.012358393985778093 0.018450184725224972
0 0.6869207323761657 0.11900369147770107 0.010298661654815078 0.016605166252702475
0 0.6575695466599427 0.10516605293378234 0.011328527820296586 0.022140221670269966
0 0.6426364872604609 0.10885608987882733 0.010298661654815078 0.022140221670269966
0 0.6292482271092013 0.14022140391170979 0.014418126316741109 0.022140221670269966
0 0.6282183609437197 0.0968634698074311 0.012358393985778093 0.023985240142792463
0 0.6101957030477934 0.11992620071396232 0.011328527820296586 0.02583025861531496
0 0.600411974475719 0.1346863484941423 0.014418126316741109 0.02583025861531496
0 0.7106076541822404 0.18450184725224972 0.016477858647704124 0.04059040639549494
0 0.7059732564375736 0.1577490794006735 0.013388260151259601 0.023985240142792463
0 0.7404737729812041 0.15221402398310602 0.014418126316741109 0.03136531403288245
0 0.7507724346360192 0.14483395009301603 0.014418126316741109 0.023985240142792463
0 0.7435633714776486 0.1254612561315298 0.014418126316741109 0.02583025861531496
0 0.7646756278700195 0.12822878384031355 0.011328527820296586 0.027675277087837458
0 0.7775489549385384 0.12638376536779106 0.010298661654815078 0.023985240142792463
0 0.7121524534304626 0.25184502149932086 0.019567457144148648 0.042435424868017435
0 0.6915551301208325 0.30811808491125703 0.025746654137037694 0.0627306280657649
0 0.6544799481634982 0.2730627339333296 0.021627189475111663 0.04797048028558493
0 0.7914521481725387 0.19464944885112345 0.017507724813185632 0.042435424868017435
0 0.7873326835106127 0.166974171763286 0.015447992482222617 0.03136531403288245
0 0.8048404083237983 0.166974171763286 0.013388260151259601 0.03136531403288245
0 0.8161689361440949 0.18081181030720472 0.013388260151259601 0.03321033250540495
0 0.828527330129873 0.16974169947206974 0.013388260151259601 0.029520295560359955
0 0.8341915940400213 0.20571955968625844 0.016477858647704124 0.03874538792297244
0 0.8094748060684651 0.2601476046256721 0.020597323309630156 0.04797048028558493
0 0.788877482758835 0.28413284476846457 0.02265705564059317 0.04797048028558493
0 0.7651905609527603 0.3754612591583282 0.028836252633482218 0.0682656834833324
0 0.8280123970471323 0.35977860214188695 0.026776520302519202 0.0664206650108099
0 0.8460350549430586 0.32011070498265326 0.021627189475111663 0.049815498758107424
0 0.8553038504323922 0.2601476046256721 0.019567457144148648 0.04797048028558493
0 0.9104016902856529 0.38468635152094066 0.024716787971556187 0.0645756465382874
0 0.9212152850232087 0.32749077887274325 0.02780638646800071 0.049815498758107424
0 0.9402678090846166 0.27398524316959083 0.02265705564059317 0.042435424868017435
0 0.9140062218648382 0.2315498183015734 0.017507724813185632 0.03874538792297244
0 0.8831102369003929 0.22509225364774466 0.015447992482222617 0.036900369450449944
0 0.887229701562319 0.19833948579616845 0.019567457144148648 0.035055350977927446
0 0.8656025120872073 0.17435424565337598 0.013388260151259601 0.03136531403288245
0 0.8506694526877254 0.18542435648851097 0.016477858647704124 0.03136531403288245
0 0.8506694526877254 0.14575645932927728 0.012358393985778093 0.02583025861531496
0 0.8784758391557261 0.14760147780179977 0.012358393985778093 0.02583025861531496
0 0.8759011737420224 0.15867158863693476 0.013388260151259601 0.02583025861531496
0 0.9155510211130604 0.166974171763286 0.014418126316741109 0.035055350977927446
0 0.9407827421673574 0.18081181030720472 0.013388260151259601 0.029520295560359955
0 0.9392379429191351 0.2029520319774747 0.014418126316741109 0.029520295560359955
