0 0.04921875073341653 0.4015625209431164 0.05781250086147338 0.07812500407453626
0 0.21328125317813829 0.37343751947628334 0.04531250067520887 0.06979167030658573
0 0.2558593788126018 0.3963541873381473 0.0679687510128133 0.07812500407453626
0 0.3964843809080776 0.35572918521938846 0.058593750873114914 0.06979167030658573
0 0.4824218821886461 0.2166666779667139 0.03984375059371814 0.06666667014360428
0 0.5304687579046004 0.37447918619727716 0.03906250058207661 0.06354166998062283
0 0.5617187583702616 0.35052085161441937 0.037500000558793545 0.0677083368645981
0 0.7359375109663233 0.3906250203726813 0.048437500721774995 0.08541667112149298
0 0.781640636647353 0.415104188316036 0.06015625089639798 0.0864583378424868
0 0.873437513015233 0.4078125212690793 0.06718750100117177 0.10104167193640023
0 0.9136718886147719 0.39739585405914113 0.06015625089639798 0.09062500472646207
