0 0.05666666803881526 0.407458579284139 0.05666666803881526 0.09116022451780736
0 0.09333333559334278 0.38121548434719443 0.043333334382623434 0.09944751765578985
0 0.14833333692513406 0.37983426882419735 0.043333334382623434 0.08011050033383071
0 0.18166667106561363 0.3522099583642557 0.030000000726431608 0.058011051965877414
0 0.24083333916496485 0.374309406732209 0.04500000108964741 0.08011050033383071
0 0.2816666734870523 0.3549723894102499 0.030000000726431608 0.06353591405786574
0 0.31916667439509183 0.34944752731826156 0.02833333401940763 0.05248618987388909
0 0.35000000847503543 0.3301105099963024 0.02000000048428774 0.04143646568991244
0 0.36500000883825123 0.3480663117952645 0.02666666731238365 0.05524862091988325
0 0.38583334267605096 0.3466850962722674 0.025000000605359674 0.058011051965877414
0 0.4050000098068267 0.3314917255192995 0.023333333898335695 0.049723758827894926
0 0.4433333440683782 0.339779018657282 0.03666666755452752 0.07182320719584823
0 0.4758333448553458 0.33701658761128783 0.021666667191311717 0.038674034643918276
0 0.49500001198612154 0.323204432381317 0.02000000048428774 0.049723758827894926
0 0.5075000122888014 0.3480663117952645 0.025000000605359674 0.05524862091988325
0 0.5125000124098733 0.31491713924333453 0.021666667191311717 0.049723758827894926
0 0.5300000128336251 0.33563537208829075 0.02000000048428774 0.04143646568991244
0 0.5475000132573768 0.39502763957716525 0.05833333474583924 0.10497237974777818
0 0.5425000131363049 0.323204432381317 0.021666667191311717 0.038674034643918276
0 0.5791666806908324 0.339779018657282 0.031666667433455586 0.0662983451038599
0 0.6058333480032161 0.32182321685831994 0.021666667191311717 0.046961327781900764
0 0.6300000152550638 0.3301105099963024 0.023333333898335695 0.046961327781900764
0 0.6475000156788155 0.29281769087538123 0.01833333377726376 0.038674034643918276
0 0.6833333498798311 0.27762432012241334 0.02000000048428774 0.03591160359792411
0 0.6975000168895349 0.27071824250742793 0.025000000605359674 0.0441988967359066
0 0.7125000172527507 0.33563537208829075 0.031666667433455586 0.06906077614985406
0 0.6691666828701273 0.3839779153931886 0.05500000133179128 0.12154696602374315
0 0.61583334824536 0.4571823381120339 0.08833333547227085 0.15193370752967894
0 0.6366666820831597 0.6339779250556603 0.13666666997596622 0.26243094936944544
0 0.4058333431603387 0.45994476915802807 0.08500000205822289 0.14640884543769062
0 0.1991666714893654 0.4861878640949726 0.12166666961275041 0.21546962158754468
0 0.7316666843835264 0.38812156196217984 0.043333334382623434 0.08563536242581904
0 0.7333333510905504 0.3245856479043141 0.02000000048428774 0.04143646568991244
0 0.7950000192504376 0.4875690796179697 0.09333333559334278 0.16850829380564392
0 0.8108333529671654 0.40055250166915357 0.061666668159887195 0.0883977934718132
0 0.8108333529671654 0.33425415656529367 0.031666667433455586 0.0662983451038599
0 0.8466666871681809 0.36464089807122946 0.023333333898335695 0.060773483011871576
0 0.8783333546016365 0.35773482045624405 0.04666666779667139 0.10773481079377234
0 0.9108333553886041 0.35773482045624405 0.02833333401940763 0.07458563824184239
0 0.9250000223983079 0.36602211359422654 0.02666666731238365 0.06353591405786574
