0 0.16943784547038376 0.478382148896344 0.03958828165195882 0.06415620655752718
0 0.2901821045088582 0.26778242737054825 0.016627078293822706 0.03626220370642841
0 0.31828978448174894 0.2705718276556581 0.017418843926861882 0.03347280342131853
0 0.33095803461037576 0.2161785220960155 0.014251781394705176 0.030683403136208653
0 0.34441805037204176 0.2140864718821831 0.01583531266078353 0.026499302708543837
0 0.3456056988216005 0.24337517487583682 0.01821060955990106 0.03765690384898335
0 0.36183689429890364 0.25383542594499886 0.019002375192940235 0.03626220370642841
0 0.37212984752841294 0.23291492380667478 0.017418843926861882 0.030683403136208653
0 0.3931116368039511 0.27963737858226523 0.021377672092057765 0.0432357044192031
0 0.397070464969147 0.2322175737353973 0.01821060955990106 0.03207810327876359
0 0.3875692773726769 0.2573221763013862 0.021377672092057765 0.03207810327876359
0 0.4065716525656171 0.1938633198151365 0.013460015761666 0.0251046025659889
0 0.4212193167768419 0.18270571867469698 0.012668250128626823 0.0251046025659889
0 0.4433887545019388 0.14853556518210098 0.01108471886254847 0.020920502138324082
0 0.44932699674973264 0.16457461682148278 0.011876484495587647 0.02231520228087902
0 0.4635787781444378 0.1617852165363729 0.013460015761666 0.02231520228087902
0 0.4505146451992914 0.18758716917363927 0.012668250128626823 0.026499302708543837
0 0.45288994209840894 0.20641562109813094 0.01583531266078353 0.027894002851098776
0 0.45882818434620276 0.23082287359284237 0.016627078293822706 0.03765690384898335
0 0.4841646846034564 0.13947001425549388 0.011876484495587647 0.019525801995769143
0 0.491290575300809 0.15341701568104327 0.011876484495587647 0.02231520228087902
0 0.5043547082459554 0.13528591382782906 0.009501187596470118 0.019525801995769143
0 0.5098970676772296 0.18270571867469698 0.01583531266078353 0.03347280342131853
0 0.5154394271085039 0.15620641596615314 0.012668250128626823 0.027894002851098776
0 0.5217735521728173 0.14714086503954604 0.012668250128626823 0.02370990242343396
0 0.5415676929987967 0.13040446332888678 0.01108471886254847 0.02370990242343396
0 0.5514647634117864 0.10878661111928523 0.010292953229509294 0.0251046025659889
0 0.5546318259439431 0.14225941454060376 0.011876484495587647 0.02231520228087902
0 0.5467141696135513 0.1596931663225405 0.013460015761666 0.029288702993653715
0 0.5625494822743349 0.12831241311505437 0.011876484495587647 0.0251046025659889
0 0.585510685632471 0.12343096261611208 0.013460015761666 0.026499302708543837
0 0.5764053808525205 0.1457461648969911 0.014251781394705176 0.02370990242343396
0 0.5760094980360009 0.17154811753425747 0.015043547027744353 0.03347280342131853
0 0.5894695137976669 0.10390516062034294 0.010292953229509294 0.018131101853214204
0 0.60570070927497 0.1004184102639556 0.01108471886254847 0.02231520228087902
0 0.6064924749080092 0.12691771297249943 0.012668250128626823 0.0251046025659889
0 0.6425178112112917 0.0934449095511809 0.010292953229509294 0.02231520228087902
0 0.6369754517800175 0.11506276176078245 0.011876484495587647 0.020920502138324082
0 0.6385589830460958 0.13737796404166147 0.013460015761666 0.02370990242343396
0 0.6254948501009494 0.14923291525337845 0.014251781394705176 0.027894002851098776
0 0.659540772321634 0.10111576033523306 0.01108471886254847 0.02370990242343396
0 0.6916072804597206 0.1094839611905627 0.010292953229509294 0.02370990242343396
0 0.6686460771015845 0.12412831268738955 0.011876484495587647 0.02231520228087902
0 0.738321452809032 0.11018131126184016 0.011876484495587647 0.02231520228087902
0 0.7810767969931476 0.11436541168950498 0.008709421963430941 0.0251046025659889
0 0.8044338831678033 0.12412831268738955 0.012668250128626823 0.027894002851098776
0 0.8242280239937827 0.12343096261611208 0.012668250128626823 0.02370990242343396
0 0.8673792509944178 0.1297071132576093 0.010292953229509294 0.02231520228087902
0 0.9006334075820632 0.13807531411293894 0.011876484495587647 0.027894002851098776
0 0.8915281028021127 0.1548117158235982 0.012668250128626823 0.027894002851098776
0 0.8875692746369168 0.18549511895980686 0.014251781394705176 0.027894002851098776
0 0.8598574774805456 0.15132496546721086 0.014251781394705176 0.026499302708543837
0 0.8471892273519188 0.16039051639381796 0.012668250128626823 0.027894002851098776
0 0.8420427507371642 0.18270571867469698 0.015043547027744353 0.027894002851098776
0 0.8111638910486363 0.16108786646509543 0.015043547027744353 0.029288702993653715
0 0.8701504307100549 0.22942817345028743 0.01583531266078353 0.0432357044192031
0 0.8214568442781456 0.20641562109813094 0.016627078293822706 0.03347280342131853
0 0.8523357039666735 0.261506276729051 0.021377672092057765 0.04881450498942286
0 0.926761673472356 0.16039051639381796 0.011876484495587647 0.030683403136208653
0 0.91330165771069 0.22175732266623527 0.013460015761666 0.030683403136208653
0 0.9184481343254447 0.20850767131196335 0.014251781394705176 0.029288702993653715
0 0.9172604858758859 0.2761506282258779 0.01979414082597941 0.03626220370642841
0 0.8828186808386818 0.29707113036420196 0.025336500257253647 0.04463040456175804
0 0.8305621490580961 0.2921896798652597 0.02216943772509694 0.0432357044192031
0 0.8095803597825579 0.2531380758737214 0.01979414082597941 0.03486750356387347
0 0.7727632578462362 0.21059972152579576 0.017418843926861882 0.03626220370642841
0 0.7656373671488836 0.2942817300790921 0.023752968991175294 0.052998605417087674
0 0.825811555259861 0.3626220370642841 0.026920031523332 0.06136680627241731
0 0.8836104464717209 0.4232914932654239 0.03325415658764541 0.07670850784052163
0 0.5427553414483555 0.29009762965142727 0.02929532842244953 0.0502092051319778
0 0.5558194743935019 0.23570432409178466 0.020585906459018588 0.041841004276648164
0 0.5977830529445782 0.24755927530350164 0.020585906459018588 0.0432357044192031
0 0.6001583498436958 0.2140864718821831 0.020585906459018588 0.03486750356387347
0 0.6298495610826649 0.3054393312195316 0.02454473462421447 0.04463040456175804
0 0.6694378427346237 0.261506276729051 0.02454473462421447 0.051603905274532735
0 0.6536025300738402 0.22873082337900996 0.01979414082597941 0.041841004276648164
0 0.6896278663771227 0.2580195263726637 0.019002375192940235 0.030683403136208653
0 0.7462391091394238 0.23570432409178466 0.021377672092057765 0.052998605417087674
0 0.6781472646980546 0.19037656945874915 0.01821060955990106 0.040446304134093225
0 0.6900237491936423 0.1638772667502053 0.016627078293822706 0.029288702993653715
0 0.7173396635334939 0.16039051639381796 0.01583531266078353 0.027894002851098776
0 0.7280284995795228 0.18619246903108433 0.01979414082597941 0.03486750356387347
0 0.7446555778733455 0.14644351496826857 0.013460015761666 0.030683403136208653
0 0.7359461559099145 0.13737796404166147 0.015043547027744353 0.026499302708543837
0 0.7775138516444713 0.17642956803319976 0.01583531266078353 0.026499302708543837
0 0.7957244612043723 0.1889818693161942 0.017418843926861882 0.03207810327876359
0 0.7529691170202568 0.18061366846086457 0.019002375192940235 0.03765690384898335
