0 0.1986111159203574 0.5240740648005158 0.08611111319623888 0.11481481278315187
0 0.2597222285112366 0.5537036939058453 0.07500000181607902 0.137037034612149
0 0.3430555638624355 0.5759259157348424 0.13611111440695822 0.24814814375713468
0 0.4833333450369537 0.5129629538860172 0.09444444673135877 0.15925925644114614
0 0.5444444576278329 0.4814814729616046 0.0611111125908792 0.12592592369765043
0 0.39444445399567485 0.4851851765997708 0.05000000121071935 0.09629629459232092
0 0.4152777878334746 0.46481480658985674 0.041666667675599456 0.08518518367782235
0 0.6388889043591917 0.49814813933335245 0.07777777966111898 0.137037034612149
0 0.7069444615626708 0.5740740639157593 0.11944444733671844 0.21481481101363897
0 0.8041666861390695 0.5351851757150143 0.08611111319623888 0.137037034612149
0 0.7777777966111898 0.470370362047106 0.0611111125908792 0.09629629459232092
0 0.7236111286329105 0.46111110295169055 0.05833333474583924 0.09259259095415473
0 0.8833333547227085 0.4722222138661891 0.0611111125908792 0.09999999823048711
0 0.9388889116235077 0.5203703611623496 0.11111111380159855 0.19629629282280803
