0 0.38084110943600535 0.18181817419826984 0.014018691144883633 0.02479338739067316
0 0.41997662221547216 0.1714875961188227 0.010514018358662724 0.02892561862245202
0 0.5093457782641053 0.18698346323799342 0.016355139669030905 0.03925619670189917
0 0.504088769084774 0.12809916818514466 0.010514018358662724 0.02479338739067316
0 0.526285030064173 0.13223139941692352 0.012850466882809997 0.02892561862245202
0 0.5449766182573512 0.14772726653609425 0.012850466882809997 0.02685950300656259
0 0.5624999821884558 0.12086776352953166 0.010514018358662724 0.02272727177478373
0 0.5782710097264498 0.14566115092020482 0.01168224262073636 0.03099173423834145
0 0.6051401677541435 0.1301652838010341 0.014018691144883633 0.03305784985423088
0 0.6028037192299962 0.1590909024234861 0.014018691144883633 0.03305784985423088
0 0.6296728772576898 0.14152891968842596 0.014018691144883633 0.02685950300656259
0 0.6366822228301316 0.12706611037719995 0.014018691144883633 0.02685950300656259
0 0.6582943716784939 0.12706611037719995 0.012850466882809997 0.03099173423834145
0 0.6822429690510035 0.11260330106597394 0.009345794096589088 0.02685950300656259
0 0.7079439028166234 0.12603305256925523 0.009345794096589088 0.02479338739067316
0 0.6279205408645794 0.22520660213194788 0.015186915406957269 0.03305784985423088
0 0.6647196051198989 0.19111569446977228 0.016355139669030905 0.03512396547012031
0 0.6746495113475248 0.23140494897961617 0.01752336393110454 0.04545454354956746
0 0.7202102575683966 0.23966941144317389 0.019859812455251813 0.04958677478134632
0 0.7032710057683289 0.1725206539267674 0.01168224262073636 0.03099173423834145
0 0.7167055847821757 0.18801652104593813 0.015186915406957269 0.03719008108600974
0 0.7365653972374275 0.1508264399599284 0.012850466882809997 0.03305784985423088
0 0.7435747428098693 0.17665288515854627 0.015186915406957269 0.03512396547012031
0 0.7570093218237162 0.13429751503281295 0.01168224262073636 0.02479338739067316
0 0.7780373585410416 0.14669420872814953 0.014018691144883633 0.03305784985423088
0 0.776869134278968 0.1859504054300487 0.016355139669030905 0.03305784985423088
0 0.802570068044588 0.16942148050293326 0.01168224262073636 0.03305784985423088
0 0.7938083860790357 0.21590908186044544 0.01752336393110454 0.03925619670189917
0 0.8271027775481343 0.14049586188048124 0.01168224262073636 0.02892561862245202
0 0.837616795906797 0.19111569446977228 0.014018691144883633 0.03512396547012031
0 0.8773364208173007 0.27892560814507306 0.018691588193178177 0.05371900601312518
0 0.9047896909760311 0.2128099084366113 0.010514018358662724 0.03305784985423088
0 0.9223130549071357 0.1787190007744357 0.010514018358662724 0.02685950300656259
0 0.9398364188382402 0.17768594296649098 0.010514018358662724 0.02479338739067316
0 0.9398364188382402 0.213842966244556 0.012850466882809997 0.02685950300656259
0 0.9363317460520193 0.2407024692511186 0.015186915406957269 0.03099173423834145
0 0.815420534927398 0.1590909024234861 0.01168224262073636 0.03305784985423088
0 0.4316588648362085 0.15289255557581782 0.010514018358662724 0.02892561862245202
0 0.44509344385005534 0.1725206539267674 0.01168224262073636 0.03099173423834145
0 0.4538551258156076 0.1518594977678731 0.010514018358662724 0.02685950300656259
0 0.4626168077811599 0.17045453831087798 0.01168224262073636 0.03099173423834145
0 0.4824766202364117 0.17975205858238041 0.02102803671732545 0.04545454354956746
