0 0.06502423423808068 0.3115330455475487 0.02019386156462133 0.040787622216157615
0 0.08723748195916414 0.294655408768449 0.01777059817686677 0.032348803826607764
0 0.19991922948975116 0.22644162678625435 0.02019386156462133 0.03656821302138269
0 0.24353797046933323 0.28762306011049077 0.026655897265300155 0.04922644060570747
0 0.22697900398634374 0.4261603286722675 0.04846526775509119 0.10970463906414807
0 0.35339257738087326 0.2721518930629827 0.0379644597414881 0.05766525899525732
0 0.3053311868570745 0.15963431453565136 0.019386107102036476 0.03516174328979105
0 0.3445072782924399 0.14697608695132658 0.016962843714281917 0.03516174328979105
0 0.36995154386386275 0.14697608695132658 0.016155089251697063 0.032348803826607764
0 0.4131664076121524 0.10126582067459822 0.016962843714281917 0.03938115248456597
0 0.45799678028561175 0.10267229040618986 0.01777059817686677 0.03656821302138269
0 0.5149434698978439 0.208157520275563 0.02019386156462133 0.04219409194774926
0 0.5424071216257289 0.19620252755703405 0.018578352639451623 0.03797468275297433
0 0.533925699768588 0.17510548158315942 0.01777059817686677 0.03516174328979105
0 0.5702746505849063 0.1075949344667606 0.019386107102036476 0.040787622216157615
0 0.5985460567753762 0.08649788849288598 0.014539580326527357 0.026722924900241196
