0 0.9666666900739074 0.18760064610978588 0.01621621660888195 0.04347826133016497
0 0.7495495676994324 0.12399356008972973 0.01621621660888195 0.03542673145420849
0 0.6009009154513478 0.07326892187120393 0.014414414763450623 0.03703703742939979
0 0.5639639776200056 0.15619967959355563 0.014414414763450623 0.03542673145420849
0 0.5364864994771779 0.15619967959355563 0.013513513840734959 0.025764895603060722
0 0.5076576699502766 0.15700483258115128 0.015315315686166286 0.027375201578252017
0 0.4846846964210272 0.15136876166798174 0.012612612918019295 0.022544283652678132
0 0.49684685887768865 0.07890499278437346 0.009909910149872303 0.025764895603060722
0 0.48153154319152236 0.19565217598574236 0.024324324913322926 0.05314009718131274
0 0.43333334382623434 0.13607085490366444 0.010810811072587967 0.027375201578252017
0 0.42072073090821505 0.17149758635787293 0.014414414763450623 0.0338164254790172
0 0.44594595674425364 0.18035426922142506 0.01621621660888195 0.0322061195038259
0 0.3819819912314415 0.11191626527579501 0.010810811072587967 0.0338164254790172
0 0.3594594681635499 0.17713365727104247 0.018018018454313278 0.045088567305356264
0 0.321621629409492 0.20611916482448578 0.02342342399060726 0.051529791206121445
0 0.24909910513088107 0.2455716612166725 0.022522523067891598 0.04991948523093015
0 0.3085585660301149 0.2286634484771639 0.015315315686166286 0.03542673145420849
0 0.2297297352924943 0.23590982536552474 0.01621621660888195 0.03703703742939979
0 0.15315315686166286 0.2367149783531204 0.01621621660888195 0.038647343404591084
0 0.20090090576559305 0.4806763335946016 0.03963964059948921 0.09178744058590382
0 0.2846846915781498 0.4742351096938364 0.04324324429035187 0.1014492764370516
