0 0.06484375096624717 0.4020833543036133 0.08281250123400241 0.11666667275130749
0 0.1796875026775524 0.37916668644174933 0.07187500107102096 0.11250000586733222
0 0.2812500041909516 0.39895835414063185 0.07187500107102096 0.11041667242534459
0 0.37031250551808625 0.4333333559334278 0.0656250009778887 0.09166667144745588
0 0.4445312566240318 0.42395835544448346 0.06093750090803951 0.10208333865739405
0 0.5132812576484866 0.4250000221654773 0.05781250086147338 0.09166667144745588
0 0.6289062593714334 0.3781250197207555 0.07656250114087015 0.11041667242534459
0 0.7070312605355866 0.3447916846489534 0.08281250123400241 0.1354166737291962
0 0.8406250125262886 0.38020835316274315 0.08437500125728548 0.12291667307727039
0 0.9367187639581971 0.3843750200467184 0.0921875013737008 0.147916674381122
