0 0.024725274823140353 0.5849582073278725 0.03846153861377388 0.07799442764371634
0 0.06868131895316765 0.5501392664154992 0.04578754596877843 0.07520891237072647
0 0.09432234469568357 0.6448467856971547 0.07142857171129435 0.08635097346268594
0 0.10531135572819039 0.5988857836928219 0.06776556803379208 0.08913648873567581
0 0.2362637371988967 0.532033417141065 0.04029304045252502 0.05571030545979738
0 0.23717948811827227 0.5710306309629232 0.03846153861377388 0.06685236655175686
0 0.2710622721351683 0.5863509649643674 0.04761904780752957 0.1086350956466049
0 0.31684981810394675 0.5877437226008624 0.06959706987254322 0.11142061091959476
0 0.3818681333796121 0.6657381502445787 0.10073260113131255 0.13927576364949346
0 0.42490842659026384 0.830083551350981 0.16849816916510463 0.23955431347712874
0 0.35531135671772063 0.41782729094848037 0.04761904780752957 0.08356545818969607
0 0.45695970876840875 0.43732589785940945 0.049450549646280706 0.06685236655175686
0 0.5210622731246985 0.5125348102301359 0.03846153861377388 0.06685236655175686
0 0.554029306222219 0.5766016615089029 0.06043956067878753 0.10584958037361503
0 0.566849819093477 0.5139275678666309 0.03846153861377388 0.05849582073278725
0 0.6108058632235043 0.5682451156899333 0.05311355332378298 0.09470751928165555
0 0.6300366325303912 0.8036211562575772 0.19047619123011827 0.298050134209916
0 0.6401098926435225 0.5139275678666309 0.04212454229127616 0.07520891237072647
0 0.6675824202247895 0.4999999915016815 0.03479853493627161 0.06406685127876699
0 0.694139196886681 0.5069637796841562 0.04029304045252502 0.06685236655175686
0 0.7554945084848441 0.5445682358695194 0.049450549646280706 0.08635097346268594
0 0.7902930434211157 0.5153203255031258 0.04212454229127616 0.06128133600577712
0 0.7912087943404913 0.6545960891526192 0.09157509193755686 0.16713091637939215
0 0.8195970728411339 0.5849582073278725 0.06776556803379208 0.13370473310351372
0 0.8827838862780482 0.7534818813437596 0.12454212503507733 0.21448467602021992
0 0.8928571463911794 0.5055710220476612 0.03479853493627161 0.06406685127876699
0 0.9221611758111976 0.5027855067746714 0.03846153861377388 0.06963788182474673
0 0.967948721779976 0.5194985984126106 0.03846153861377388 0.0807799429167062
0 0.9853479892481118 0.5153203255031258 0.029304029420018196 0.07799442764371634
0 0.9652014690218493 0.46935932349879295 0.036630036775022745 0.06406685127876699
