0 0.12124999728985131 0.3383333415258676 0.2299999948590994 0.540000013075769
0 0.2606249941745773 0.3225000078091398 0.028749999357387424 0.031666667433455586
0 0.2574999942444265 0.2891666736686602 0.029999999329447746 0.03500000084750354
0 0.3887499913107604 0.229166672215797 0.024999999441206455 0.03500000084750354
0 0.35374999209307134 0.2775000067194924 0.01749999960884452 0.021666667191311717
0 0.36187499191146344 0.2916666737291962 0.01874999958090484 0.02666666731238365
0 0.5049999887123704 0.28750000696163625 0.047499998938292265 0.05833333474583924
0 0.5549999875947833 0.3058333407389 0.06499999854713678 0.07500000181607902
0 0.6049999864771962 0.2833333401940763 0.0549999987706542 0.06333333486691117
0 0.7412499834317714 0.28833334031514823 0.06749999849125743 0.07000000169500709
0 0.7493749832501635 0.25666667288169265 0.04624999896623194 0.0533333346247673
0 0.8606249807635322 0.2741666733054444 0.05874999868683517 0.07833333523012698
0 0.9268749792827293 0.2816666734870523 0.09624999784864485 0.12333333631977439
0 0.8224999816156924 0.2683333398308605 0.029999999329447746 0.03666666755452752
0 0.789999982342124 0.2758333400124684 0.0274999993853271 0.031666667433455586
0 0.46374998963437974 0.307500007445924 0.03249999927356839 0.04500000108964741
0 0.44124999013729393 0.28750000696163625 0.024999999441206455 0.031666667433455586
0 0.40562499093357474 0.2825000068405643 0.016249999636784196 0.021666667191311717
