0 0.15666667046025395 0.6453634047647938 0.076666668523103 0.13283207942731678
0 0.1225000029662624 0.6027568887220696 0.05500000133179128 0.09273182903416455
0 0.11250000272411853 0.5463659116066992 0.051666667917743325 0.07017543818801641
0 0.28666667360812426 0.6516290688887239 0.06666666828095913 0.11528821988031268
0 0.26333333970978856 0.5914786932989955 0.05666666803881526 0.09523809468373656
0 0.40166667639277875 0.6152882169699296 0.06333333486691117 0.09273182903416455
0 0.4300000104121864 0.839598992606625 0.12000000290572643 0.16040100157260895
0 0.5550000134389848 0.8796992429997772 0.12333333631977439 0.21553884586319327
0 0.686666683293879 0.8897243055980653 0.1300000031478703 0.19548872066661716
0 0.5750000139232725 0.6892230536323041 0.08666666876524687 0.17543859547004104
0 0.6416666822042316 0.670426061260514 0.07000000169500709 0.13784461072646081
0 0.6683333495166153 0.338345862692222 0.060000001452863216 0.10025062598288059
0 0.8375000202795491 0.6240601467434317 0.07500000181607902 0.12030075117945671
0 0.9558333564782515 0.674185459734872 0.08500000205822289 0.170426064170897
