0 0.3424591637449339 0.2175767850712873 0.020172910066321492 0.039249145542271435
0 0.34438039327505976 0.266211595851928 0.02593659865669906 0.06825938355177641
0 0.40201727917883545 0.2542662037303671 0.02593659865669906 0.044368599308654666
0 0.4173871154198423 0.23037541948724538 0.018251680536195636 0.030716722598299384
0 0.44188279192894697 0.22610920801525936 0.023054754361510277 0.046075083897449076
0 0.4908741449471563 0.22440272342646495 0.017291065771132708 0.046075083897449076
0 0.4827089194441214 0.12969282874837518 0.014409221475943923 0.023890784243121743
0 0.5086455181008205 0.12969282874837518 0.012487991945818067 0.023890784243121743
0 0.5225744321942329 0.13993173628114164 0.015369836241006851 0.034129691775888205
0 0.5134485919261351 0.17662115494022146 0.018251680536195636 0.039249145542271435
0 0.5427473422605544 0.21160408901050687 0.019212295301258564 0.037542660953477025
0 0.5878962362185121 0.17662115494022146 0.02113352483138442 0.032423207187093794
0 0.5802113180980086 0.12457337498199195 0.013448606710880995 0.023890784243121743
0 0.6056676093721762 0.1322525556315668 0.01633045100606978 0.032423207187093794
0 0.6287223637336865 0.14419794775312766 0.014409221475943923 0.032423207187093794
0 0.5797310107154772 0.2534129614359699 0.020172910066321492 0.05290102225262672
0 0.6440921999746934 0.2517064768471755 0.024015369126573205 0.042662114719860256
0 0.6378482040017843 0.2337883886648342 0.02113352483138442 0.040955630131065845
0 0.6748318724567071 0.2832764417398721 0.024015369126573205 0.044368599308654666
0 0.7324687583604828 0.2960750761558302 0.02593659865669906 0.06313992978539318
0 0.6748318724567071 0.19453924312256277 0.018251680536195636 0.037542660953477025
0 0.6974063194356859 0.18600682017859071 0.017291065771132708 0.034129691775888205
0 0.735830910038203 0.18686006247298792 0.019212295301258564 0.032423207187093794
0 0.7329490657430142 0.07764504879014567 0.015369836241006851 0.032423207187093794
0 0.743035520776175 0.07764504879014567 0.014409221475943923 0.025597268831916153
0 0.7641690456075594 0.27218429191270843 0.02593659865669906 0.046075083897449076
0 0.8121997838607058 0.2824231994454749 0.024015369126573205 0.05972696060780436
0 0.8511046818457544 0.19539248541695997 0.017291065771132708 0.029010238009504974
0 0.8439000711077824 0.23634811554802582 0.01633045100606978 0.046075083897449076
0 0.8698366697644815 0.28924913780065253 0.02209413959644735 0.0494880530750379
0 0.856868370436132 0.32337882957654074 0.02689721342176199 0.05290102225262672
0 0.9212295596953481 0.36006824823562056 0.02113352483138442 0.06825938355177641
0 0.9380403180839494 0.2807167148566805 0.018251680536195636 0.05290102225262672
0 0.9370797033188865 0.24488053849199787 0.014409221475943923 0.035836176364682615
0 0.8919308093609288 0.22184299654327333 0.020172910066321492 0.040955630131065845
