0 0.06666666828095913 0.061249998630955815 0.06666666828095913 0.10749999759718776
0 0.11916666955221444 0.05374999879859388 0.05500000133179128 0.09749999782070518
0 0.15916667052078992 0.03249999927356839 0.04833333450369537 0.05999999865889549
0 0.01833333377726376 0.1424999968148768 0.033333334140479565 0.2249999949708581
0 0.22583333880174905 0.09624999784864485 0.08833333547227085 0.1424999968148768
0 0.3291666746372357 0.05374999879859388 0.06833333498798311 0.10249999770894647
0 0.3758333424339071 0.3224999927915633 0.2150000052060932 0.3899999912828207
0 0.44083334400784224 0.15124999661929905 0.15500000375322998 0.24249999457970262
0 0.6025000145891681 0.056249998742714524 0.07500000181607902 0.10749999759718776
0 0.6316666819620878 0.06249999860301614 0.04666666779667139 0.11999999731779099
