0 0.35904254182241857 0.18121441977564245 0.02021276531741023 0.03984819701872766
0 0.4760638147126883 0.19449715211521834 0.028723403345793486 0.047438329784199595
0 0.54893615283072 0.19165085232816637 0.02340425457805395 0.041745730210095644
0 0.5792553008068353 0.22011385019868612 0.024468084331601858 0.04933586297556758
0 0.6234042355790734 0.19544591871090233 0.02765957359224558 0.04933586297556758
0 0.6813829571474344 0.23814041551668197 0.024468084331601858 0.047438329784199595
0 0.7069148712325841 0.21347248402889818 0.022340424824506044 0.047438329784199595
0 0.7680850820615888 0.22675521636847407 0.029787233099341393 0.05123339616693556
0 0.8292552928905934 0.2447817816864699 0.028723403345793486 0.06451612850651145
0 0.7345744448248297 0.27609107934404165 0.026595743838697672 0.05123339616693556
0 0.7707446564454585 0.28937381168361753 0.03510638186708093 0.06641366169787943
0 0.9186169921886176 0.2808349123224616 0.018085105810314417 0.041745730210095644
0 0.9425531616434455 0.2912713448749855 0.019148935563862324 0.06261859531514347
0 0.9085106095299125 0.33206830848939717 0.04042553063482046 0.06072106212377548
