0 0.34600001643411815 0.2337434117216617 0.018000000854954123 0.03514938522130251
0 0.3825000181677751 0.2565905121155083 0.019000000902451575 0.03866432374343276
0 0.42400002013891935 0.1625659066485241 0.018000000854954123 0.033391915960237384
0 0.4795000227750279 0.1370826023630798 0.01500000071246177 0.03163444669917226
0 0.5055000240099616 0.16344464127905667 0.017000000807456672 0.03514938522130251
0 0.5055000240099616 0.19507908797822893 0.021000000997446477 0.03514938522130251
0 0.5655000268598087 0.19156414945609868 0.019000000902451575 0.03866432374343276
0 0.8765000416315161 0.1906854148255661 0.02300000109244138 0.04745167004875839
0 0.9255000439588912 0.19156414945609868 0.017000000807456672 0.03866432374343276
0 0.9380000445526093 0.2478031658101827 0.01600000075995922 0.04569420078769326
0 0.9530000452650711 0.217047453741543 0.01600000075995922 0.036906854482367635
