0 0.14453125215368345 0.24722222820855677 0.08593750128056854 0.18888889346271753
0 0.23593750351574272 0.13472222548443824 0.06875000102445483 0.13611111440695822
0 0.15156250225845724 0.0458333344431594 0.06250000093132257 0.08611111319623888
0 0.3320312549476512 0.45416667766403407 0.1359375020256266 0.2972222294192761
0 0.4132812561583705 0.2458333392860368 0.10156250151339918 0.1916666713077575
0 0.3453125051455572 0.041666667675599456 0.06875000102445483 0.07777777966111898
0 0.4632812569034286 0.1444444479420781 0.05468750081490725 0.12777778087183833
0 0.5125000076368451 0.05416666797827929 0.05312500079162419 0.09722222457639873
0 0.6320312594179995 0.14027778117451817 0.05468750081490725 0.152777781477198
0 0.6046875090105459 0.46388890012167394 0.1093750016298145 0.27222222881391644
0 0.6953125103609636 0.2611111174337566 0.0875000013038516 0.17222222639247775
0 0.6890625102678314 0.0611111125908792 0.05312500079162419 0.09444444673135877
0 0.8773437630734406 0.13472222548443824 0.07343750109430403 0.14166667009703815
