0 0.2524999943561852 0.6650000161025673 0.13999999687075615 0.18666667118668556
0 0.06562499853316694 0.5600000135600567 0.12124999728985131 0.15000000363215804
0 0.038124999147839844 0.43166667711921036 0.07374999835155904 0.14666667021811008
0 0.3931249912129715 0.42416667693760246 0.056249998742714524 0.09833333571441472
0 0.48624998913146555 0.5183333458844572 0.0874999980442226 0.12333333631977439
0 0.6399999856948853 0.42333334358409047 0.0549999987706542 0.08333333535119891
0 0.6643749851500615 0.5633333469741046 0.09374999790452421 0.13666666997596622
0 0.7418749834178016 0.4266666769981384 0.056249998742714524 0.09333333559334278
0 0.731874983641319 0.38833334273658693 0.04124999907799065 0.0533333346247673
0 0.8556249808752909 0.4141666766954586 0.056249998742714524 0.06833333498798311
0 0.8974999799393117 0.47916667826939374 0.06249999860301614 0.10833333595655859
0 0.944999978877604 0.4116666766349226 0.06499999854713678 0.08666666876524687
