0 0.05514705990208313 0.8520971294492483 0.10441176674794406 0.26490066200494766
0 0.03602941246936098 0.343267107848078 0.04852941271383315 0.0772626930847764
0 0.10882353154011071 0.3543046354316175 0.058823530562222004 0.09050772618502378
0 0.17573529755463824 0.6070640170946717 0.06323529535438865 0.10596026480197906
0 0.13161764963297173 0.322295805439353 0.027941177017055452 0.044150110334157944
0 0.23823529877699912 0.33774834405630827 0.029411765281111002 0.035320088267326355
0 0.2676470640581101 0.3730684323236346 0.0470588244497776 0.0838852096349001
0 0.3242647122242488 0.40507726231589913 0.08088235452305526 0.12582781445235014
0 0.3911764782387763 0.34216335508972406 0.0470588244497776 0.0794701986014843
0 0.3507353009772487 0.31898454716429114 0.027941177017055452 0.04194260481745005
0 0.42352942004799843 0.3454746133647859 0.029411765281111002 0.05518763791769743
0 0.45588236185722053 0.3730684323236346 0.0323529418092221 0.04856512136757374
0 0.48750000953441486 0.3178807944059372 0.05147058924194425 0.09713024273514748
0 0.5375000105123036 0.3708609268069267 0.08970588410738856 0.150110375136137
0 0.5926470704143867 0.36203090474009514 0.0441176479216665 0.07064017653465271
0 0.624264718091581 0.3454746133647859 0.030882353545166552 0.050772626884281635
0 0.6463235420524143 0.3355408385396004 0.030882353545166552 0.03973509930074215
0 0.7102941315388307 0.35099337715655565 0.061764707090333104 0.09271523170173168
0 0.6338235418079421 0.31456953613087535 0.014705882640555501 0.03311258275061846
0 0.6647058953531086 0.7108167763799429 0.11470588459633291 0.20309050753712654
0 0.807352956966497 0.29690949199721217 0.0970588254276663 0.1479028696194291
0 0.8941176645457745 0.33002207474783063 0.026470588752999902 0.050772626884281635
0 0.9779411955969408 0.38520971266552806 0.0441176479216665 0.11699779238551855
