0 0.08333333535119891 0.8333333767950535 0.12777778087183833 0.24583334615454078
0 0.025000000605359674 0.46770835772622377 0.04722222336567938 0.11875000619329512
0 0.06388889043591917 0.483333358541131 0.055555556900799274 0.10416667209938169
0 0.15069444809341803 0.6135416986653581 0.10138889134395868 0.17708334256894886
0 0.16458333731861785 0.46666669100522995 0.056944445823319256 0.08750000456348062
0 0.19305556023027748 0.4447916898643598 0.04722222336567938 0.08541667112149298
0 0.22847222775453702 0.5416666949167848 0.05972222366835922 0.11666667275130749
0 0.17222222639247775 0.5479166952427477 0.07222222397103906 0.1291666734032333
0 0.307638896338176 0.4645833575632423 0.05416666797827929 0.10000000521540642
0 0.42569445475237444 0.5364583613118157 0.07083333504851907 0.12708333996124566
0 0.45486112212529406 0.4812500250991434 0.056944445823319256 0.10833333898335695
0 0.4118055655271746 0.4770833582151681 0.0458333344431594 0.07083333702757955
0 0.4062500098370947 0.4312500224914402 0.04305555659811944 0.06666667014360428
0 0.47013890027301386 0.8718750454718247 0.2152777829905972 0.25625001336447895
0 0.5069444567197934 0.7593750396044925 0.11666666949167848 0.147916674381122
0 0.5923611254547723 0.5010416927980259 0.06250000151339918 0.09791667177341878
0 0.5868055697646923 0.4583333572372794 0.05138889013323933 0.08333333767950535
0 0.5770833473070525 0.42916668904945254 0.04305555659811944 0.06666667014360428
0 0.7381944623193704 0.45416669035330415 0.0458333344431594 0.07916667079553008
0 0.7388889067806304 0.517708360333927 0.05277777905575931 0.08541667112149298
0 0.7736111298436299 0.5395833614747971 0.06388889043591917 0.10000000521540642
0 0.6819444609573111 0.6468750337371603 0.07777777966111898 0.15625000814907253
0 0.8833333547227085 0.8812500459607691 0.15000000363215804 0.23333334550261497
0 0.9611111343838274 0.7072917035548016 0.07777777966111898 0.1604166750330478
0 0.8756944656488486 0.5125000267289579 0.05416666797827929 0.10000000521540642
0 0.9333333559334278 0.5229166939388961 0.05277777905575931 0.10000000521540642
