0 0.5186839983507525 0.21650212281383574 0.023558082932140678 0.04654443031176925
0 0.547522341250442 0.2031029686331749 0.022745735244825482 0.03949224390089512
0 0.5357432997843716 0.17983075347729027 0.018683996808249503 0.03244005749002099
0 0.5800162487430498 0.1043723588809371 0.022745735244825482 0.03667136933654547
0 0.6015434624569025 0.09026798605918884 0.01543460605898872 0.028208745643496513
0 0.45491470489650965 0.10084626567550004 0.016246953746303916 0.03526093205437064
0 0.37855402228888124 0.11777151306159794 0.014622258371673524 0.03526093205437064
0 0.3326563779555727 0.15303244511596859 0.018683996808249503 0.03244005749002099
0 0.26157595531549305 0.19605078222230077 0.022745735244825482 0.03667136933654547
0 0.11129163316218182 0.29971792246215045 0.024370430619455874 0.040902681183069944
0 0.10194963475805707 0.3413258222863078 0.023558082932140678 0.03949224390089512
0 0.16368805899401195 0.30465445294976234 0.020308692182879895 0.04231311846524477
0 0.23923639391432516 0.42031031008809805 0.04467912280233577 0.07334273867309093
0 0.2128350940765813 0.22849083971232176 0.016246953746303916 0.03667136933654547
