0 0.10834670945769176 0.4474548468715511 0.04494382021948695 0.09031198744196445
0 0.20064205455128103 0.27914614300243556 0.020866773673333228 0.045977011788636446
0 0.22913322629756294 0.27422003459651023 0.02487961476435885 0.045977011788636446
0 0.2700642054260243 0.22824302280787379 0.020064205455128103 0.03940886724740267
0 0.30818619579076767 0.2323481131461449 0.020866773673333228 0.044334975653328
0 0.30939004811807536 0.20361248077824712 0.021669341891538352 0.049261084059253335
0 0.32865168535499834 0.22167487826664 0.021669341891538352 0.045977011788636446
0 0.34871589081012644 0.199507390439976 0.015248796145897359 0.034482758841477334
0 0.36637239161063917 0.2545156009728089 0.020064205455128103 0.049261084059253335
0 0.3980738362297416 0.22742200474021956 0.01926163723692298 0.037766831112094223
0 0.36556982339243405 0.19129720976343378 0.018459069018717855 0.044334975653328
0 0.38764044939307496 0.17816092068096623 0.01926163723692298 0.04105090338271111
0 0.4390048153582029 0.30131363082909957 0.025682182982563972 0.05090312019456178
0 0.42897271263063885 0.18308702908689156 0.015248796145897359 0.037766831112094223
0 0.4317817013943568 0.15435139671899378 0.014446227927692235 0.03284072270616889
0 0.4498394863039721 0.15599343285430223 0.016853932582307607 0.03612479497678578
0 0.47030497586820275 0.236453203484416 0.01926163723692298 0.049261084059253335
0 0.4927768859779462 0.19704433623701334 0.01765650080051273 0.03940886724740267
0 0.48635634023230523 0.1584564870572649 0.01926163723692298 0.044334975653328
0 0.4927768859779462 0.13957307150121778 0.01765650080051273 0.03612479497678578
0 0.5196629212878179 0.1584564870572649 0.020064205455128103 0.044334975653328
0 0.5609951845253818 0.15681445092195645 0.01926163723692298 0.034482758841477334
0 0.5533707864524331 0.12479474628344178 0.015248796145897359 0.03284072270616889
0 0.5742375601257663 0.19047619169577956 0.015248796145897359 0.03940886724740267
0 0.5798555376532022 0.16009852319257334 0.015248796145897359 0.037766831112094223
0 0.5794542535440996 0.12972085468936712 0.016051364364102483 0.03284072270616889
0 0.6071428570721764 0.14449917990714312 0.016853932582307607 0.03612479497678578
0 0.6051364365266636 0.18226601101923734 0.012841091491281986 0.03940886724740267
0 0.5979133225628175 0.10837438493035734 0.014446227927692235 0.03612479497678578
0 0.6231942214362789 0.18555008328985423 0.015248796145897359 0.04269293951801956
0 0.6316211877274327 0.12068965594517067 0.014446227927692235 0.031198686570860445
0 0.6520866772916634 0.13957307150121778 0.016853932582307607 0.03612479497678578
0 0.6593097912555095 0.169950740004424 0.015248796145897359 0.034482758841477334
0 0.6649277687829453 0.1288998366217129 0.015248796145897359 0.037766831112094223
0 0.688202247110894 0.12725780048640445 0.015248796145897359 0.031198686570860445
0 0.6886035312199965 0.15681445092195645 0.014446227927692235 0.034482758841477334
0 0.7134831459843554 0.1510673244483769 0.014446227927692235 0.03612479497678578
0 0.7058587479114067 0.20032840850763023 0.016853932582307607 0.04269293951801956
0 0.678972712601535 0.22988505894318223 0.01765650080051273 0.045977011788636446
0 0.6215890849998686 0.2832512333407067 0.02487961476435885 0.060755337006412446
0 0.5730337077984586 0.3243021367234178 0.025682182982563972 0.05747126473579556
0 0.6059390047448687 0.3571428594295867 0.02889245585538447 0.06403940927702934
0 0.666131621110253 0.38259441952686757 0.02889245585538447 0.059113300871104
0 0.7271268056938425 0.384236455662176 0.02889245585538447 0.06239737314172089
0 0.7195024076208938 0.2471264383639209 0.021669341891538352 0.05090312019456178
0 0.7435794541670475 0.21346469759009778 0.020064205455128103 0.049261084059253335
0 0.7508025681308936 0.2848932694760151 0.020064205455128103 0.05090312019456178
0 0.7937399678048678 0.24794745643157512 0.01765650080051273 0.049261084059253335
0 0.7764847511134576 0.19786535430466756 0.018459069018717855 0.04105090338271111
0 0.7600321026402526 0.1880131374928169 0.016051364364102483 0.034482758841477334
0 0.8093900480598677 0.18226601101923734 0.016853932582307607 0.04269293951801956
0 0.8170144461328164 0.214285715657752 0.01926163723692298 0.044334975653328
0 0.8298555376240984 0.2027914627105929 0.014446227927692235 0.04105090338271111
0 0.814606741478201 0.288177341746632 0.022471910109743476 0.06403940927702934
0 0.8599518458067905 0.31937602831749246 0.020064205455128103 0.044334975653328
0 0.869582664425252 0.29310345015255734 0.018459069018717855 0.05090312019456178
0 0.7961476724594831 0.421182268706616 0.032102728728204966 0.07717569835949689
0 0.8699839485343546 0.47372742503648624 0.030497592291794717 0.08045977063011378
0 0.8784109148255084 0.41954023257130757 0.02487961476435885 0.06403940927702934
0 0.9622792936279438 0.41215106996241957 0.024077046546153724 0.07553366222418845
0 0.9466292133729439 0.3653530401061289 0.021669341891538352 0.060755337006412446
0 0.9281701443542261 0.3201970463851467 0.020064205455128103 0.045977011788636446
0 0.8916532904258929 0.26765189005527645 0.01926163723692298 0.045977011788636446
0 0.8679775279888418 0.2175697879283689 0.01364365970948711 0.04105090338271111
0 0.9121187799901236 0.22249589633429423 0.015248796145897359 0.044334975653328
0 0.9305778490088414 0.25862069131108 0.016853932582307607 0.04105090338271111
0 0.9494382021366619 0.236453203484416 0.016051364364102483 0.04269293951801956
0 0.9755216692283284 0.3497536968206987 0.016853932582307607 0.05582922860048711
0 0.9735152486828156 0.31116584764095023 0.014446227927692235 0.037766831112094223
0 0.9887640448287129 0.2766830887994729 0.01765650080051273 0.034482758841477334
