0 0.07166666840203106 0.616666681598872 0.0533333346247673 0.07333333510905504
0 0.14250000345055014 0.615555570460856 0.06833333498798311 0.13333333656191826
0 0.2841666735475883 0.5888889031484723 0.05500000133179128 0.08000000193715096
0 0.33166667469777167 0.5911111254245043 0.04666666779667139 0.0844444464892149
0 0.35583334194961935 0.8188889087177813 0.1450000035110861 0.2066666716709733
0 0.383333342615515 0.692222238983959 0.11000000266358256 0.16222222615033388
0 0.4291666770586744 0.61444445932284 0.06833333498798311 0.10888889152556658
0 0.49250001192558557 0.6411111266352236 0.06500000157393515 0.10444444697350264
0 0.5608333469135687 0.61444445932284 0.07166666840203106 0.11777778062969446
0 0.537500013015233 0.4366666772402823 0.041666667675599456 0.060000001452863216
0 0.8341666868655011 0.7722222409211099 0.14166667009703815 0.20222222711890936
0 0.9325000225799158 0.6500000157393515 0.10500000254251063 0.16666667070239782
0 0.8858333547832444 0.537777790799737 0.04833333450369537 0.07111111283302307
0 0.7766666854731739 0.6655555716715753 0.076666668523103 0.1000000024214387
0 0.7216666841413826 0.6555555714294314 0.060000001452863216 0.10222222469747066
0 0.7716666853521019 0.5800000140443444 0.05666666803881526 0.09777778014540672
0 0.6833333498798311 0.5755555694922805 0.03666666755452752 0.06666666828095913
0 0.841666687047109 0.5788889029063284 0.04666666779667139 0.07777777966111898
0 0.7208333507878706 0.5866666808724403 0.04500000108964741 0.057777779176831245
