0 0.07283950602868572 0.4741824401426129 0.025514403241686523 0.07745266717392951
0 0.11810699565103278 0.5826161741861142 0.03539094643201679 0.08089500793721527
0 0.0695473249652423 0.40877796564018354 0.028806584305129945 0.06368330412078649
0 0.04238683119183406 0.23063683114014566 0.0222222221782431 0.048192770686000586
0 0.11687242775224149 0.20223751984303817 0.023045267444103956 0.04647160030435771
0 0.16831275686854497 0.25473321648314595 0.0222222221782431 0.048192770686000586
0 0.19176954694557935 0.42426849907496944 0.0296296295709908 0.06024096335750073
0 0.2353909460362047 0.35370051342761144 0.024691357975825667 0.06024096335750073
0 0.24650205712532625 0.2736660906812176 0.025514403241686523 0.058519792975857854
0 0.18600823008455336 0.1919104975531809 0.019753086380660534 0.039586918777786195
0 0.15185185155132785 0.1497418232029304 0.02057613164652139 0.04130808915942907
0 0.1880658432492055 0.1299483638140373 0.017283950583077967 0.03614457801450044
0 0.22181069914950058 0.13511187495896593 0.013991769519634545 0.03270223725121468
0 0.24485596659360453 0.11445783037925139 0.013991769519634545 0.029259896487928927
0 0.287654320418369 0.19449225312564522 0.0222222221782431 0.05163511144928634
0 0.3139917689259164 0.20912220136960968 0.01893004111479968 0.04302925954107195
0 0.2958847730769776 0.1497418232029304 0.01893004111479968 0.04475042992271483
0 0.35020576062379405 0.2160068828961812 0.017283950583077967 0.04302925954107195
0 0.3823045259923674 0.16609294182853773 0.015637860051356256 0.039586918777786195
0 0.42098765348782763 0.15748708992032334 0.015637860051356256 0.04302925954107195
0 0.36049382644705474 0.0748709116014652 0.01646090531721711 0.039586918777786195
0 0.40329218027181923 0.08261617831885815 0.01316872425377369 0.030981066869571805
0 0.4263374477159232 0.07573149679228663 0.01316872425377369 0.030981066869571805
0 0.48518518422497436 0.06540447450242937 0.012345678987912834 0.02753872610628605
0 0.45967078098328784 0.11531841557007283 0.015637860051356256 0.03786574839614332
0 0.47160493733827025 0.1101549044251442 0.0148148147854954 0.03442340763285756
0 0.4679012336418964 0.14457831205800176 0.015637860051356256 0.02753872610628605
0 0.5111111100995913 0.17297762335510924 0.01316872425377369 0.03270223725121468
0 0.4872427973896265 0.2030981050338596 0.0148148147854954 0.04130808915942907
0 0.4765432089334354 0.24784853495657444 0.021399176912382245 0.0550774522125721
0 0.5629629618488252 0.2977624760242179 0.021399176912382245 0.0550774522125721
0 0.5489711923291907 0.45524956594454125 0.03127572010271251 0.070567985647358
0 0.5609053486841731 0.17297762335510924 0.015637860051356256 0.039586918777786195
0 0.5123456779983826 0.09638554137200117 0.010699588456191123 0.030981066869571805
0 0.5465020565316081 0.07401032641064376 0.01316872425377369 0.03442340763285756
0 0.5818930029636249 0.12822719343239442 0.01316872425377369 0.03270223725121468
0 0.5847736613941379 0.08691910427296534 0.012345678987912834 0.02581755572464317
0 0.5851851840270683 0.1919104975531809 0.0148148147854954 0.04647160030435771
0 0.6144032909651287 0.22203097923193127 0.015637860051356256 0.04130808915942907
0 0.604115225141868 0.12908777862321585 0.011522633722051978 0.03786574839614332
0 0.6234567888895981 0.09552495618117973 0.017283950583077967 0.03270223725121468
0 0.652263373194728 0.13597246014978737 0.013991769519634545 0.030981066869571805
0 0.6967078175512142 0.18932874198071659 0.015637860051356256 0.03786574839614332
0 0.7127572002355009 0.23752151266671717 0.01646090531721711 0.04130808915942907
0 0.6794238669681363 0.32960412808461115 0.023868312709964812 0.049913941067643464
0 0.7337448545149527 0.20998278656043112 0.013991769519634545 0.03786574839614332
0 0.7847736609983258 0.19449225312564522 0.015637860051356256 0.03786574839614332
0 0.7971193399862386 0.3545610986184329 0.01893004111479968 0.05163511144928634
0 0.8238683111267164 0.22633390518603846 0.01316872425377369 0.03270223725121468
0 0.8617283933563158 0.260757312818896 0.0148148147854954 0.04302925954107195
0 0.9411522615118884 0.34767641709186137 0.02057613164652139 0.05163511144928634
0 0.880246911838185 0.2891566241160035 0.017283950583077967 0.04475042992271483
