0 0.2767857284634374 0.3943396285176277 0.05987395264673978 0.1320754736661911
0 0.38025212031789124 0.5264151021838188 0.0756302559748292 0.14339622855186462
0 0.351365564216394 0.21698113530874252 0.026260505546815693 0.06037735939025879
0 0.40388657531002536 0.2669811360538006 0.026260505546815693 0.0584905669093132
0 0.4201680887490511 0.21037736162543297 0.021008404437452555 0.035849057137966156
0 0.46691178862238303 0.22830189019441605 0.022058824659325182 0.04150943458080292
0 0.49789918516762555 0.2207547202706337 0.02310924488119781 0.049056604504585266
0 0.5793067523627542 0.2528301924467087 0.024159665103070438 0.056603774428367615
0 0.6397059151204303 0.22830189019441605 0.02731092576868832 0.06415094435214996
0 0.5257353210472502 0.07641509547829628 0.01365546288434416 0.028301887214183807
0 0.5745798613643274 0.11226415261626244 0.016806723549962044 0.028301887214183807
0 0.602415997243952 0.10943396389484406 0.015756303328089416 0.022641509771347046
0 0.6365546544548124 0.12075471878051758 0.010504202218726277 0.02641509473323822
0 0.6654412105563097 0.10471698269248009 0.019957984215579927 0.024528302252292633
