0 0.05500000133179128 0.543967267498374 0.043333334382623434 0.05725971236824989
0 0.0916666688863188 0.5224948753602803 0.03666666755452752 0.051124743185937405
0 0.13666666997596622 0.5224948753602803 0.043333334382623434 0.06339468155056238
0 0.1683333374094218 0.5214723804965615 0.033333334140479565 0.04907975345849991
0 0.18500000447966158 0.4928425243124366 0.033333334140479565 0.040899794548749924
0 0.2216666720341891 0.48568506026640534 0.03666666755452752 0.04703476373106241
0 0.25666667288169265 0.5163599061779678 0.04000000096857548 0.04703476373106241
0 0.20250000490341336 0.5419222777709365 0.03500000084750354 0.04907975345849991
0 0.21666667191311717 0.6145194130949676 0.043333334382623434 0.0552147226408124
0 0.304166674031876 0.519427390769124 0.03500000084750354 0.044989774003624916
0 0.33333334140479565 0.4887525448575616 0.030000000726431608 0.044989774003624916
0 0.36500000883825123 0.5265848548151553 0.03666666755452752 0.06339468155056238
0 0.3300000079907477 0.6308793309144676 0.04000000096857548 0.04703476373106241
0 0.40333334309980273 0.4948875140398741 0.033333334140479565 0.04907975345849991
0 0.4133333433419466 0.5460122572258115 0.030000000726431608 0.04907975345849991
0 0.4283333437051624 0.6196318874135613 0.04000000096857548 0.04907975345849991
0 0.45666667772457004 0.5102249369956553 0.04000000096857548 0.051124743185937405
0 0.4816666783299297 0.5378322983160615 0.033333334140479565 0.04907975345849991
0 0.535833346308209 0.5419222777709365 0.03500000084750354 0.0531697329133749
0 0.5416666797827929 0.6247443617321551 0.04666666779667139 0.06339468155056238
0 0.5600000135600567 0.49182002944871783 0.033333334140479565 0.051124743185937405
0 0.616666681598872 0.4693251424469054 0.03666666755452752 0.051124743185937405
0 0.5950000144075602 0.5449897623620927 0.03666666755452752 0.051124743185937405
0 0.6441666822647676 0.6206543822772801 0.041666667675599456 0.05930470209568739
0 0.6575000159209594 0.5327198239974678 0.03500000084750354 0.04703476373106241
0 0.6775000164052472 0.5092024421319366 0.03500000084750354 0.0531697329133749
0 0.7166666840203106 0.539877288043499 0.043333334382623434 0.05725971236824989
0 0.7558333516353741 0.5061349575407803 0.03500000084750354 0.051124743185937405
0 0.7608333517564461 0.5541922161355615 0.03500000084750354 0.04907975345849991
0 0.7350000177975744 0.6308793309144676 0.04000000096857548 0.05930470209568739
0 0.8216666865628213 0.552147226408124 0.04000000096857548 0.0531697329133749
0 0.7983333526644856 0.5143149164505303 0.03666666755452752 0.051124743185937405
0 0.8525000206427649 0.5173824010416865 0.0383333342615515 0.04907975345849991
0 0.8833333547227085 0.560327185317874 0.04000000096857548 0.04907975345849991
0 0.9066666886210442 0.5214723804965615 0.03666666755452752 0.044989774003624916
0 0.9333333559334278 0.5368098034523427 0.04000000096857548 0.051124743185937405
0 0.8933333549648523 0.6370143000967801 0.043333334382623434 0.06339468155056238
