0 0.12759259234007914 0.6397222377127036 0.07148148134001531 0.10500000254251063
0 0.1705555552180158 0.7013889058725908 0.06037037025089376 0.08833333547227085
0 0.06222222209908068 0.9075000219745561 0.08222222205949947 0.14944444806315005
0 0.02944444438617211 0.8022222416475415 0.05518518507597037 0.12111111404374242
0 0.2562962957890704 0.6402777932817116 0.06444444431690499 0.08722222433425486
0 0.23370370324118994 0.763055574032478 0.06444444431690499 0.10055555799044669
0 0.26092592540953774 0.8277777978219092 0.0840740739076864 0.12777778087183833
0 0.31722222159442026 0.6752777941292152 0.06259259246871807 0.10166666912846267
0 0.4033333325351123 0.6175000149523839 0.05629629618488252 0.09722222457639873
0 0.40666666586184874 0.7511111292988062 0.06592592579545453 0.12444444745779037
0 0.4742592583206715 0.6827777943108231 0.05666666655451991 0.0922222244553268
0 0.5572222211194457 0.611388903693296 0.069259259122191 0.10166666912846267
0 0.53537036931084 0.39361112064216286 0.05296296285814606 0.09277778002433479
0 0.5259259248850867 0.9069444664055482 0.1111111108912155 0.1605555594433099
0 0.6518518505617976 0.8752777989720926 0.08592592575587332 0.14388889237307012
0 0.6953703689941904 0.7558333516353741 0.06999999986146577 0.11944444733671844
0 0.7533333318424411 0.6747222385602072 0.06370370357763022 0.10500000254251063
0 0.8362962946412154 0.6505555713083595 0.06518518505617976 0.09555555786937475
0 0.886481479727081 0.767777796369046 0.07222222207929008 0.13444444769993424
0 0.816666665050434 0.8619444653159007 0.10148148128064349 0.1461111146491021
0 0.7574074059084523 0.9436111339600757 0.08444444427732378 0.10611111368052661
0 0.9355555537040345 0.7061111282091588 0.06740740727400407 0.09777778014540672
