0 0.08142605482134968 0.4131455458700657 0.05193661875091493 0.06572770047932863
0 0.1267605610191822 0.4853286455036141 0.0968309841118753 0.12793427414726466
0 0.18882041901815683 0.3632629160420038 0.046654928708449006 0.06455399154219776
0 0.24867957283277065 0.38145540456753224 0.046654928708449006 0.06807511835359037
0 0.3679577396251261 0.4495305229211226 0.06514084385707974 0.09624413284473121
0 0.3714788663201034 0.3673708973219618 0.035211266949772835 0.05868544685654342
0 0.42209506256040186 0.39201878500171006 0.0378521119710058 0.056338028982281685
0 0.4573063295101747 0.3485915543278679 0.027288731886073947 0.049295775359496474
0 0.5092429482610896 0.40551643777871504 0.04841549205593765 0.0669014094164595
0 0.5013204131973907 0.37969484116183594 0.02904929523356259 0.04342723067384213
0 0.4749119629850611 0.5504694915143773 0.09947182913310826 0.1713615048211068
0 0.6835387196624652 0.44131456036120653 0.06249999883584678 0.10093896859325469
0 0.6214788616634905 0.3943662028759718 0.0422535203397274 0.06572770047932863
0 0.5629401303594932 0.37793427775613964 0.04137323866598308 0.044600939610973
0 0.6205985799897462 0.3550469534820877 0.024647886864840984 0.034037559176795185
0 0.6676936495350674 0.37441315094474703 0.027288731886073947 0.044600939610973
0 0.727112662512809 0.35387324454495683 0.03169014025479555 0.05281690217088908
0 0.7693661828525364 0.4113849824643694 0.04929577372968197 0.07629108091350645
0 0.8041373089654371 0.3943662028759718 0.0378521119710058 0.056338028982281685
0 0.8419894209364429 0.38849765819031745 0.0378521119710058 0.04694835748523474
0 0.8556337868794799 0.3691314607276581 0.03345070360228419 0.055164320045150816
0 0.8688380119856447 0.6191314643365331 0.12323943432420492 0.2077464818721637
0 0.9603873060550541 0.48943662678357214 0.07922535063698888 0.10563380434177816
0 0.9374999825377017 0.4031690199044533 0.056338027119636536 0.05985915579367429
0 0.9515844893176109 0.3808685500989668 0.03169014025479555 0.05751173791941255
