0 0.27693143958458677 0.4035087749361992 0.06202393735293299 0.12865497171878815
0 0.3944504787796177 0.5019493214786053 0.08161044388543814 0.1461988314986229
0 0.34385200357064605 0.18908382207155228 0.026115342043340206 0.054580897092819214
0 0.41621326381573454 0.19980506971478462 0.02285092428792268 0.044834308326244354
0 0.4445048843626864 0.19883041083812714 0.02285092428792268 0.03898635506629944
0 0.4651795301469974 0.2290448360145092 0.025027202791534364 0.05263157933950424
0 0.44722523249220103 0.24853801354765892 0.023939063539728522 0.056530214846134186
0 0.5935799618600868 0.2495126724243164 0.027203481295146048 0.046783626079559326
0 0.6414580889395438 0.2300194948911667 0.027203481295146048 0.06627680361270905
0 0.58487484784564 0.11500974744558334 0.014145810273475945 0.027290448546409607
0 0.6120783291407861 0.10526315867900848 0.014145810273475945 0.027290448546409607
0 0.6452665763208643 0.12280701845884323 0.015233949525281787 0.027290448546409607
0 0.6681175006087869 0.11598440632224083 0.013057671021670103 0.025341130793094635
