0 0.09114315564511344 0.24862385517917573 0.015447992482222617 0.042201835196465254
0 0.11483007745118812 0.2449541303794831 0.013388260151259601 0.02752293599769473
0 0.16786818497348577 0.2577981671784073 0.02265705564059317 0.045871559996157885
0 0.21627189475111663 0.2275229375809431 0.020597323309630156 0.04403669759631157
0 0.27960866392822936 0.20733945118263364 0.017507724813185632 0.03669724799692631
0 0.261586006032303 0.3880733975674957 0.039134914288297296 0.09357798239216208
0 0.3475798308500089 0.23761468078009784 0.03604531579185277 0.06422018399462104
0 0.4031926037860103 0.10458715679123998 0.013388260151259601 0.029357798397541046
0 0.43511845491593704 0.09633027599193156 0.0072090631583705544 0.02018348639830947
0 0.4464469827362336 0.17247706558555365 0.015447992482222617 0.03302752319723368
0 0.46292484138393775 0.17522935918532312 0.02368692180607468 0.06055045919492841
0 0.5102986849960871 0.09082568879239261 0.011328527820296586 0.03486238559707999
0 0.5211122797336429 0.0715596335940063 0.008238929323852062 0.022018348798155785
0 0.5499485323671252 0.07064220239408314 0.010298661654815078 0.0238532111980021
0 0.5762101195869036 0.08440367039293051 0.011328527820296586 0.025688073597848415
0 0.5875386474072002 0.0715596335940063 0.00926879548933357 0.022018348798155785
0 0.6483007511706091 0.06880733999423683 0.011328527820296586 0.0238532111980021
0 0.625643695530016 0.203669726382941 0.025746654137037694 0.04403669759631157
0 0.6627188774873503 0.1605504599865526 0.019567457144148648 0.045871559996157885
0 0.6874356654589064 0.15045871678739786 0.021627189475111663 0.05137614719569683
0 0.6894953977898695 0.08073394559323788 0.011328527820296586 0.022018348798155785
0 0.7682801594492048 0.1431192671880126 0.01853759097866714 0.04036697279661894
0 0.7868177504278719 0.12477064318954945 0.012358393985778093 0.03669724799692631
0 0.8084449399029836 0.09633027599193156 0.012358393985778093 0.02752293599769473
0 0.8465499880257994 0.15137614798732102 0.014418126316741109 0.042201835196465254
0 0.8697219767491333 0.1495412855874747 0.013388260151259601 0.03853211039677262
0 0.9073120917892084 0.18256880878470838 0.012358393985778093 0.03119266079738736
0 0.9057672925409861 0.21284403838217258 0.019567457144148648 0.04403669759631157
0 0.9320288797607645 0.16972477198578417 0.010298661654815078 0.02752293599769473
0 0.9376931436709128 0.1844036711845547 0.011328527820296586 0.03486238559707999
0 0.7100927210994996 0.09266055119223893 0.011328527820296586 0.02752293599769473
0 0.7348095090710558 0.07339449599385262 0.011328527820296586 0.029357798397541046
0 0.6446962195914239 0.0779816519934684 0.010298661654815078 0.02018348639830947
0 0.6112255692132749 0.10366972559131682 0.00926879548933357 0.02018348639830947
