0 0.34106279321713373 0.20862068887799978 0.01932367100380361 0.03448275849223137
0 0.40869564173044637 0.2301724129356444 0.021256038104183972 0.039655172266066074
0 0.42028984433272853 0.2181034474633634 0.015458936803042889 0.0327586205676198
0 0.4381642400112469 0.2189655164256692 0.01835748745361343 0.04482758603990078
0 0.486956509295851 0.21206896472722292 0.021256038104183972 0.04827586188912392
0 0.49903380367322825 0.18706896482035518 0.02028985455399379 0.039655172266066074
0 0.5024154460988939 0.13448275811970234 0.013526569702662528 0.03448275849223137
0 0.5323671361547895 0.19482758548110723 0.023188405204564333 0.04482758603990078
0 0.5821255889895838 0.17241379246115685 0.01835748745361343 0.04137931019067764
0 0.6198067474470008 0.13448275811970234 0.01835748745361343 0.037931034341454506
0 0.6376811431255192 0.25431034388020635 0.025120772304944694 0.05689655151218176
0 0.6613526401051786 0.19224137859418988 0.02028985455399379 0.04655172396451235
0 0.6990337985625956 0.3068965505808592 0.028019322955515236 0.062068965286016464
0 0.7198067448916845 0.18448275793343782 0.021256038104183972 0.037931034341454506
0 0.7608695457747672 0.2568965507671237 0.022222221654374152 0.04482758603990078
0 0.8439613310911227 0.33534482633695006 0.024154588754754514 0.060344827361404896
0 0.8657004609704018 0.2887931023724377 0.025120772304944694 0.060344827361404896
0 0.8304347613884602 0.22844827501103282 0.022222221654374152 0.049999999813735485
0 0.840096596890362 0.19913793029263616 0.01835748745361343 0.04310344811528921
0 0.888405774399871 0.2241379301995039 0.01835748745361343 0.04137931019067764
0 0.9241545657569077 0.20862068887799978 0.01642512035323307 0.04482758603990078
0 0.9289854835078586 0.28793103341013193 0.022222221654374152 0.04482758603990078
