0 0.1458333368645981 0.42187499057035893 0.06333333486691117 0.10624999762512743
0 0.23416667233686894 0.36624999181367457 0.08666666876524687 0.1424999968148768
0 0.33166667469777167 0.4468749900115654 0.16666667070239782 0.2587499942164868
0 0.4908333452185616 0.42124999058432877 0.051666667917743325 0.10249999770894647
0 0.6216666817199439 0.30999999307096004 0.1450000035110861 0.21499999519437551
0 0.6937500167987309 0.42812499043066055 0.0458333344431594 0.09374999790452421
0 0.7229166841716506 0.4599999897181988 0.02750000066589564 0.07249999837949872
0 0.7829166856245138 0.45749998977407813 0.05916666809935123 0.12499999720603228
0 0.8087500195833854 0.47624998935498297 0.030833334079943597 0.07249999837949872
0 0.8683333543594927 0.46374998963437974 0.061666668159887195 0.1149999974295497
0 0.915833355509676 0.5012499887961894 0.030000000726431608 0.0549999987706542
0 0.9408333561150357 0.4824999892152846 0.02833333401940763 0.05999999865889549
0 0.9670833567506634 0.5099999886006117 0.04416666773613542 0.0874999980442226
