0 0.1560000074096024 0.1755617995513603 0.05600000265985727 0.09831460774876177
0 0.22900001087691635 0.5042134883115068 0.06200000294484198 0.09269663016311824
0 0.3290000156266615 0.48595506115816534 0.0740000035148114 0.10674157412722707
0 0.38500001828651875 0.4747191059868783 0.050000002374872565 0.07865168619900942
0 0.4790000227512792 0.5589887697715312 0.10200000484474003 0.1292134844698012
0 0.5110000242711976 0.5238764098612592 0.06200000294484198 0.10955056292004883
0 0.5950000282609835 0.4873595555545762 0.042000001994892955 0.07022471982054412
0 0.6940000329632312 0.4873595555545762 0.05600000265985727 0.08146067499183118
0 0.7030000333907083 0.5646067473571748 0.0780000037048012 0.1292134844698012
0 0.760000036098063 0.6558988831238821 0.144000006839633 0.20505618187598884
0 0.8340000396128744 0.5238764098612592 0.06000000284984708 0.08707865257747471
0 0.8080000383779407 0.4985955107258633 0.03600000170990825 0.07022471982054412
0 0.9070000430801883 0.5786516913212836 0.0780000037048012 0.1123595517128706
0 0.9590000455500558 0.5323033762397245 0.05400000256486237 0.08146067499183118
0 0.9640000457875431 0.4873595555545762 0.04000000189989805 0.07022471982054412
