0 0.24846937699476257 0.34601449919864535 0.052040814072825015 0.09420290030539036
0 0.5331632422166876 0.19384058332070708 0.023469386738725007 0.043478261679410934
0 0.5867346684681252 0.163043481297791 0.018367346143350005 0.03985507320612669
0 0.6163265039213002 0.22735507669858634 0.018367346143350005 0.04528985591605306
0 0.6617346652201377 0.1911231919657439 0.019387754262425005 0.04166666744276881
0 0.6709183382918127 0.22192029398865998 0.017346938024275005 0.03804347896948457
0 0.6602040530415252 0.24637681618332863 0.024489794857800007 0.05434782709926367
0 0.7096938468166627 0.1983695689123124 0.021428570500575006 0.04528985591605306
0 0.7428571106866002 0.22010869975201786 0.018367346143350005 0.03079710202291608
0 0.7306122132577002 0.2771739182062447 0.024489794857800007 0.050724638625979424
0 0.7479591512819752 0.2608695700764656 0.022448978619650006 0.04710145015269518
0 0.7239795604837127 0.35960145597346127 0.03163265169132501 0.07427536370232701
0 0.8091836384264752 0.3867753695230931 0.03061224357225001 0.08514492912217975
0 0.8632652687374502 0.4266304427292198 0.03673469228670001 0.07789855217561126
0 0.8178571074386127 0.24275362771004438 0.023469386738725007 0.05797101557254791
