0 0.07656250114087015 0.35523615195415914 0.04687500069849193 0.06981519749388099
0 0.14687500218860805 0.36755648092366755 0.05312500079162419 0.07392197381705046
0 0.22265625331783667 0.3726899513276294 0.048437500721774995 0.07186858565546572
0 0.3054687545518391 0.391170444781892 0.03593750053551048 0.05544148036278784
0 0.28984375431900844 0.3788501158123836 0.04218750062864274 0.06776180933229625
0 0.3617187553900294 0.3788501158123836 0.03593750053551048 0.05544148036278784
0 0.3984375059371814 0.3983573033474386 0.037500000558793545 0.05338809220120311
0 0.4250000063329935 0.35215606971178204 0.03125000046566129 0.05133470403961837
0 0.4515625067288056 0.39322383294347674 0.034375000512227416 0.05954825668595731
0 0.48671875725267455 0.3665297868428752 0.04218750062864274 0.05133470403961837
0 0.5000000074505806 0.40554416191298515 0.040625000605359674 0.05544148036278784
0 0.5421875080792233 0.36447639868129045 0.040625000605359674 0.05133470403961837
0 0.5570312583004124 0.410677632316947 0.03593750053551048 0.05338809220120311
0 0.6203125092433766 0.39630391518585384 0.040625000605359674 0.06570842117071152
0 0.6093750090803951 0.360369622358121 0.034375000512227416 0.05544148036278784
0 0.6531250097323209 0.3850102802971378 0.037500000558793545 0.05954825668595731
0 0.6742187600466423 0.4137577145593241 0.03593750053551048 0.0472279277164489
0 0.6820312601630576 0.3542094578733668 0.03281250048894435 0.0472279277164489
0 0.7257812608149834 0.40246407967060804 0.04531250067520887 0.06981519749388099
0 0.7156250106636435 0.371663257246837 0.03125000046566129 0.04928131587803364
0 0.7507812611875124 0.3562628460349515 0.03281250048894435 0.05544148036278784
0 0.7851562616997398 0.3624230105197057 0.04218750062864274 0.05954825668595731
0 0.8242187622818165 0.3942505270242691 0.051562500768341124 0.07802875014021993
0 0.885156263189856 0.3819301980547607 0.04218750062864274 0.05749486852437258
