0 0.16620111936936155 0.35126050759572536 0.03817504702601582 0.08067226968705654
0 0.2611731875804253 0.2806722716195509 0.01955307286698371 0.030252101132646203
0 0.2965549384825863 0.2647058849106543 0.023277467698790133 0.03529411798808724
0 0.3175046594114974 0.22016806935425848 0.016759776743128896 0.033613445702940226
0 0.3310055906767957 0.2386554644908756 0.021415270282886922 0.033613445702940226
0 0.3454376206500456 0.21092437178594992 0.018621974159032106 0.031932773417793214
0 0.3542830583755858 0.23529411992058158 0.01955307286698371 0.033613445702940226
0 0.37616387801244855 0.21932773321168497 0.018621974159032106 0.028571428847499192
0 0.384543766384013 0.1941176489344798 0.020484171574935317 0.03529411798808724
0 0.41061453020665795 0.17058823694242164 0.016759776743128896 0.028571428847499192
0 0.4213221653481014 0.18571428750874475 0.021415270282886922 0.028571428847499192
0 0.4539106201264076 0.17226890922756866 0.01955307286698371 0.03529411798808724
0 0.44785847852472216 0.18571428750874475 0.016759776743128896 0.028571428847499192
0 0.43109870178159326 0.21092437178594992 0.016759776743128896 0.02521008427720517
0 0.4688081994536333 0.149579833378084 0.01396648061927408 0.02689075656235218
0 0.48510242684278637 0.1327731105266139 0.011173184495419264 0.023529411992058158
0 0.5004655555239879 0.147899161092937 0.01396648061927408 0.02689075656235218
0 0.5232774738688022 0.12352941295830533 0.013035381911322474 0.02521008427720517
0 0.5563314780010842 0.11092437081970274 0.01210428320337087 0.020168067421764135
0 0.5679702118504792 0.12184874067315832 0.018621974159032106 0.02521008427720517
0 0.5945065250271 0.11260504310484976 0.01210428320337087 0.020168067421764135
0 0.6256983317434788 0.0890756311127916 0.011173184495419264 0.023529411992058158
0 0.6317504733451642 0.10840336239198223 0.01582867803517729 0.03529411798808724
0 0.6461825033184141 0.09159663954051211 0.011173184495419264 0.02521008427720517
0 0.660614533291664 0.051260504696983844 0.01582867803517729 0.028571428847499192
0 0.6149906966020353 0.14369748038006946 0.01955307286698371 0.03529411798808724
0 0.5726257053902373 0.17142857308499515 0.022346368990838528 0.04033613484352827
0 0.5158286842051893 0.19915966578992084 0.02607076382264495 0.04873949626926333
0 0.48277468007290736 0.20252101036021486 0.0176908754510805 0.031932773417793214
0 0.4571694656042382 0.222689077781979 0.022346368990838528 0.03529411798808724
0 0.4683426500996575 0.24873949820175767 0.02607076382264495 0.04369747941382229
0 0.4385474914452061 0.24789916205918416 0.02793296123854816 0.03865546255838126
0 0.3505586635437794 0.27394958247896284 0.027001862530596554 0.03697479027323425
0 0.5055865984177217 0.2823529439046979 0.02793296123854816 0.05378151312470436
0 0.568435761204455 0.24537815363146365 0.021415270282886922 0.04369747941382229
0 0.533054010302294 0.3462184907402843 0.025139665114693344 0.05042016855441034
0 0.5903165808413178 0.34873949916800484 0.02979515865445137 0.06554621912073344
0 0.6066108082304709 0.2663865571958013 0.023277467698790133 0.05546218540985137
0 0.6340782201150432 0.2075630272156559 0.020484171574935317 0.04201680712867528
0 0.6615456319996156 0.20504201878793538 0.021415270282886922 0.047058823984116316
0 0.6708566190791316 0.17647058994043618 0.01955307286698371 0.03697479027323425
0 0.6871508464682847 0.18235294293845072 0.020484171574935317 0.031932773417793214
0 0.6871508464682847 0.21176470792852342 0.022346368990838528 0.04369747941382229
0 0.6727188164950348 0.11680672381771728 0.01582867803517729 0.028571428847499192
0 0.7211359493085183 0.14033613580977544 0.0176908754510805 0.03529411798808724
0 0.7355679792817682 0.12100840453058481 0.014897579327225685 0.033613445702940226
0 0.7551210521487519 0.10252100939396769 0.014897579327225685 0.03697479027323425
0 0.7583798976265825 0.12268907681573182 0.01210428320337087 0.023529411992058158
0 0.7793296185554937 0.1184873961028643 0.011173184495419264 0.031932773417793214
0 0.7900372536969371 0.1344537828117609 0.01582867803517729 0.03697479027323425
0 0.8063314810860902 0.1327731105266139 0.014897579327225685 0.023529411992058158
0 0.8282123007229529 0.1352941189543344 0.01396648061927408 0.03865546255838126
0 0.8496275710058399 0.14621848880778998 0.01210428320337087 0.04033613484352827
0 0.8598696567933075 0.13949579966720194 0.01582867803517729 0.03697479027323425
0 0.8817504764301702 0.15462185023352504 0.011173184495419264 0.030252101132646203
0 0.8952514076954685 0.13949579966720194 0.010242085787467659 0.033613445702940226
0 0.9259776650578715 0.15294117794837803 0.01582867803517729 0.02689075656235218
0 0.8882681673858315 0.16806722851470113 0.016759776743128896 0.03697479027323425
0 0.849162021651864 0.19159664050675929 0.020484171574935317 0.030252101132646203
0 0.9231843689340167 0.18823529593646526 0.01582867803517729 0.033613445702940226
0 0.9166666779783554 0.21848739706911147 0.0176908754510805 0.03697479027323425
0 0.8715083906427026 0.24117647291859612 0.016759776743128896 0.03529411798808724
0 0.9092178883147426 0.25966386805521324 0.023277467698790133 0.045378151698969305
0 0.804469283670187 0.2546218511997722 0.020484171574935317 0.04873949626926333
0 0.7886406056350097 0.18235294293845072 0.020484171574935317 0.03529411798808724
0 0.7532588547328487 0.17226890922756866 0.016759776743128896 0.031932773417793214
0 0.7425512195914052 0.19579832121962681 0.025139665114693344 0.04201680712867528
0 0.7537244040868245 0.25798319577006623 0.027001862530596554 0.05210084083955735
0 0.7341713312198408 0.295798322185874 0.027001862530596554 0.05378151312470436
0 0.7849162108032033 0.3100840366096236 0.02793296123854816 0.05210084083955735
0 0.6731843658490106 0.33781512931454927 0.03351955348625779 0.057142857694998384
0 0.37709497672040015 0.2512605066294782 0.018621974159032106 0.028571428847499192
0 0.6587523358757608 0.299159666756168 0.030726257362402976 0.04369747941382229
