0 0.08353221870493144 0.32611730886856094 0.01591089880093932 0.03212290408555418
0 0.13046937016770244 0.3009776448016055 0.020684168441221118 0.04888268013019115
0 0.22474144556326792 0.2723463607253507 0.029435162781737745 0.05865921615622938
0 0.187748605851084 0.48952512530377135 0.0445505166426301 0.08519552822690457
0 0.2999204423977062 0.26536312070675194 0.025457438081502914 0.05307262414135039
0 0.33134446752956137 0.25488826067885384 0.021479713381268084 0.04888268013019115
0 0.36913285218179226 0.25768155668629333 0.025457438081502914 0.04608938412275165
0 0.43038981256540865 0.2136871445691213 0.017501988681033254 0.036312848096713424
0 0.4526650708867237 0.23044692061375827 0.019093078561127186 0.04189944011159241
0 0.4311853575054556 0.27304468472721055 0.025457438081502914 0.054469272145070136
0 0.4896579105989076 0.3107541808276437 0.029435162781737745 0.05726256815250963
0 0.5441527389921248 0.353351944941096 0.02863961784169078 0.044692736119031906
0 0.7179793083923869 0.14175977237755433 0.019888623501174152 0.04329608811531216
0 0.7513921958743595 0.1501396603998728 0.016706443740986288 0.040502792107872665
0 0.8866348356823437 0.21578211657470092 0.021479713381268084 0.04608938412275165
