0 0.06237623956985772 0.7250000175554305 0.10495049832388759 0.2966666738502681
0 0.05643564532510936 0.5800000140443444 0.08910891367122531 0.17333333753049374
0 0.22475248225964606 0.6266666818410158 0.12475247913971543 0.22000000532716513
0 0.25346535444259644 0.540000013075769 0.07920792326331139 0.13333333656191826
0 0.27821783046238124 0.4816666783299297 0.06930693285539746 0.14333333680406213
0 0.4356435779482126 0.230000005569309 0.05940594244748354 0.14666667021811008
0 0.487128728069365 0.48000001162290573 0.07524752710014582 0.13333333656191826
0 0.4267326865810901 0.610000014770776 0.10495049832388759 0.2133333384990692
0 0.5178217983338982 0.6483333490323275 0.15643564844504 0.25000000605359674
0 0.772277251817286 0.5900000142864883 0.11089109256863594 0.2066666716709733
0 0.956435673404485 0.5033333455212414 0.08712871558964252 0.18666667118668556
