0 0.17929759935941547 0.47944079304579645 0.042513863765634596 0.08388157957233489
0 0.27171904232818633 0.2886513179400936 0.014787430875003338 0.024671052815392613
0 0.27171904232818633 0.26069079141598195 0.018484288593754172 0.02796052652411163
0 0.2874306876328774 0.26973684411495924 0.018484288593754172 0.03289473708719015
0 0.33133087304304354 0.28207237052265555 0.021256931882817298 0.03453947394154966
0 0.3729205223789904 0.2886513179400936 0.021256931882817298 0.03453947394154966
0 0.3946395614766516 0.19983552780468017 0.014787430875003338 0.02796052652411163
0 0.3719963079493027 0.18832236982416362 0.015711645304691046 0.02796052652411163
0 0.40388170577352867 0.17680921184364706 0.014787430875003338 0.02796052652411163
0 0.41635860057431273 0.17187500128056854 0.015711645304691046 0.02796052652411163
0 0.4168207077891566 0.11184210609644651 0.014787430875003338 0.02631578966975212
0 0.44131239017588086 0.18585526454262435 0.01386321644531563 0.03289473708719015
0 0.4390018541016616 0.2384868438821286 0.016635859734378755 0.03947368450462818
0 0.469500930281356 0.2277960543287918 0.02033271745312959 0.037828947650268674
0 0.48290203951182775 0.19654605409596115 0.017560074164066464 0.02796052652411163
0 0.4722735735704191 0.18421052768826485 0.016635859734378755 0.029605263378471136
0 0.47689464571885765 0.1513157906010747 0.014787430875003338 0.02631578966975212
0 0.4963031487422995 0.13980263262055814 0.009242144296877086 0.016447368543595076
0 0.5092421507579274 0.14555921161081642 0.011090573156252503 0.0213815791066736
0 0.5212569383438677 0.1406250010477379 0.011090573156252503 0.0213815791066736
0 0.5180221878399607 0.1710526328533888 0.015711645304691046 0.029605263378471136
0 0.5531423361680936 0.12253289564978331 0.01386321644531563 0.0213815791066736
0 0.577171911339974 0.14144736947491765 0.015711645304691046 0.029605263378471136
0 0.5864140556368511 0.12253289564978331 0.015711645304691046 0.024671052815392613
0 0.6090573091642 0.10773026396054775 0.01293900201562792 0.024671052815392613
0 0.6261552761134226 0.1085526323877275 0.010166358726564795 0.023026315961033106
0 0.6076709875196684 0.14309210632927716 0.01386321644531563 0.02631578966975212
0 0.567929767043097 0.18009868555236608 0.01386321644531563 0.031250000232830644
0 0.5443622990860604 0.18750000139698386 0.018484288593754172 0.036184210795909166
0 0.488447326089954 0.34621710784267634 0.02680221846094355 0.04111842135898769
0 0.5281885465665255 0.3560855289688334 0.02680221846094355 0.044407895067706704
0 0.6705175687384326 0.330592107726261 0.024953789601568133 0.04605263192206621
0 0.5780961257696617 0.23601973860058933 0.01940850302344188 0.04111842135898769
0 0.6113678452384192 0.24671052815392613 0.01940850302344188 0.03947368450462818
0 0.6256931688985787 0.21052631735801697 0.014787430875003338 0.036184210795909166
0 0.6511090657149907 0.220394738484174 0.015711645304691046 0.03947368450462818
0 0.6825323563243728 0.24095394916366786 0.017560074164066464 0.03453947394154966
0 0.7273567561642267 0.2508223702898249 0.02033271745312959 0.05427631619386375
0 0.7458410447579809 0.2294407911831513 0.02033271745312959 0.044407895067706704
0 0.7744916920782998 0.26973684411495924 0.024029575171880424 0.04934210563078523
0 0.7287430778087582 0.3421052657067776 0.028650647320318967 0.0657894741743803
0 0.761090582847828 0.35690789739601314 0.0323475050390698 0.06907894788309932
0 0.7116451108595356 0.1973684225231409 0.022181146312505007 0.03947368450462818
0 0.6880776429024991 0.19243421196006238 0.015711645304691046 0.036184210795909166
0 0.6538817090040538 0.17351973813492805 0.01940850302344188 0.03453947394154966
0 0.6580406739376485 0.11513157980516553 0.011090573156252503 0.023026315961033106
0 0.6423290286329575 0.13815789576619864 0.01293900201562792 0.023026315961033106
0 0.691312393406406 0.10608552710618824 0.011090573156252503 0.0213815791066736
0 0.745378937543137 0.11842105351388454 0.01386321644531563 0.029605263378471136
0 0.7721811560040805 0.1299342114944011 0.012014787585940212 0.023026315961033106
0 0.7550831890548579 0.15953947487287223 0.016635859734378755 0.02631578966975212
0 0.777264335367363 0.19819079095032066 0.018484288593754172 0.037828947650268674
0 0.8294824506447185 0.12171052722260356 0.010166358726564795 0.01973684225231409
0 0.8271719145704992 0.14309210632927716 0.01293900201562792 0.02631578966975212
0 0.8285582362150308 0.19490131724160165 0.017560074164066464 0.037828947650268674
0 0.8012939105392434 0.25328947557136416 0.02033271745312959 0.03947368450462818
0 0.8553604546759743 0.2598684229888022 0.015711645304691046 0.0427631582133472
0 0.8752310649142601 0.2154605279210955 0.014787430875003338 0.03289473708719015
0 0.9085027843830176 0.24259868601802737 0.014787430875003338 0.031250000232830644
0 0.9154343926056754 0.20723684364929795 0.015711645304691046 0.036184210795909166
0 0.8535120258165989 0.16118421172723174 0.01386321644531563 0.02631578966975212
0 0.8743068504845724 0.18750000139698386 0.014787430875003338 0.01973684225231409
0 0.9223660008283332 0.15871710644569248 0.011090573156252503 0.02796052652411163
0 0.8622920628986321 0.12335526407696307 0.011090573156252503 0.02631578966975212
0 0.8729205288400408 0.34621710784267634 0.02680221846094355 0.04769736877642572
0 0.9117375348869245 0.37664473964832723 0.030499076179694384 0.03947368450462818
0 0.891404817433795 0.2845394758041948 0.017560074164066464 0.036184210795909166
