0 0.06632965921016876 0.555163018143503 0.05422794309561141 0.09402173483977094
0 0.15579044668993447 0.5736412781698164 0.04503676629974507 0.07663043128559366
0 0.10600490571232513 0.5070651942514814 0.04166666814126074 0.0717391271609813
0 0.06250000221189111 0.4548912835889496 0.035539216944016516 0.06413043185602874
0 0.015778186832903884 0.49347823834978044 0.02726715782773681 0.06413043185602874
0 0.04810049189836718 0.42309780677896924 0.030637255986221135 0.04945651948219165
0 0.0269607852678746 0.4019021555723157 0.0269607852678746 0.057065214787144214
0 0.009957108195521869 0.36114128786721267 0.019301471271319315 0.05163043242646381
0 0.012254902394488454 0.28478259569965303 0.010416667035315186 0.017391303554177284
0 0.016084559392766096 0.2989130298374221 0.012561274954350665 0.026086955331265926
0 0.03216911878553219 0.3019021601357963 0.011029412155039608 0.022282607678789645
0 0.04365808978036512 0.31059781191288494 0.0162377456726972 0.024456520623061806
0 0.057904413813957945 0.32581520252279006 0.019607843831181526 0.030978259455878288
0 0.09068627771921456 0.3551630272704642 0.02083333407063037 0.03206521592801437
0 0.1265318672230933 0.36059780963114463 0.021446079190354794 0.03858695476083085
0 0.1590073585684877 0.37717389583121985 0.02083333407063037 0.03695652005262673
0 0.181219369158498 0.392663025559159 0.023590687109390274 0.03858695476083085
0 0.2028186346287839 0.39456519938539714 0.015318627993110567 0.03478260710835457
0 0.2271752531378297 0.4252717197232414 0.023590687109390274 0.04402173712151125
0 0.25811888168391306 0.4266304153134115 0.02297794198966585 0.03913043299689889
0 0.32781863905256614 0.48288041274645366 0.030024510866496712 0.058152171259280294
0 0.37346815047203563 0.4711956306709908 0.034926471824292094 0.061956518911756575
0 0.40134805341949686 0.4749999783234671 0.030637255986221135 0.04673912830185145
0 0.46032477119297255 0.49755432512029074 0.023590687109390274 0.058152171259280294
0 0.4889706055400893 0.5124999766121618 0.026348040148150176 0.04782608477398753
0 0.5176164398872061 0.5040760639531072 0.027879902947461233 0.058152171259280294
0 0.4745710952265654 0.4673912830185145 0.02022058895090595 0.03478260710835457
0 0.4987745274556801 0.4654891091922764 0.015318627993110567 0.04076086770510301
0 0.5265012441232102 0.4725543262611609 0.016850490792421624 0.03206521592801437
0 0.4402573685219977 0.44646737092989497 0.023897059669252485 0.03423912887228653
0 0.39843751410080586 0.42608693707734346 0.021139706630492583 0.03804347652476281
0 0.37346815047203563 0.41249998117564246 0.019607843831181526 0.03804347652476281
0 0.3535539340809919 0.4032608511624858 0.021446079190354794 0.027173911803402007
0 0.34099265912664123 0.4440217188675888 0.017156863352283835 0.03913043299689889
0 0.30407476566324476 0.4524456315266434 0.024203432229114696 0.03967391123296693
0 0.30407476566324476 0.40951085087726824 0.017463235912146047 0.029891302983742207
0 0.2856924120715121 0.40706519881496206 0.016850490792421624 0.027173911803402007
0 0.6669730628200341 0.5372282363532577 0.03125000110594556 0.060326084203552455
0 0.72043507451599 0.513858672202332 0.02726715782773681 0.05054347595432773
0 0.7034313974436373 0.5119564983760938 0.016544118232559413 0.04239130241330713
0 0.7614889975375263 0.5187499763269443 0.02297794198966585 0.04293478064937517
0 0.7824755178880878 0.5114130201400258 0.01593137311283499 0.03804347652476281
0 0.7918198809638852 0.4891304124612361 0.012561274954350665 0.03586956358049065
0 0.8085171854763757 0.5230978022154886 0.02083333407063037 0.03967391123296693
0 0.8537071380560519 0.5342391060548835 0.01807598103187047 0.03478260710835457
0 0.8347120393445948 0.5144021504384 0.0162377456726972 0.03423912887228653
0 0.9018076299544191 0.5160325851466041 0.01378676519379951 0.030978259455878288
0 0.9192708658665651 0.5119564983760938 0.012561274954350665 0.029347824747674167
0 0.9296875329018803 0.501358672772767 0.01133578471490182 0.023369564150925726
0 0.9401041999371955 0.5206521501531824 0.01378676519379951 0.024999998859129846
0 0.9489890041731996 0.4959238904120866 0.013174020074075088 0.020108694734517485
0 0.9724265050026588 0.5206521501531824 0.01593137311283499 0.029347824747674167
0 0.06525735525065102 0.2989130298374221 0.010416667035315186 0.018478260026313365
0 0.042279413260985166 0.29021737806033343 0.01593137311283499 0.020652172970585525
0 0.07919730672438163 0.3222825939883478 0.017463235912146047 0.028260868275538087
0 0.10738358223170508 0.3293478110572323 0.016850490792421624 0.027173911803402007
0 0.13878676961758174 0.33532607165398076 0.011029412155039608 0.027173911803402007
0 0.12729779862274881 0.325271724286722 0.013174020074075088 0.029891302983742207
0 0.14430147569510154 0.31874998545390554 0.011029412155039608 0.023369564150925726
0 0.17049632956332061 0.3211956375162117 0.011948529834626243 0.026086955331265926
0 0.19791667367098853 0.34211954960483126 0.015318627993110567 0.025543477095197886
0 0.18428309475712012 0.3358695498900488 0.013174020074075088 0.020652172970585525
0 0.24632353812921792 0.37608693935908377 0.017156863352283835 0.029347824747674167
0 0.23069853757624514 0.3494565057917498 0.011029412155039608 0.020652172970585525
0 0.27895221575454343 0.36793476581806317 0.013174020074075088 0.020652172970585525
0 0.28768383371061645 0.3614130269852467 0.014093137753661722 0.027173911803402007
0 0.2939644711877918 0.3538043316802941 0.01133578471490182 0.019565216498449445
0 0.2731311371171614 0.3453804190212395 0.01378676519379951 0.022282607678789645
0 0.2588848130835686 0.36358693992951885 0.014705882873386145 0.024999998859129846
0 0.24142157717142254 0.32418476781458594 0.014705882873386145 0.020108694734517485
0 0.5657169317855733 0.513858672202332 0.023590687109390274 0.04836956301005557
0 0.6118260020448361 0.5201086719171144 0.023284314549528062 0.04673912830185145
0 0.6475184052687837 0.5209238892712165 0.0162377456726972 0.04076086770510301
0 0.6924019852885976 0.48124997803824954 0.02022058895090595 0.03749999828869477
0 0.678462033814867 0.5040760639531072 0.016850490792421624 0.03749999828869477
0 0.6706495335383806 0.47717389126773924 0.018995098711457103 0.03152173769194633
0 0.6426164443109883 0.4796195433300454 0.017463235912146047 0.03532608534442261
0 0.6280637477175333 0.4779891086218413 0.014093137753661722 0.03315217240015045
0 0.6106005118053872 0.47744563038577326 0.02022058895090595 0.03315217240015045
0 0.5862438932963414 0.4779891086218413 0.0162377456726972 0.03641304181655869
0 0.5735294320620596 0.4834238909825217 0.019607843831181526 0.03967391123296693
0 0.5660233043454355 0.45679345741518773 0.017463235912146047 0.027717390039470047
0 0.5854779618966859 0.4524456315266434 0.01593137311283499 0.025543477095197886
0 0.6092218352860073 0.44864128387416713 0.012561274954350665 0.023369564150925726
0 0.6272978163178777 0.44592389269382693 0.015012255433248356 0.029891302983742207
0 0.649509826907888 0.46657606566441245 0.012867647514212877 0.029891302983742207
0 0.6968443874065997 0.45570650094305165 0.013174020074075088 0.028804346511606127
0 0.7170649763575057 0.4630434571299702 0.01562500055297278 0.03260869416408241
0 0.7230392412748188 0.43831519738887437 0.011029412155039608 0.021195651206653565
0 0.7541360561008332 0.47309780449722894 0.014399510313523933 0.029891302983742207
0 0.7382046829879982 0.46766302213654853 0.010723039595177397 0.026630433567333966
0 0.7671568898949772 0.4627717180119362 0.011029412155039608 0.024456520623061806
0 0.7789522334496723 0.44347824063152075 0.009497549355728552 0.020652172970585525
0 0.7902880181645742 0.45570650094305165 0.010723039595177397 0.024456520623061806
0 0.861060079492745 0.515217367792502 0.012561274954350665 0.028260868275538087
0 0.8670343444100581 0.49918475982849486 0.012867647514212877 0.024456520623061806
0 0.878523315404891 0.49619562953012064 0.014399510313523933 0.028260868275538087
0 0.8511029712972231 0.4779891086218413 0.0134803926339373 0.025543477095197886
0 0.8184742936718976 0.48396736921858974 0.015012255433248356 0.030978259455878288
0 0.6478247778286459 0.4358695453265682 0.013174020074075088 0.020652172970585525
0 0.7064951230422594 0.4309782412019558 0.011642157274764031 0.017391303554177284
0 0.6962316422868753 0.4320651976740919 0.010110294475452974 0.017391303554177284
0 0.8102022345556179 0.46657606566441245 0.01133578471490182 0.021195651206653565
0 0.827665470467764 0.4779891086218413 0.008884804236004129 0.022282607678789645
0 0.7447916930250358 0.49646736864815466 0.01593137311283499 0.03206521592801437
0 0.44684437855903525 0.4086956335231662 0.017463235912146047 0.03478260710835457
0 0.4586397221137304 0.44076084945118055 0.014093137753661722 0.028260868275538087
0 0.48146447782346513 0.45298910976271145 0.019914216391043738 0.03749999828869477
0 0.4946384978975402 0.4309782412019558 0.018688726151594892 0.03152173769194633
0 0.48759192902070936 0.41494563323794864 0.01807598103187047 0.030978259455878288
0 0.5321691364806611 0.447010849165963 0.016544118232559413 0.027717390039470047
0 0.5427389897959074 0.4269021544314455 0.010723039595177397 0.026630433567333966
0 0.5571385001094313 0.4323369367921259 0.011948529834626243 0.021195651206653565
0 0.5695465887838509 0.4304347629658878 0.011029412155039608 0.023913042386993766
0 0.5850184030568926 0.42989128472981974 0.013174020074075088 0.021739129442721605
0 0.5851715893368237 0.41114128558547236 0.011029412155039608 0.017934781790245324
0 0.5978860505711054 0.4048912858706899 0.008884804236004129 0.020652172970585525
0 0.5877757560956525 0.3942934602673631 0.007046568876830861 0.016847825318109244
0 0.5799632558191661 0.3994565035100095 0.006127451197244227 0.018478260026313365
0 0.6283701202773955 0.40271737292641774 0.008578431676141918 0.011956521193496883
0 0.6435355619905749 0.41793476353632286 0.008272059116279706 0.018478260026313365
0 0.5655637455056421 0.4130434594117105 0.009803921915590763 0.020652172970585525
0 0.5620404610672267 0.3942934602673631 0.008884804236004129 0.020108694734517485
0 0.5474877644737717 0.4119565029395744 0.007965686556417495 0.016304347082041204
0 0.5217524694453459 0.4358695453265682 0.01593137311283499 0.029347824747674167
0 0.5136335966089973 0.40434780763462186 0.014399510313523933 0.021739129442721605
0 0.5191483026865171 0.3861412867263425 0.008884804236004129 0.017934781790245324
0 0.5081188905314775 0.3804347652476281 0.007659313996555284 0.014130434137769043
0 0.47625614430580754 0.4146738941199146 0.01133578471490182 0.026086955331265926
0 0.4678308989095967 0.39456519938539714 0.009803921915590763 0.020652172970585525
0 0.4773284482653253 0.38260867819190025 0.00674019631696865 0.018478260026313365
0 0.4863664387812605 0.37717389583121985 0.007659313996555284 0.015217390609905124
0 0.49509805673733354 0.3861412867263425 0.007352941436693072 0.016847825318109244
0 0.45802697699400596 0.34483694078517146 0.008578431676141918 0.016847825318109244
0 0.44684437855903525 0.38532606937224045 0.010110294475452974 0.017391303554177284
0 0.4564951141946949 0.39347824291326106 0.009803921915590763 0.017391303554177284
0 0.4237132502894383 0.37989128701156005 0.00919117679586634 0.019565216498449445
0 0.4341299173247535 0.3869565040804446 0.012254902394488454 0.022826085914857686
0 0.42754290728771593 0.41521737235598266 0.011948529834626243 0.027173911803402007
0 0.4132965832541231 0.4171195461822208 0.0134803926339373 0.029891302983742207
0 0.41390932837384753 0.3940217211493291 0.011029412155039608 0.020652172970585525
0 0.403033102498739 0.378804330539424 0.008884804236004129 0.018478260026313365
0 0.40916055369598325 0.36929346140823327 0.008884804236004129 0.015760868845973164
0 0.4155943774530897 0.36494563551968895 0.005821078637382016 0.017934781790245324
0 0.38740810194576625 0.3964673732116353 0.013174020074075088 0.029891302983742207
0 0.3786764839896932 0.37717389583121985 0.011642157274764031 0.019565216498449445
0 0.3939951119828038 0.3695652005262673 0.011642157274764031 0.020652172970585525
0 0.3694853071938269 0.35027172314585187 0.009803921915590763 0.013586955901701003
0 0.3641237873962382 0.3888586779066827 0.011948529834626243 0.027717390039470047
0 0.36090687551768497 0.36874998317216523 0.011642157274764031 0.023369564150925726
0 0.34390319844533224 0.37961954789352603 0.01378676519379951 0.017934781790245324
0 0.35263481640140526 0.3616847661032807 0.007965686556417495 0.020108694734517485
0 0.353707120360923 0.34592389725730754 0.010110294475452974 0.020108694734517485
0 0.5317095776408678 0.40298911204445176 0.008272059116279706 0.017934781790245324
0 0.5459559016744606 0.3902173734968528 0.007352941436693072 0.016304347082041204
0 0.23069853757624514 0.39456519938539714 0.018995098711457103 0.03478260710835457
0 0.21461397818347905 0.3834238955460023 0.01562500055297278 0.03423912887228653
0 0.21951593914127443 0.3586956358049065 0.012561274954350665 0.023913042386993766
0 0.22334559613955207 0.3334238978277426 0.00919117679586634 0.019021738262381405
0 0.2080269681464415 0.3263586807588581 0.012867647514212877 0.023369564150925726
0 0.6629902195418254 0.4309782412019558 0.009803921915590763 0.021739129442721605
0 0.675551494496176 0.42853258913964964 0.009803921915590763 0.021195651206653565
