0 0.056250001362059265 0.4614814805681817 0.02750000066589564 0.04888888879213482
0 0.11791666952194646 0.47333333239657804 0.03916666761506349 0.07259259244892746
0 0.1908333379542455 0.4688888879609294 0.02833333401940763 0.06370370357763022
0 0.20833333837799728 0.4096296288189478 0.025000000605359674 0.04888888879213482
0 0.25000000605359674 0.46296296204673126 0.023333333898335695 0.0370370369637385
0 0.2662500064470805 0.47555555461440235 0.020833333837799728 0.03851851844228804
0 0.2816666734870523 0.46296296204673126 0.021666667191311717 0.0370370369637385
0 0.30208334064809605 0.45555555465398356 0.025833333958871663 0.04888888879213482
0 0.3895833427668549 0.45111111021833494 0.04416666773613542 0.08444444427732378
0 0.4212500102003105 0.47111111017875373 0.025833333958871663 0.06814814801327884
0 0.4345833438565023 0.4548148139147088 0.024166667251847684 0.05037037027068436
0 0.45458334434079006 0.4518518509576097 0.022500000544823706 0.05333333322778344
0 0.4691666780272499 0.4451851843041368 0.02000000048428774 0.03999999992083758
0 0.4812500116531737 0.49037036939989775 0.042500001029111445 0.06814814801327884
0 0.5058333455817774 0.44888888800051063 0.030000000726431608 0.05333333322778344
0 0.5262500127428211 0.4592592583503574 0.02916666737291962 0.05629629618488252
0 0.537916679691989 0.39111111033707857 0.020833333837799728 0.03555555548518896
0 0.6733333496376872 0.4792592583107762 0.031666667433455586 0.04296296287793666
0 0.7166666840203106 0.4592592583503574 0.025000000605359674 0.05037037027068436
0 0.7433333513326943 0.4592592583503574 0.030000000726431608 0.0592592591419816
0 0.767500018584542 0.46296296204673126 0.02000000048428774 0.03999999992083758
0 0.7862500190385617 0.47851851757150143 0.034166667493991554 0.074074073927477
0 0.8154166864114814 0.4718518509180285 0.030833334079943597 0.05481481470633298
0 0.8529166873195209 0.46370370278600603 0.042500001029111445 0.08592592575587332
0 0.8908333549043164 0.444444443564862 0.03500000084750354 0.07999999984167516
0 0.9362500226707198 0.46592592500383034 0.05416666797827929 0.09037037019152194
