0 0.05501930398168042 0.34660033171530813 0.0193050189409405 0.036484245443716645
0 0.3976833901833743 0.19817578775109723 0.0193050189409405 0.03150912106502801
0 0.5193050095112994 0.07545605307677761 0.0154440151527524 0.024875621893443167
0 0.5067567471996881 0.15091210615355521 0.01351351325865835 0.03316749585792422
0 0.44305018469458446 0.2553897181060165 0.02123552083503455 0.03980099502950907
0 0.47297296405304223 0.2213930348516442 0.02123552083503455 0.04809286899399012
0 0.5936293324339204 0.12686567165656015 0.0154440151527524 0.024875621893443167
0 0.4917953575204592 0.27694859041366726 0.027992277464363724 0.05306799337267876
0 0.5376447775051929 0.2794361526030116 0.0231660227291286 0.05804311775136739
0 0.6602316477801651 0.24212271976284683 0.0231660227291286 0.0597014925442636
0 0.7239382102852687 0.18159203982213512 0.0193050189409405 0.034825870650820434
