0 0.27195767569355667 0.40926276973914355 0.07195767294615507 0.12287334888242185
0 0.39312169852200896 0.5321361186215654 0.07301587401889265 0.13799622259102762
0 0.31005291431210935 0.2079395134933293 0.02539682574570179 0.04914933955296874
0 0.4084656140767038 0.2674858287209645 0.02751322789117694 0.058601135620847344
0 0.4248677307041362 0.2126654115272686 0.017989418236538768 0.035916825057938695
0 0.4756613821955398 0.22967864444945008 0.020105820382013917 0.03213610663078725
0 0.4957672025775537 0.22022684838157147 0.020105820382013917 0.035916825057938695
0 0.5899470980511978 0.26086957147344947 0.028571428963914514 0.04158790269866586
0 0.6232804318424314 0.24480151815805584 0.02751322789117694 0.058601135620847344
0 0.5603174680145457 0.07939508697018027 0.01587301609106362 0.02646502899006009
0 0.5973545055603608 0.11625709163490683 0.01587301609106362 0.028355388203635812
0 0.6137566221877933 0.11531191202811897 0.014814815018326044 0.030245747417211533
0 0.6285714372061193 0.12003781006205827 0.014814815018326044 0.028355388203635812
0 0.6751322844065726 0.10869565478060395 0.016931217163801193 0.028355388203635812
