0 0.3316831669653766 0.4749034659471363 0.06270627037156373 0.1196911174338311
0 0.2876787667046301 0.21138995740329847 0.01650165009777993 0.02895752841141075
0 0.31188118684804067 0.22683397255605087 0.014301430084742606 0.02895752841141075
0 0.32563256192952394 0.18629343278007582 0.01760176010429859 0.02895752841141075
0 0.32728272693930194 0.22297296876786277 0.009900990058667958 0.02895752841141075
0 0.3377337720012292 0.22972972539719194 0.01760176010429859 0.0347490340936929
0 0.3476347620598972 0.24227798770880327 0.02200220013037324 0.03667953598778695
0 0.390539052314125 0.23745173297356814 0.01760176010429859 0.0347490340936929
0 0.3674367421772331 0.18629343278007582 0.015401540091261268 0.03667953598778695
0 0.4422442226205021 0.24420848960289732 0.01760176010429859 0.04054053977597505
0 0.392189217323903 0.21042470645625144 0.012101210071705282 0.0347490340936929
0 0.4455445526400581 0.2084942045621574 0.015401540091261268 0.038610037881881
0 0.38778877729782835 0.15926640626275912 0.012101210071705282 0.02895752841141075
0 0.3976897673564963 0.2007721969857812 0.01650165009777993 0.0308880303055048
0 0.41474147245753556 0.1853281818330288 0.013201320078223944 0.0193050189409405
0 0.42189218749990687 0.15733590436866507 0.009900990058667958 0.02123552083503455
0 0.43949394760420546 0.16409266099799424 0.01650165009777993 0.0308880303055048
0 0.46039603772806004 0.18050192709779367 0.01650165009777993 0.03667953598778695
0 0.47304730280302465 0.1583011553157121 0.008800880052149296 0.0347490340936929
0 0.4917491729138419 0.16119690815685317 0.01100110006518662 0.02895752841141075
0 0.4823982378584333 0.14092663826886564 0.007700770045630634 0.0308880303055048
0 0.5181518130702898 0.13223937974544242 0.01100110006518662 0.03281853219959885
0 0.5247524731094018 0.1776061742566526 0.015401540091261268 0.0347490340936929
0 0.5495049482560717 0.15637065342161804 0.01650165009777993 0.0231660227291286
0 0.5539053882821463 0.1853281818330288 0.014301430084742606 0.0463320454582572
0 0.5753575334092602 0.21911196497967467 0.02200220013037324 0.04054053977597505
0 0.5770076984190382 0.13030887785134837 0.014301430084742606 0.03281853219959885
0 0.5902090184972622 0.1583011553157121 0.014301430084742606 0.0308880303055048
0 0.5924092385102995 0.11776061553973705 0.012101210071705282 0.0308880303055048
0 0.6490649038460106 0.11389961175154895 0.013201320078223944 0.0308880303055048
0 0.6155115486471914 0.1235521212220192 0.012101210071705282 0.0193050189409405
0 0.6254125387058593 0.14092663826886564 0.01650165009777993 0.038610037881881
0 0.6100109986145981 0.21428571024443954 0.020902090123854578 0.038610037881881
0 0.6342134187580086 0.23262547823833302 0.0231023101368919 0.05212355114053935
0 0.6743674339959398 0.3252895691548474 0.026402640156447887 0.06370656250510365
0 0.6881188090774231 0.2596525047556497 0.020902090123854578 0.04054053977597505
0 0.6760175990057178 0.22683397255605087 0.0231023101368919 0.04826254735235125
0 0.6573157288949005 0.17567567236255854 0.01650165009777993 0.0347490340936929
0 0.6435643538134173 0.15926640626275912 0.015401540091261268 0.02895752841141075
0 0.6765676540089771 0.11679536459269002 0.01100110006518662 0.02895752841141075
0 0.6969196891295724 0.11293436080450192 0.012101210071705282 0.02895752841141075
0 0.714521449233871 0.17471042141551152 0.01650165009777993 0.04054053977597505
0 0.7354235393577255 0.23359072918538004 0.018701870110817254 0.038610037881881
0 0.7304730443283916 0.14864864584524184 0.015401540091261268 0.038610037881881
0 0.7535753544652835 0.1351351325865835 0.013201320078223944 0.0308880303055048
0 0.7821782146347687 0.12258687027497217 0.01100110006518662 0.02895752841141075
0 0.7849284896510653 0.14092663826886564 0.012101210071705282 0.0231660227291286
0 0.8019801947521046 0.13996138732181862 0.013201320078223944 0.02509652462322265
0 0.8338833849411458 0.14092663826886564 0.013201320078223944 0.0270270265173167
0 0.8514851450454444 0.1505791477393359 0.013201320078223944 0.0308880303055048
0 0.9064906453713775 0.15347490058047697 0.013201320078223944 0.02895752841141075
0 0.7475247494294308 0.3436293371487409 0.025302530149929225 0.0617760606110096
0 0.7431243094033562 0.19594594225054607 0.020902090123854578 0.03281853219959885
0 0.7601760145043954 0.24227798770880327 0.02200220013037324 0.04826254735235125
0 0.7931793146999553 0.2857142803259194 0.02200220013037324 0.0540540530346334
0 0.9053905353648588 0.3552123485133052 0.024202420143410563 0.0656370643991977
0 0.7959295897162519 0.20752895361511037 0.01650165009777993 0.03667953598778695
0 0.8267326698987745 0.24999999528517947 0.020902090123854578 0.04826254735235125
0 0.8234323398792185 0.19594594225054607 0.014301430084742606 0.03281853219959885
0 0.8432343199965544 0.21814671403262764 0.018701870110817254 0.0424710416700691
0 0.8668866851367056 0.1776061742566526 0.015401540091261268 0.0347490340936929
0 0.9416941655799747 0.17084941762732342 0.013201320078223944 0.02509652462322265
0 0.9081408103811555 0.20173744793282822 0.012101210071705282 0.03667953598778695
0 0.8943894352996722 0.2393822348676622 0.015401540091261268 0.038610037881881
0 0.943894385593012 0.2557915009674616 0.015401540091261268 0.03667953598778695
0 0.935643560544122 0.20752895361511037 0.012101210071705282 0.02509652462322265
0 0.9334433405310847 0.23648648202652112 0.012101210071705282 0.03281853219959885
0 0.9119911954039708 0.17567567236255854 0.013201320078223944 0.0270270265173167
0 0.9378437805571593 0.1853281818330288 0.012101210071705282 0.0270270265173167
0 0.7964796447195113 0.16698841383913532 0.013201320078223944 0.02895752841141075
0 0.8228822848759592 0.16795366478618234 0.013201320078223944 0.0231660227291286
0 0.6804180390317924 0.1312741287983954 0.012101210071705282 0.0308880303055048
0 0.6138613836374134 0.1119691098574549 0.01100110006518662 0.0193050189409405
0 0.4741474128095433 0.193050189409405 0.01760176010429859 0.0270270265173167
0 0.40209020738257095 0.17953667615074664 0.014301430084742606 0.0308880303055048
