0 0.044285713811405 0.2960000140592456 0.07999999914318323 0.28000001329928637
0 0.13428571284748614 0.3200000151991844 0.09714285610243678 0.32800001557916403
0 0.1449999984470196 0.144000006839633 0.055714285117574036 0.17600000835955143
0 0.30571428244002163 0.19600000930950046 0.06285714218392968 0.2240000106394291
0 0.3249999965191819 0.1500000071246177 0.04999999946448952 0.17200000816956162
0 0.4057142813690007 0.27800001320429146 0.10571428458206356 0.3880000184290111
0 0.4514285665936768 0.1520000072196126 0.05142857087776065 0.16800000797957182
0 0.5699999938951805 0.48600002308376133 0.12571428436785936 0.3800000180490315
0 0.6121428505866788 0.21000000997446477 0.058571427944116294 0.2200000104494393
0 0.5399999942164868 0.09200000436976552 0.04857142805121839 0.1600000075995922
0 0.6371428503189236 0.0800000037997961 0.04857142805121839 0.13600000645965338
0 0.7192857065820135 0.16600000788457692 0.08142857055645436 0.27600001310929656
0 0.7828571344725788 0.0740000035148114 0.039999999571591616 0.13200000626966357
0 0.8621428479091264 0.0760000036098063 0.03857142815832049 0.144000006839633
0 0.8992857046541758 0.10400000493973494 0.05285714229103178 0.17600000835955143
0 0.9521428469452076 0.20200000959448516 0.0785714277299121 0.24400001158937812
0 0.9599999897181988 0.050000002374872565 0.039999999571591616 0.08400000398978591
