0 0.05882353009656072 0.33655025700863916 0.028594771574717015 0.03462009926442988
0 0.04513888941437472 0.36305148343672045 0.03962418346782215 0.04105392302153632
0 0.038398693257477134 0.4401041822420666 0.07516339956782758 0.07261029668734409
0 0.16503268165979534 0.3941482982627349 0.04248366062529385 0.037683824863051996
0 0.18545751849887893 0.3514093261619564 0.03921568673104048 0.03370098158484325
0 0.24203431654314045 0.3998161906201858 0.0518790855712723 0.04289215838070959
0 0.2555147088569356 0.37928922910941765 0.03553921610000543 0.03676470718346536
0 0.38010621357534546 0.4125306518544676 0.058415033359779045 0.05422794309561141
0 0.36642157289315946 0.38756128822569735 0.04493464104598388 0.030637255986221135
0 0.5046977182937553 0.39276962174335495 0.0518790855712723 0.049019609577953815
0 0.2800245130638359 0.5254289401636925 0.09272875924943946 0.08394608140224591
0 0.33394608231901657 0.7162990449578501 0.1727941196586471 0.14093137753661722
0 0.5953839938592864 0.5995710996503476 0.1294934655597899 0.1133578471490182
0 0.6621732103230897 0.48161766410339624 0.08578431472415105 0.0674019631696865
0 0.7138480475259712 0.40395222017832566 0.058415033359779045 0.03890931510250084
