0 0.1954851046903059 0.3244862989522517 0.04322766442783177 0.1010273965075612
0 0.3463016228051856 0.18493150547146797 0.01633045100606978 0.030821917578577995
0 0.3693563771666959 0.19691780675202608 0.02209413959644735 0.030821917578577995
0 0.3842459060251713 0.15239725913852453 0.02113352483138442 0.030821917578577995
0 0.4029778939438984 0.18835616298019886 0.014409221475943923 0.034246575087308884
0 0.41930834494996816 0.16523972479626536 0.01633045100606978 0.03595890384167433
0 0.41786742280237377 0.20291095739230514 0.017291065771132708 0.042808218859136105
0 0.388088365085423 0.26113013504073024 0.028818442951887846 0.04623287636786699
0 0.4226704966276884 0.2645547925494611 0.02689721342176199 0.04623287636786699
0 0.448126787901856 0.2251712311990559 0.018251680536195636 0.039383561350405216
0 0.4586935503175482 0.08647260209545493 0.018251680536195636 0.03253424633294344
0 0.47454369394108653 0.15325342351570725 0.019212295301258564 0.02910958882421255
0 0.4841498415917158 0.22688355995342135 0.02689721342176199 0.03595890384167433
0 0.4990393704501912 0.1977739711292088 0.018251680536195636 0.03595890384167433
0 0.5326608872273937 0.1934931492432952 0.01633045100606978 0.04109589010477066
0 0.569164248299785 0.1318493140861392 0.01633045100606978 0.027397260069847107
0 0.5898174657486379 0.11386986216530204 0.017291065771132708 0.025684931315481663
0 0.6522574254777282 0.11301369778811932 0.028818442951887846 0.03767123259603977
0 0.6690681838663295 0.18664383422583342 0.018251680536195636 0.04109589010477066
0 0.6325648227939382 0.2011986286379397 0.020172910066321492 0.04623287636786699
0 0.6080691462848336 0.252568491268903 0.02689721342176199 0.04623287636786699
0 0.5552353342063725 0.2551369844004512 0.02113352483138442 0.04794520512223244
0 0.6119116053450853 0.3013698607683182 0.040345820132642984 0.06164383515715599
0 0.7050912375561893 0.16181506728753448 0.015369836241006851 0.03253424633294344
0 0.7046109301736578 0.1284246565774083 0.014409221475943923 0.02397260256111622
0 0.7454370576888323 0.13784246472641826 0.013448606710880995 0.03253424633294344
0 0.7617675086949021 0.1592465741559863 0.019212295301258564 0.027397260069847107
0 0.7785782670835033 0.1395547934807837 0.014409221475943923 0.03253424633294344
0 0.742074906011112 0.17380136856809258 0.014409221475943923 0.025684931315481663
0 0.708933696616441 0.17380136856809258 0.017291065771132708 0.02910958882421255
0 0.749279516749084 0.1900684917345643 0.017291065771132708 0.03767123259603977
0 0.7756964227883145 0.18664383422583342 0.018251680536195636 0.04452054761350155
0 0.7939481033245102 0.16010273853316903 0.01633045100606978 0.03595890384167433
0 0.7247838402399793 0.2628424637950957 0.027857828186824918 0.06335616391152143
0 0.8342939234571531 0.26626712130382657 0.02593659865669906 0.04965753387659788
0 0.8717578992946073 0.2756849294528365 0.024015369126573205 0.06164383515715599
0 0.890009579830803 0.20633561490103602 0.020172910066321492 0.04623287636786699
0 0.9341978590236977 0.2251712311990559 0.014409221475943923 0.039383561350405216
0 0.9442843140568584 0.20719177927821875 0.015369836241006851 0.04109589010477066
0 0.9298750925809145 0.2628424637950957 0.02113352483138442 0.04623287636786699
