0 0.13409290165873244 0.4848024374805391 0.04557405808009207 0.09118541143834591
0 0.2182296242681332 0.35182371246628463 0.01577563548926264 0.0349544077180326
0 0.24802804685896263 0.35486322618089616 0.01928133226465434 0.04711246257647872
0 0.27870289364364 0.37765957904048264 0.01928133226465434 0.03799392143264413
0 0.3282208605960477 0.375379943754524 0.018404908070806414 0.045592705719172955
0 0.28001752993441187 0.31610942631959915 0.016652059683110565 0.036474164575338364
0 0.34837861705455 0.33358663017861545 0.016652059683110565 0.03191489400342107
0 0.35100788963609375 0.29787234403192997 0.016652059683110565 0.03343465086072683
0 0.3851884331961628 0.3411854144651443 0.014899211295414716 0.03191489400342107
0 0.4075372501392849 0.34194529289379716 0.01752848387695849 0.039513678289949894
0 0.4557405808009207 0.3541033477522433 0.01928133226465434 0.042553192004561424
0 0.39614373561926186 0.2621580578852445 0.01577563548926264 0.028875380288809538
0 0.42769500659778714 0.26443769317120314 0.014022787101566792 0.027355623431503773
0 0.44609991466859356 0.2659574500285089 0.012269938713870943 0.027355623431503773
0 0.43470640014857054 0.31534954789094627 0.014022787101566792 0.03191489400342107
0 0.40929009852698073 0.30699088517576456 0.01577563548926264 0.027355623431503773
0 0.47633654935634695 0.3130699126049876 0.013146362907718867 0.027355623431503773
0 0.51095530501334 0.3275076027493924 0.01928133226465434 0.0349544077180326
0 0.4631901864486281 0.24924012459814548 0.013146362907718867 0.027355623431503773
0 0.47283085258095525 0.23328267759643495 0.011393514520023018 0.022796352859586477
0 0.475898337259423 0.2705167206004262 0.014022787101566792 0.027355623431503773
0 0.499123578396393 0.2667173284571618 0.011393514520023018 0.03191489400342107
0 0.5127081534010358 0.25987842259928584 0.012269938713870943 0.027355623431503773
0 0.5205959711456671 0.2401215834543109 0.012269938713870943 0.024316109716892242
0 0.5517090300272685 0.2575987873133272 0.013146362907718867 0.03191489400342107
0 0.5631025445472915 0.28571428917348385 0.016652059683110565 0.039513678289949894
0 0.5863277856842615 0.2575987873133272 0.01577563548926264 0.03191489400342107
0 0.5775635437457822 0.21732523059472442 0.014022787101566792 0.024316109716892242
0 0.6117440873058513 0.24696048931218684 0.01577563548926264 0.0349544077180326
0 0.6170026324689388 0.21884498745203018 0.012269938713870943 0.027355623431503773
0 0.6218229655351024 0.20136778359301388 0.011393514520023018 0.028875380288809538
0 0.638475025218213 0.2180851090233773 0.011393514520023018 0.028875380288809538
0 0.6507449639320839 0.21656535216607153 0.013146362907718867 0.0349544077180326
0 0.6862401437829249 0.20820668945088983 0.014022787101566792 0.021276596002280712
0 0.7055214760475792 0.226443771738559 0.014022787101566792 0.03343465086072683
0 0.6910604768490884 0.2310030423104763 0.013146362907718867 0.030395137146115303
0 0.6485539034474641 0.252279638312757 0.014022787101566792 0.024316109716892242
0 0.51095530501334 0.3936170260421932 0.028045574203133583 0.060790274292230606
0 0.5438212122826371 0.3738601868972182 0.020157756458502263 0.045592705719172955
0 0.556529363093432 0.414133743615821 0.024539877427741885 0.05623100372031331
0 0.6042944816581439 0.38601824175566435 0.021910604846198112 0.054711246863007545
0 0.6104294510150794 0.33738602232187986 0.021910604846198112 0.036474164575338364
0 0.6450482066720724 0.3130699126049876 0.01577563548926264 0.03343465086072683
0 0.6625766905490309 0.34726444189436734 0.021034180652350187 0.04711246257647872
0 0.6862401437829249 0.2834346538875252 0.01752848387695849 0.0349544077180326
0 0.7094653849198949 0.291033438174054 0.016652059683110565 0.04407294886186719
0 0.7243645962153096 0.25455927359871566 0.013146362907718867 0.03191489400342107
0 0.6248904502135701 0.439969610190019 0.028045574203133583 0.0653495448641479
0 0.6533742365136277 0.4893617080524564 0.03768624033546075 0.057750760577619076
0 0.7212971115368418 0.5683890646323562 0.03330411936622113 0.07598784286528826
0 0.6809815986198373 0.3920972691848874 0.026292725815437734 0.054711246863007545
0 0.7099035970168188 0.3670212810393423 0.026292725815437734 0.05015197629109025
0 0.7440841405768879 0.414133743615821 0.022787029040046036 0.05015197629109025
0 0.8071866825339384 0.43844985333271325 0.026292725815437734 0.05927051743492484
0 0.8378615293186158 0.36930091632530093 0.01928133226465434 0.048632219433784485
0 0.7322524139599409 0.30699088517576456 0.018404908070806414 0.039513678289949894
0 0.7611744123569224 0.2583586657419801 0.016652059683110565 0.030395137146115303
0 0.7563540792907588 0.23708206973969936 0.014022787101566792 0.027355623431503773
0 0.7721297147800215 0.22796352859586477 0.014022787101566792 0.03343465086072683
0 0.8054338341462426 0.23708206973969936 0.014022787101566792 0.030395137146115303
0 0.8067484704370145 0.2697568421717733 0.016652059683110565 0.028875380288809538
0 0.7900964107539039 0.2879939244594425 0.014899211295414716 0.03799392143264413
0 0.8619631946494337 0.5349544137716293 0.030674846784677356 0.0699088154360652
0 0.8751095575571526 0.45972644933499396 0.02541630162158981 0.0653495448641479
0 0.9526730987126939 0.4802431669086218 0.028045574203133583 0.060790274292230606
0 0.9478527656465303 0.4088145946152508 0.020157756458502263 0.051671733148396015
0 0.8900087688525673 0.38677812018431723 0.021910604846198112 0.05319149000570178
0 0.8413672260940075 0.3001519793178886 0.01928133226465434 0.03799392143264413
0 0.8378615293186158 0.2484802461694926 0.01928133226465434 0.028875380288809538
0 0.8720420728786848 0.2606383010279387 0.01752848387695849 0.03799392143264413
0 0.8781770422356203 0.27659574802964926 0.012269938713870943 0.03343465086072683
0 0.8694128002971411 0.31155015574768186 0.014022787101566792 0.030395137146115303
0 0.8891323446587194 0.27279635588638484 0.013146362907718867 0.04103343514725566
0 0.904469768051058 0.25911854417063296 0.014022787101566792 0.0349544077180326
0 0.9263803728972562 0.28191489703021944 0.014022787101566792 0.0349544077180326
0 0.974145491461968 0.28115501860156655 0.013146362907718867 0.03343465086072683
0 0.9434706446772907 0.3404255360364914 0.018404908070806414 0.039513678289949894
0 0.8983347986941226 0.3434650497511029 0.01752848387695849 0.042553192004561424
0 0.963628401135793 0.36322188889607787 0.016652059683110565 0.042553192004561424
0 0.9693251583958045 0.31990881846286356 0.010517090326175094 0.025835866574198008
0 0.9452234930649865 0.31686930474825203 0.014899211295414716 0.0349544077180326
