0 0.030468750454019755 0.54583336180076 0.05468750081490725 0.07916667079553008
0 0.04921875073341653 0.7437500387895852 0.0921875013737008 0.1541666747070849
0 0.24453125364379957 0.8447917107259855 0.1671875024912879 0.21458334452472627
0 0.17109375254949555 0.7500000391155481 0.06718750100117177 0.07916667079553008
0 0.47500000707805157 0.619791698991321 0.040625000605359674 0.06041666981764138
0 0.497656257415656 0.7458333722315729 0.04218750062864274 0.058333336375653744
0 0.5484375081723556 0.7437500387895852 0.040625000605359674 0.058333336375653744
0 0.6054687590221874 0.7729167069774121 0.051562500768341124 0.07916667079553008
0 0.6953125103609636 0.7927083746762946 0.06875000102445483 0.08958333800546825
0 0.7140625106403604 0.7468750389525667 0.040625000605359674 0.06041666981764138
0 0.8406250125262886 0.8166667092591524 0.09062500135041773 0.1291666734032333
0 0.825000012293458 0.7427083720685914 0.04687500069849193 0.06041666981764138
0 0.873437513015233 0.7333333715796471 0.04687500069849193 0.07916667079553008
0 0.933593763911631 0.7364583717426285 0.05468750081490725 0.08125000423751771
