0 0.045014521601842716 0.3610634746728465 0.02032913878792897 0.03259005234576762
0 0.368344633752713 0.19382504816167057 0.018393030331935734 0.03773585008457303
0 0.3862536369706504 0.27701544493902475 0.01936108455993235 0.03945111599750817
0 0.37705712180468254 0.22555746755097061 0.018393030331935734 0.03259005234576762
0 0.45450146004441194 0.2229845686815679 0.022265247243922204 0.041166381910443306
0 0.41142304689856246 0.1629502617288381 0.015488867647945881 0.03773585008457303
0 0.479670869972324 0.13550600712187588 0.014520813419949263 0.03087478643283248
0 0.5116166594962124 0.12264151277486235 0.012584704963956028 0.025728988694027066
0 0.52662150003016 0.13036020938307047 0.015488867647945881 0.027444254606962204
0 0.5600193708960433 0.1766723890323192 0.0164569218759425 0.034305318258702755
0 0.55808326244005 0.1320754752960056 0.0164569218759425 0.034305318258702755
0 0.5788964283419773 0.12349914573132992 0.01161665073595941 0.03087478643283248
0 0.4685382463503629 0.336192118935287 0.032913843751885 0.05831904103979468
0 0.5309777440561447 0.32675815641414374 0.02807357261190191 0.06003430695272982
0 0.6103581907518674 0.2478559244191274 0.02420135569991544 0.06003430695272982
0 0.6485963327577338 0.21869640389923006 0.021297193015925586 0.049742711475118995
0 0.6723136613436509 0.3113207631977275 0.03581800643587485 0.06689537060447037
0 0.7008712610695511 0.18782161746639758 0.032913843751885 0.056603775126859546
0 0.775895463739289 0.30960549728479236 0.030009681067895144 0.07032590243034065
0 0.8330106631910894 0.3113207631977275 0.030009681067895144 0.0634648387786001
0 0.8910939168708865 0.3061749654589221 0.030009681067895144 0.06003430695272982
0 0.9152952725708019 0.21612350502982736 0.02032913878792897 0.05488850921392441
0 0.9211035979387816 0.1543739321641624 0.014520813419949263 0.03087478643283248
0 0.8954501608968712 0.15008576738182455 0.01161665073595941 0.02915952051989734
0 0.8610842358029913 0.13121784233953804 0.0164569218759425 0.03602058417163789
