0 0.06439394131302834 0.44833334418945014 0.043560607358813286 0.08000000193715096
0 0.251420462038368 0.28833334031514823 0.014204545877873898 0.02666666731238365
0 0.2897727359086275 0.27333333995193243 0.01515151560306549 0.03666666755452752
0 0.307291675824672 0.26250000635627657 0.016098485328257084 0.0383333342615515
0 0.332859858404845 0.26333333970978856 0.016098485328257084 0.030000000726431608
0 0.3475378891453147 0.29583334049675614 0.017045455053448677 0.031666667433455586
0 0.3342803129926324 0.22083333868067712 0.01515151560306549 0.031666667433455586
0 0.3494318285956979 0.21833333862014115 0.009469697251915932 0.02666666731238365
0 0.3593750107102096 0.21750000526662916 0.012310606427490711 0.02833333401940763
0 0.3759469809010625 0.2058333383174613 0.013257576152682304 0.025000000605359674
0 0.4010416786186397 0.21166667179204524 0.01799242477864027 0.030000000726431608
0 0.4322916795499623 0.27083333989139646 0.019886364229023457 0.041666667675599456
0 0.4318181946873665 0.21750000526662916 0.013257576152682304 0.02833333401940763
0 0.4275568309240043 0.18666667118668556 0.012310606427490711 0.023333333898335695
0 0.41193183045834303 0.18000000435858965 0.013257576152682304 0.02666666731238365
0 0.46164774103090167 0.2216666720341891 0.016098485328257084 0.03666666755452752
0 0.442234861664474 0.20416667161043733 0.013257576152682304 0.02833333401940763
0 0.4687500139698386 0.19416667136829346 0.01515151560306549 0.02833333401940763
0 0.46259471075609326 0.17333333753049374 0.012310606427490711 0.02666666731238365
0 0.4559659226797521 0.1458333368645981 0.012310606427490711 0.021666667191311717
0 0.4739583474583924 0.15916667052078992 0.008522727526724339 0.025000000605359674
0 0.4848484992980957 0.16500000399537385 0.011363636702299118 0.023333333898335695
0 0.4891098630614579 0.13666666997596622 0.008522727526724339 0.02000000048428774
0 0.5198863791301847 0.1616666705813259 0.013257576152682304 0.02666666731238365
0 0.5217803185805678 0.21166667179204524 0.018939394503831863 0.033333334140479565
0 0.49384471168741584 0.22416667209472507 0.01799242477864027 0.031666667433455586
0 0.5071022878400981 0.19666667142882943 0.012310606427490711 0.02666666731238365
0 0.5558712286874652 0.15750000381376594 0.011363636702299118 0.025000000605359674
0 0.5374053190462291 0.13666666997596622 0.012310606427490711 0.023333333898335695
0 0.5625000167638063 0.11833333619870245 0.013257576152682304 0.02666666731238365
0 0.5743371383287013 0.18083333771210164 0.016098485328257084 0.02833333401940763
0 0.5833333507180214 0.153333337046206 0.013257576152682304 0.023333333898335695
0 0.5932765328325331 0.12750000308733433 0.010416666977107525 0.021666667191311717
0 0.5928030479699373 0.10583333589602262 0.011363636702299118 0.021666667191311717
0 0.6245265337638557 0.14083333674352616 0.016098485328257084 0.031666667433455586
0 0.6278409278020263 0.10083333577495068 0.011363636702299118 0.025000000605359674
0 0.6444128979928792 0.11750000284519047 0.014204545877873898 0.025000000605359674
0 0.6444128979928792 0.10166666912846267 0.010416666977107525 0.02000000048428774
0 0.6794507778249681 0.11916666955221444 0.014204545877873898 0.025000000605359674
0 0.6993371420539916 0.1000000024214387 0.014204545877873898 0.030000000726431608
0 0.49100380251184106 0.2991666739108041 0.019886364229023457 0.04500000108964741
0 0.5459280465729535 0.31166667421348393 0.021780303679406643 0.04666666779667139
0 0.5681818351149559 0.25666667288169265 0.01515151560306549 0.03666666755452752
0 0.6131628970615566 0.22000000532716513 0.016098485328257084 0.033333334140479565
0 0.6160038062371314 0.26500000641681254 0.019886364229023457 0.03666666755452752
0 0.6084280484355986 0.3383333415258676 0.02367424312978983 0.05000000121071935
0 0.6766098686493933 0.33916667487937957 0.02367424312978983 0.04833333450369537
0 0.6642992622219026 0.25500000617466867 0.021780303679406643 0.05000000121071935
0 0.6567235044203699 0.20416667161043733 0.019886364229023457 0.041666667675599456
0 0.6638257773593068 0.17750000429805368 0.01515151560306549 0.0383333342615515
0 0.6946022934280336 0.17916667100507766 0.01799242477864027 0.03500000084750354
0 0.6969697177410126 0.1458333368645981 0.01515151560306549 0.02833333401940763
0 0.7125947182066739 0.1458333368645981 0.012310606427490711 0.031666667433455586
0 0.7419507796876132 0.12166666961275041 0.014204545877873898 0.030000000726431608
0 0.7500000223517418 0.1375000033294782 0.013257576152682304 0.02833333401940763
0 0.7149621425196528 0.28083334013354033 0.022727273404598236 0.041666667675599456
0 0.7035985058173537 0.23083333892282099 0.02083333395421505 0.0383333342615515
0 0.749526537489146 0.1991666714893654 0.014204545877873898 0.031666667433455586
0 0.7594697196036577 0.17416667088400573 0.013257576152682304 0.031666667433455586
0 0.7741477503441274 0.13666666997596622 0.014204545877873898 0.023333333898335695
0 0.7561553255654871 0.12333333631977439 0.014204545877873898 0.023333333898335695
0 0.7888257810845971 0.12416666967328638 0.011363636702299118 0.02833333401940763
0 0.803030326962471 0.14250000345055014 0.013257576152682304 0.02833333401940763
0 0.8210227517411113 0.12500000302679837 0.013257576152682304 0.030000000726431608
0 0.8271780549548566 0.16500000399537385 0.014204545877873898 0.033333334140479565
0 0.8039772966876626 0.18000000435858965 0.018939394503831863 0.033333334140479565
0 0.8366477522067726 0.13916667003650218 0.012310606427490711 0.021666667191311717
0 0.854166692122817 0.154166670399718 0.013257576152682304 0.02833333401940763
0 0.8740530563518405 0.13583333662245423 0.013257576152682304 0.02833333401940763
0 0.8645833590999246 0.18666667118668556 0.01515151560306549 0.033333334140479565
0 0.8754735109396279 0.23583333904389292 0.014204545877873898 0.0383333342615515
0 0.8920454811304808 0.1991666714893654 0.013257576152682304 0.031666667433455586
0 0.8996212389320135 0.17333333753049374 0.011363636702299118 0.02666666731238365
0 0.9029356329701841 0.1450000035110861 0.010416666977107525 0.02000000048428774
0 0.9370265430770814 0.1608333372278139 0.010416666977107525 0.025000000605359674
0 0.9341856339015067 0.20333333825692534 0.016098485328257084 0.030000000726431608
0 0.9071969967335463 0.1691666707629338 0.007575757801532745 0.021666667191311717
0 0.8148674485273659 0.24916667270008475 0.01799242477864027 0.04500000108964741
0 0.7916666902601719 0.29416667378973216 0.02083333395421505 0.051666667917743325
0 0.7741477503441274 0.229166672215797 0.021780303679406643 0.04833333450369537
