0 0.20616114512085915 0.3375261938199401 0.054502371698617935 0.11320754326879978
0 0.40521328523755074 0.2243186505511403 0.04265403002500534 0.07127882353961468
0 0.4905213452875614 0.17714884085580707 0.030805688351392746 0.0607966436073184
0 0.5059241894632578 0.15408804500475526 0.026066351681947708 0.05660377163439989
0 0.5876777470111847 0.12473794119432569 0.02369668334722519 0.05241089966148138
0 0.6161137670278549 0.1855345848016441 0.028436020016670227 0.06498951558023691
0 0.5586493099108338 0.2819706401787698 0.034360190853476524 0.0607966436073184
0 0.6374407820403576 0.23689726646989584 0.030805688351392746 0.06289307959377766
0 0.6652843849733472 0.2085953806526959 0.02251184917986393 0.05660377163439989
0 0.7126777516677976 0.20649894466623664 0.027251185849308968 0.05660377163439989
0 0.7553317816928029 0.2735848962329328 0.02488151751458645 0.0607966436073184
0 0.7618483696132898 0.2316561765037477 0.026066351681947708 0.04821802768856287
0 0.6960900733247399 0.33647797582671046 0.034360190853476524 0.08595387544482946
0 0.7511848621070385 0.35953877167776227 0.0379146933555603 0.06498951558023691
