0 0.04105839383555576 0.4545454611070454 0.049270072602666914 0.07162534538656473
0 0.083941605174914 0.4807162603829056 0.05109489010646939 0.0688705244101584
0 0.11678832024335861 0.43526171427220106 0.04014598508365452 0.06060606148093939
0 0.15237226156750694 0.48347108135931194 0.05291970761027187 0.07438016636297107
0 0.19434306415496394 0.6267217721324414 0.17335766286123544 0.21212121518328786
0 0.2536496330285445 0.4462809981778264 0.047445255098864436 0.06611570343375206
0 0.25273722427664325 0.5564738372340798 0.07846715266350657 0.1377410488203168
0 0.3330291944439523 0.4559228715952486 0.05656934261787683 0.08539945026859641
0 0.37408758827950805 0.4600551030598581 0.047445255098864436 0.08264462929219007
0 0.3677007270161994 0.5550964267458767 0.09671532770153135 0.11845730198547244
0 0.5063868573051877 0.36225895839743316 0.038321167579852045 0.05785124050453305
0 0.5282846673508175 0.4765840289182961 0.049270072602666914 0.06611570343375206
0 0.6049270025105216 0.4848484918475151 0.04562043759506196 0.0771349873393774
0 0.7034671477158554 0.6225895406678319 0.10036496270913631 0.18732782639563084
0 0.7262773665133864 0.4944903652649373 0.04014598508365452 0.0688705244101584
0 0.7709853953565471 0.4889807233121246 0.03467153257224709 0.0688705244101584
0 0.8348540079896338 0.4807162603829056 0.060218977625481784 0.07988980831578374
0 0.9105839343974367 0.5564738372340798 0.06569343013688922 0.13223140686750412
0 0.9826642257976346 0.557851247722283 0.03467153257224709 0.14049586979672313
0 0.9616788245039061 0.4683195659890771 0.047445255098864436 0.0771349873393774
0 0.9051094818860292 0.4710743869654834 0.047445255098864436 0.06611570343375206
