0 0.07677008671453223 0.5085227424278855 0.03898170206230134 0.0965909119695425
0 0.28679395088693127 0.25639205309562385 0.016706443740986288 0.03835227387025952
0 0.3019093047478236 0.24644887098111212 0.01829753362108022 0.035511364694684744
0 0.3194112934288569 0.2521306893322617 0.016706443740986288 0.03835227387025952
0 0.33174223999958485 0.2627840987406671 0.020684168441221118 0.04545454680919647
0 0.3381065995199606 0.21590909734368324 0.019093078561127186 0.03977272845804691
0 0.37430389429209754 0.2620738714467734 0.023070803261362016 0.04971591057255864
0 0.39976133237360045 0.23934659804217517 0.021479713381268084 0.04687500139698386
0 0.4172633210546337 0.2627840987406671 0.02466189314145595 0.05681818351149559
0 0.44908511865651235 0.22727273404598236 0.021479713381268084 0.03977272845804691
0 0.4311853575054556 0.2237215975765139 0.019093078561127186 0.04403409222140908
0 0.468575969687663 0.2237215975765139 0.019093078561127186 0.04687500139698386
0 0.40652346436399966 0.19176136935129762 0.019093078561127186 0.036931819282472134
0 0.4244232255150564 0.17542614159174263 0.016706443740986288 0.035511364694684744
0 0.4291964951553382 0.15696023195050657 0.016706443740986288 0.029829546343535185
0 0.44669848383637145 0.14914773171767592 0.016706443740986288 0.031250000931322575
0 0.4645982449874282 0.16406250488944352 0.01591089880093932 0.032670455519109964
0 0.480906916258391 0.1938920512329787 0.016706443740986288 0.032670455519109964
0 0.5119331689202227 0.1818181872367859 0.016706443740986288 0.036931819282472134
0 0.5350039721815847 0.1946022785268724 0.016706443740986288 0.031250000931322575
0 0.5369928345317021 0.16122159571386874 0.01431980892084539 0.035511364694684744
0 0.4968178150593303 0.1264204583130777 0.010342084220610559 0.028409091755747795
0 0.5083532166900113 0.14133523148484528 0.01431980892084539 0.035511364694684744
0 0.5302307025413029 0.13068182207643986 0.015115353860892355 0.028409091755747795
0 0.5521081883925945 0.1370738677214831 0.019093078561127186 0.032670455519109964
0 0.5787589438841678 0.14630682254210114 0.01829753362108022 0.03977272845804691
0 0.5958631600951776 0.16051136841997504 0.01591089880093932 0.03977272845804691
0 0.6034208370256238 0.14204545877873898 0.015115353860892355 0.036931819282472134
0 0.5894988005748019 0.10511363949626684 0.011137629160657525 0.025568182580173016
0 0.6089896516059525 0.10156250302679837 0.011933174100704491 0.021306818816810846
0 0.6169451010064222 0.12855114019475877 0.015115353860892355 0.024147727992385626
0 0.6404136767378077 0.11576704890467227 0.017501988681033254 0.035511364694684744
0 0.6690532945794985 0.11576704890467227 0.01431980892084539 0.032670455519109964
0 0.49840890493942425 0.2947443269658834 0.031026252661831677 0.0553977289237082
0 0.5445505114621483 0.302556827198714 0.029435162781737745 0.05681818351149559
0 0.5767700815340504 0.23934659804217517 0.02227525832131505 0.04687500139698386
0 0.6105807414860465 0.20951705169864 0.019888623501174152 0.0411931830458343
0 0.6356404070975259 0.24005682533606887 0.02227525832131505 0.04829545598477125
0 0.6543357131886296 0.25426137121394277 0.023070803261362016 0.05113636516034603
0 0.6499602160183713 0.2066761425230652 0.025457438081502914 0.04687500139698386
0 0.6515513058984652 0.1654829594772309 0.01591089880093932 0.035511364694684744
0 0.6849641933804378 0.15980114112608135 0.017501988681033254 0.03835227387025952
0 0.6964995950111188 0.17826705076731741 0.01829753362108022 0.0411931830458343
0 0.7159904460422695 0.14630682254210114 0.017501988681033254 0.03977272845804691
0 0.6849641933804378 0.3061079636681825 0.033412887481972575 0.06676136562600732
0 0.7052505893516354 0.23011364322155714 0.023070803261362016 0.04829545598477125
0 0.7275258476729505 0.2634943260345608 0.023070803261362016 0.05823863809928298
0 0.7470166987041011 0.24005682533606887 0.02227525832131505 0.05397727433592081
0 0.7728719092556275 0.32386364601552486 0.029435162781737745 0.07954545691609383
0 0.7362768420134671 0.18607955100014806 0.019888623501174152 0.04545454680919647
0 0.7466189262340777 0.14133523148484528 0.016706443740986288 0.035511364694684744
0 0.7605409626848996 0.17684659617953002 0.01591089880093932 0.032670455519109964
0 0.7669053222052753 0.11860795808024704 0.01591089880093932 0.035511364694684744
0 0.7828162210062146 0.14204545877873898 0.01591089880093932 0.036931819282472134
0 0.7939538501668721 0.12713068560697138 0.01591089880093932 0.03835227387025952
0 0.8019092995673418 0.17471591429784894 0.019093078561127186 0.036931819282472134
0 0.784805083356332 0.1924715966451913 0.019888623501174152 0.04403409222140908
0 0.8186157433083281 0.15625000465661287 0.01431980892084539 0.03977272845804691
0 0.8436754089198075 0.17471591429784894 0.015115353860892355 0.036931819282472134
0 0.8675417571212165 0.14133523148484528 0.016706443740986288 0.0411931830458343
0 0.8361177319893613 0.15482955006882548 0.011137629160657525 0.025568182580173016
0 0.8381065943394788 0.20383523334749043 0.016706443740986288 0.0411931830458343
0 0.8062847967376001 0.22940341592766345 0.02625298302154988 0.0553977289237082
0 0.7999204372172244 0.2663352352101356 0.027844072901643813 0.05823863809928298
0 0.8532219482003711 0.3061079636681825 0.029435162781737745 0.06107954727485776
0 0.8619729425408877 0.251420462038368 0.023070803261362016 0.04829545598477125
0 0.8774860688718036 0.21377841546200216 0.019093078561127186 0.04403409222140908
0 0.8850437458022498 0.18394886911846697 0.01829753362108022 0.0411931830458343
0 0.9021479620132595 0.2500000074505806 0.02227525832131505 0.05113636516034603
