0 0.2049763109534979 0.2656250138534233 0.02132701501250267 0.047916669165715575
0 0.36196683812886477 0.28854168171528727 0.02488151751458645 0.047916669165715575
0 0.358412335626781 0.24895834631752223 0.02014218084514141 0.047916669165715575
0 0.33945498894900084 0.2416666792705655 0.017772512510418892 0.03333333507180214
0 0.342417074367404 0.21458334452472627 0.01895734667778015 0.029166668187826872
0 0.3607820039615035 0.20104167715180665 0.015402844175696373 0.03541666851378977
0 0.3945497777312994 0.22083334485068917 0.02132701501250267 0.03333333507180214
0 0.3986966973170638 0.2833333481103182 0.027251185849308968 0.054166669491678476
0 0.40343603398650885 0.19687501026783139 0.015402844175696373 0.031250001629814506
0 0.3921801093965769 0.18854167649988085 0.016587678343057632 0.031250001629814506
0 0.4366113906726241 0.18645834305789322 0.017772512510418892 0.03958333539776504
0 0.454383903183043 0.2031250105937943 0.017772512510418892 0.031250001629814506
0 0.4626777423545718 0.2354166789446026 0.02488151751458645 0.054166669491678476
0 0.4840047573670745 0.1979166769888252 0.017772512510418892 0.041666668839752674
0 0.4721564156934619 0.18750000977888703 0.015402844175696373 0.029166668187826872
0 0.48696684278547764 0.3020833490882069 0.028436020016670227 0.05000000260770321
0 0.5710900686681271 0.14375000749714673 0.014218010008335114 0.025000001303851604
0 0.6030805911868811 0.20000001043081284 0.01895734667778015 0.03750000195577741
0 0.6125592645257711 0.25000001303851604 0.02369668334722519 0.041666668839752674
0 0.6593602141365409 0.19895834370981902 0.02251184917986393 0.03958333539776504
0 0.6765403095632792 0.1614583417540416 0.01895734667778015 0.03541666851378977
0 0.7257109275087714 0.18229167617391795 0.02014218084514141 0.03958333539776504
0 0.7559241987764835 0.17708334256894886 0.01895734667778015 0.03750000195577741
0 0.6664692191407084 0.2656250138534233 0.02488151751458645 0.047916669165715575
0 0.7251185104250908 0.26354168041143566 0.026066351681947708 0.05208333604969084
0 0.7612559525296092 0.26770834729541093 0.02488151751458645 0.05625000293366611
0 0.7547393646091223 0.23125001206062734 0.02369668334722519 0.04583333572372794
0 0.8394550075754523 0.2895833484362811 0.027251185849308968 0.058333336375653744
0 0.9099526405334473 0.23125001206062734 0.02132701501250267 0.05000000260770321
