0 0.07685950415907428 0.47022332123015076 0.14380165294278413 0.27543424093164504
0 0.25950413232203573 0.7158808874664828 0.1785123967565596 0.38461538148112595
0 0.4338842976721935 0.4454094256507233 0.14049586781766266 0.21588089154101908
0 0.34793388441903517 0.24937965057324618 0.11074380169156939 0.1960297750774771
0 0.40413223154610023 0.1439205943606794 0.0842975206905976 0.16377171082422137
0 0.1603305785683915 0.13523573090787977 0.08264462812803686 0.15632754215039313
0 0.3107438017614186 0.03473945381119847 0.06942148762755096 0.06451612850651145
0 0.6801652894937433 0.08933002408593893 0.0842975206905976 0.16377171082422137
0 0.7685950415907428 0.7543424256145954 0.19834710750728846 0.30769230518490076
0 0.9322314052842557 0.13647642568685114 0.08595041325315833 0.15384615259245038
0 0.9628099176916294 0.02481389557942748 0.054545454564504325 0.044665012042969465
0 0.7793388432473876 0.032258064253255725 0.0710743801901117 0.059553349390625954
