0 0.1424999968148768 0.7971698231995106 0.1149999974295497 0.1754717007279396
0 0.11874999734573066 0.7122641615569592 0.07999999821186066 0.13018868118524551
0 0.15437499654944986 0.6377358585596085 0.08124999818392098 0.1320754736661911
0 0.26437499409075826 0.6141509525477886 0.06374999857507646 0.09622641652822495
0 0.2868749935878441 0.6971698217093945 0.0662499985191971 0.1037735864520073
0 0.3318749925820157 0.7254717089235783 0.09124999796040356 0.15660377591848373
0 0.38749999133870006 0.6009434051811695 0.06499999854713678 0.10754717141389847
0 0.4437499900814146 0.6141509525477886 0.07499999832361937 0.1339622661471367
0 0.5781249870778993 0.6160377450287342 0.07374999835155904 0.11509434133768082
0 0.6449999855831265 0.34528302401304245 0.0549999987706542 0.09811320900917053
0 0.871249980526045 0.795283030718565 0.11999999731779099 0.19433962553739548
0 0.9074999797157943 0.6594339720904827 0.09999999776482582 0.17924528568983078
0 0.96812497836072 0.616981141269207 0.06374999857507646 0.12830188870429993
