0 0.3313840180635452 0.19156414945609868 0.02144249528646469 0.03163444669917226
0 0.3445419128984213 0.16783831443171948 0.020467836409807205 0.040421793004497886
0 0.4863547794520855 0.19156414945609868 0.03313840180635452 0.06326889339834452
0 0.5560428891330957 0.188927945564501 0.020467836409807205 0.05096660857088864
0 0.5774853844195604 0.22934973856899887 0.028265107423067093 0.05448154709301889
0 0.6174463983625174 0.1862917416729033 0.02436647191643715 0.04920913930982351
0 0.644736846908927 0.22671353467740119 0.02436647191643715 0.04920913930982351
0 0.6890838257968426 0.23198594246059656 0.025341130793094635 0.052724077831953764
0 0.7514619939029217 0.27943761250935495 0.025341130793094635 0.056239016354084015
0 0.7694931831210852 0.2478031658101827 0.02436647191643715 0.056239016354084015
0 0.8299220334738493 0.15289982571266592 0.022417154163122177 0.04920913930982351
0 0.8260233979672194 0.2478031658101827 0.022417154163122177 0.059753954876214266
0 0.8226120918989182 0.31019332457799464 0.02923976629972458 0.0755711782258004
0 0.9117933791130781 0.32864675181917846 0.03411306068301201 0.08787346305325627
0 0.9317738860845566 0.28383128566201776 0.035087719559669495 0.0755711782258004
