0 0.3096676734276116 0.2586805574828759 0.033232628367841244 0.052083333721384406
0 0.41540785459801555 0.23437500174622983 0.019133937545120716 0.03472222248092294
0 0.454179254360497 0.2421875018044375 0.020140986889600754 0.03993055585306138
0 0.5689828796312213 0.20659722376149148 0.01812688820064068 0.03472222248092294
0 0.5715005029924214 0.1796875013387762 0.01711983885616064 0.026041666860692203
0 0.6289023156277835 0.27256944647524506 0.019133937545120716 0.04513888922519982
0 0.6319234636612236 0.2317708350601606 0.019133937545120716 0.036458333604969084
0 0.6873111776076257 0.2387152795563452 0.02114803623408079 0.03993055585306138
0 0.6802618321962655 0.19010416808305308 0.01711983885616064 0.03298611135687679
0 0.9486404825001955 0.25347222411073744 0.020140986889600754 0.03819444472901523
