0 0.03828125057043508 0.6637010622071102 0.026562500395812094 0.08185053314082325
0 0.08828125131549314 0.6850533752003685 0.03593750053551048 0.09608540846966207
0 0.12187500181607902 0.8024910966632888 0.059375000884756446 0.16014234744943678
0 0.17890625266591087 0.7419928765157238 0.04218750062864274 0.09608540846966207
0 0.364062505424954 0.9021352239651605 0.07500000111758709 0.1672597851138562
0 0.7656250114087015 0.9377224122872576 0.05312500079162419 0.10320284613408148
0 0.11015625164145604 0.5106761524220929 0.020312500302679837 0.03914590715430677
0 0.08359375124564394 0.5053380741737783 0.01406250020954758 0.03558718832209706
0 0.20546875306172296 0.5266903871670365 0.01406250020954758 0.042704625986516476
0 0.23125000344589353 0.508896793005988 0.012500000186264515 0.02846975065767765
0 0.27265625406289473 0.5640569349052384 0.017187500256113708 0.04626334481872618
0 0.2351562535041012 0.5658362943213433 0.01406250020954758 0.03558718832209706
0 0.2523437537602149 0.521352308918722 0.01093750016298145 0.024911031825467944
0 0.3328125049592927 0.5444839813280851 0.018750000279396772 0.03558718832209706
0 0.4000000059604645 0.6281138738850132 0.034375000512227416 0.06761565781198442
0 0.4421875065891072 0.6583629839587957 0.0218750003259629 0.06405693897977471
0 0.5046875075204298 0.677935937535949 0.02500000037252903 0.06761565781198442
0 0.5500000081956387 0.6370106709655374 0.018750000279396772 0.042704625986516476
0 0.5703125084983185 0.5871886073146015 0.018750000279396772 0.042704625986516476
0 0.5890625087777153 0.6939501722808927 0.0218750003259629 0.04982206365093589
0 0.6250000093132257 0.6512455462943763 0.02500000037252903 0.07829181430861354
0 0.6687500099651515 0.6832740157842636 0.034375000512227416 0.09252668963745236
0 0.7140625106403604 0.7081850476097316 0.02812500041909516 0.07829181430861354
0 0.6976562603958882 0.642348749213852 0.023437500349245965 0.053380782483145595
0 0.6742187600466423 0.581850529066287 0.020312500302679837 0.053380782483145595
0 0.6320312594179995 0.5658362943213433 0.01406250020954758 0.04982206365093589
0 0.5906250088009983 0.5498220595763996 0.018750000279396772 0.03914590715430677
0 0.7789062616066076 0.617437717388384 0.023437500349245965 0.06049822014756501
0 0.7382812610012479 0.6672597810393199 0.026562500395812094 0.07473309547640383
0 0.8031250119674951 0.7224199229385704 0.034375000512227416 0.08540925197303295
0 0.7632812613737769 0.581850529066287 0.020312500302679837 0.04626334481872618
0 0.7921875118045136 0.5462633407441899 0.015625000232830644 0.03914590715430677
0 0.8093750120606273 0.6049822014756501 0.015625000232830644 0.03558718832209706
0 0.12734375189756975 0.4252669004490599 0.017187500256113708 0.03202846948988736
0 0.15625000232830644 0.41637010336853564 0.009375000139698386 0.03558718832209706
