0 0.10679999730200507 0.5521885389462113 0.05039999872678891 0.11447811173275113
0 0.21759999450296164 0.25757575139869004 0.019199999514967203 0.05387205258011818
0 0.2267999942705501 0.2710437645437196 0.021599999454338104 0.04377104272134602
0 0.27359999308828264 0.2297979742870666 0.019199999514967203 0.045454544364474714
0 0.301199992391048 0.22643097100080922 0.018399999535176903 0.045454544364474714
0 0.30719999223947525 0.20033669553231448 0.022399999434128404 0.040404039435088634
0 0.3299999916634988 0.21632996114203706 0.016799999575596303 0.052188550936989486
0 0.3403999914007727 0.21969696442829445 0.015199999616015702 0.045454544364474714
0 0.36159999086521566 0.25589224975556135 0.020799999474547803 0.05050504929386079
0 0.35999999090563506 0.18686868238728493 0.017599999555386603 0.040404039435088634
0 0.38639999023871496 0.17929292499320582 0.019199999514967203 0.03198653121944517
0 0.3899999901477713 0.2297979742870666 0.016799999575596303 0.03872053779195994
0 0.4315999890968669 0.29208753508282825 0.023199999413918704 0.0488215476507321
0 0.4139999895414803 0.16666666266974062 0.013599999656435102 0.03703703614883125
0 0.4267999892181251 0.18181817745789886 0.018399999535176903 0.04377104272134602
0 0.4683999881672207 0.23063972510863096 0.021599999454338104 0.04377104272134602
0 0.4507999886118341 0.15404040034627542 0.016799999575596303 0.03198653121944517
0 0.4627999883086886 0.15235689870314673 0.015199999616015702 0.03872053779195994
0 0.4767999879550189 0.15824915445409715 0.017599999555386603 0.04377104272134602
0 0.4879999876720831 0.13468013145029545 0.014399999636225402 0.03703703614883125
0 0.5079999871668406 0.15488215116783977 0.017599999555386603 0.05050504929386079
0 0.49719998743967153 0.18855218403041363 0.016799999575596303 0.040404039435088634
0 0.525199986732332 0.2188552136067301 0.016799999575596303 0.05050504929386079
0 0.5291999866312835 0.15824915445409715 0.015199999616015702 0.040404039435088634
0 0.5459999862068798 0.12626262323465198 0.015199999616015702 0.03703703614883125
0 0.5551999859744683 0.14057238720124587 0.014399999636225402 0.035353534505702555
0 0.570399985590484 0.18939393485197797 0.015999999595806003 0.04208754107821733
0 0.6003999848326202 0.2062289512832649 0.018399999535176903 0.045454544364474714
0 0.605199984711362 0.1683501643128693 0.016799999575596303 0.03703703614883125
0 0.6011999848124105 0.13888888555811718 0.013599999656435102 0.03198653121944517
0 0.5911999850650318 0.11700336419744417 0.015999999595806003 0.035353534505702555
0 0.5687999856309034 0.12542087241308764 0.014399999636225402 0.035353534505702555
0 0.5767999854288064 0.1574074036325328 0.017599999555386603 0.03872053779195994
0 0.6259999841859099 0.12037036748370156 0.015199999616015702 0.03872053779195994
0 0.6491999835998286 0.1321548789856024 0.015199999616015702 0.03872053779195994
0 0.6551999834482558 0.11784511501900852 0.014399999636225402 0.03703703614883125
0 0.6523999835189898 0.17255891842069104 0.015199999616015702 0.03872053779195994
0 0.6827999827510212 0.1430976396659389 0.013599999656435102 0.040404039435088634
0 0.6859999826701824 0.12457912159152329 0.013599999656435102 0.03367003286257386
0 0.7011999822861981 0.14730639377376065 0.015199999616015702 0.03872053779195994
0 0.6879999826196581 0.20538720046170056 0.017599999555386603 0.04377104272134602
0 0.6519999835290946 0.24158248578896746 0.027199999312870204 0.05555555422324687
0 0.6055999847012572 0.2727272661868483 0.028799999272450805 0.06060605915263295
0 0.5695999856106937 0.3257575679454021 0.028799999272450805 0.062289560795761645
0 0.6027999847719911 0.3703703614883125 0.029599999252241105 0.06397306243889034
0 0.6547999834583607 0.3872053779195994 0.032799999171402305 0.06734006572514772
0 0.7183999818516895 0.3855218762764707 0.030399999232031405 0.06397306243889034
0 0.7095999820739962 0.27020201372215524 0.023999999393709004 0.06902356736827642
0 0.7363999813969713 0.22474746935768053 0.019999999494757503 0.04208754107821733
0 0.7243999817001168 0.21464645949890837 0.016799999575596303 0.03872053779195994
0 0.7471999811241403 0.1860269315657206 0.015999999595806003 0.035353534505702555
0 0.762399980740156 0.1717171675991267 0.014399999636225402 0.04377104272134602
0 0.7715999805077445 0.19107743649510667 0.016799999575596303 0.03872053779195994
0 0.7903999800328165 0.23063972510863096 0.017599999555386603 0.04377104272134602
0 0.7467999811342452 0.28451177768874913 0.023199999413918704 0.057239055866375566
0 0.7951999799115583 0.3021885449416004 0.022399999434128404 0.05555555422324687
0 0.8131999794568401 0.21464645949890837 0.016799999575596303 0.04208754107821733
0 0.8039999796892516 0.18350167910102755 0.015999999595806003 0.040404039435088634
0 0.8247999791637994 0.20202019717544317 0.015999999595806003 0.040404039435088634
0 0.7891999800631311 0.4553871944663115 0.031199999211821705 0.09259259037207812
0 0.8547999784059357 0.49074072897201404 0.031199999211821705 0.0993265969445929
0 0.8707999780017417 0.3939393844921142 0.026399999333079904 0.06734006572514772
0 0.8563999783655163 0.3350168269826099 0.018399999535176903 0.05387205258011818
0 0.8639999781735241 0.3021885449416004 0.019199999514967203 0.045454544364474714
0 0.8855999776278622 0.2693602629005909 0.017599999555386603 0.05050504929386079
0 0.8975999773247167 0.2441077382536605 0.014399999636225402 0.030303029576316476
0 0.8931999774358701 0.21296295785577968 0.013599999656435102 0.03198653121944517
0 0.8703999780118465 0.22727272182237357 0.015999999595806003 0.040404039435088634
0 0.8551999783958308 0.22558922017924488 0.017599999555386603 0.04377104272134602
0 0.9231999766780064 0.2533669972908683 0.012799999676644802 0.04208754107821733
0 0.946399976091925 0.23653198085958138 0.012799999676644802 0.035353534505702555
0 0.9199999767588452 0.32070706301601604 0.020799999474547803 0.0488215476507321
0 0.9419999762030784 0.4301346698193811 0.024799999373499304 0.07912457722704858
0 0.9455999761121348 0.3703703614883125 0.020799999474547803 0.06060605915263295
0 0.9683999755361583 0.3484848401276395 0.018399999535176903 0.05387205258011818
0 0.9691999755159486 0.30134679412003607 0.015199999616015702 0.04713804600760341
0 0.9743999753845856 0.24663299071835354 0.011199999717064202 0.045454544364474714
