0 0.0953947392408736 0.4983579670661129 0.05357142991852015 0.10673234879504889
0 0.25798872829182073 0.28243021527305245 0.019736842601560056 0.029556650435552
0 0.2702067737118341 0.2701149442582391 0.015977444010786712 0.031198686570860445
0 0.28994361631339416 0.2832512333407067 0.015977444010786712 0.034482758841477334
0 0.3101503837388009 0.28653530561132357 0.015037594363093376 0.04105090338271111
0 0.342575196584221 0.27832512493478134 0.021616541896946728 0.037766831112094223
0 0.4013157995650545 0.2914614140172489 0.024436090840026736 0.04761904792394489
0 0.30310151138110086 0.2504105106345378 0.017857143306173384 0.034482758841477334
0 0.3218985043349676 0.21592775179306045 0.015977444010786712 0.027914614300243556
0 0.33552632422652096 0.23152709507849067 0.01879699295386672 0.03612479497678578
0 0.3585526405950077 0.22085386019898579 0.015977444010786712 0.034482758841477334
0 0.37077068601502106 0.214285715657752 0.015977444010786712 0.027914614300243556
0 0.39144737826427445 0.20032840850763023 0.017857143306173384 0.03612479497678578
0 0.4201127925189212 0.21674876986071467 0.016917293658480048 0.03284072270616889
0 0.41494361945660785 0.16830870386911556 0.015977444010786712 0.031198686570860445
0 0.43280076276278123 0.1954023001017049 0.01409774471540004 0.029556650435552
0 0.4389097854727879 0.21921182406367734 0.016917293658480048 0.044334975653328
0 0.4511278308928013 0.19047619169577956 0.016917293658480048 0.03284072270616889
0 0.4638158011366613 0.1954023001017049 0.015977444010786712 0.03612479497678578
0 0.46616542525589466 0.22988505894318223 0.020676692249253392 0.04269293951801956
0 0.4464285826543346 0.15435139671899378 0.015037594363093376 0.022988505894318223
0 0.47791354585206136 0.16174055932788178 0.01409774471540004 0.024630542029626667
0 0.47791354585206136 0.14532019797479734 0.01409774471540004 0.024630542029626667
0 0.4859022678574547 0.13218390889232978 0.013157895067706704 0.02134646975900978
0 0.5122180579928681 0.18308702908689156 0.016917293658480048 0.024630542029626667
0 0.5169173062313348 0.16420361353084445 0.013157895067706704 0.03612479497678578
0 0.5328947502421215 0.14203612570418045 0.015037594363093376 0.027914614300243556
0 0.5267857275321148 0.13054187275702134 0.010338346124626696 0.024630542029626667
0 0.5625000141444616 0.118226601742208 0.012218045420013368 0.026272578164935112
0 0.5512218183721416 0.14203612570418045 0.01409774471540004 0.027914614300243556
0 0.5549812169629149 0.15270936058368534 0.015977444010786712 0.03284072270616889
0 0.567669187206775 0.17159277613973245 0.01879699295386672 0.034482758841477334
0 0.5418233218952082 0.192118227831088 0.019736842601560056 0.03612479497678578
0 0.585996255336795 0.12807881855405867 0.015977444010786712 0.026272578164935112
0 0.5977443759329617 0.09688013198319823 0.015037594363093376 0.029556650435552
0 0.5878759546321817 0.14696223411010578 0.017857143306173384 0.027914614300243556
0 0.6207706923014484 0.13875205343356356 0.015977444010786712 0.034482758841477334
0 0.6099624213529751 0.12151067401282489 0.013157895067706704 0.026272578164935112
0 0.6273496398353018 0.10098522232146934 0.01409774471540004 0.024630542029626667
0 0.6536654299707152 0.09934318618616089 0.012218045420013368 0.024630542029626667
0 0.6489661817322485 0.11494252947159111 0.012218045420013368 0.026272578164935112
0 0.6757518966915086 0.11412151140393689 0.015037594363093376 0.027914614300243556
0 0.692199265526142 0.10919540299801156 0.012218045420013368 0.024630542029626667
0 0.706297010241542 0.13382594502763823 0.017857143306173384 0.037766831112094223
0 0.685150393168442 0.15270936058368534 0.016917293658480048 0.03940886724740267
0 0.6517857306753285 0.1658456496661529 0.015977444010786712 0.03612479497678578
0 0.6630639264476486 0.19376026396639645 0.017857143306173384 0.04269293951801956
0 0.6127819702960551 0.20114942657528445 0.022556391544640064 0.044334975653328
0 0.6217105419491418 0.25205254676984623 0.025375940487720072 0.044334975653328
0 0.5620300893206149 0.28653530561132357 0.030075188726186752 0.05090312019456178
0 0.5657894879113883 0.24794745643157512 0.020676692249253392 0.04269293951801956
0 0.590225578751415 0.3653530401061289 0.03571428661234677 0.060755337006412446
0 0.49107144091976807 0.3095238115056418 0.027255639783106744 0.05418719246517867
0 0.6762218215153553 0.33251231739996 0.029135339078493416 0.060755337006412446
0 0.6668233250384219 0.25697865517577156 0.0234962411923334 0.05090312019456178
0 0.7015977620030753 0.21100164338713512 0.0234962411923334 0.04105090338271111
0 0.6983082882361487 0.1880131374928169 0.01879699295386672 0.037766831112094223
0 0.7307331010815687 0.19704433623701334 0.019736842601560056 0.049261084059253335
0 0.7453007706208155 0.16091954126022756 0.013157895067706704 0.03284072270616889
0 0.7349624244961888 0.11740558367455378 0.013157895067706704 0.034482758841477334
0 0.7481203195638955 0.13218390889232978 0.013157895067706704 0.034482758841477334
0 0.7537594174500555 0.11658456560689956 0.011278195772320032 0.029556650435552
0 0.7697368614608422 0.12972085468936712 0.015037594363093376 0.026272578164935112
0 0.7772556586423889 0.12068965594517067 0.011278195772320032 0.031198686570860445
0 0.7814849820570089 0.15927750512491912 0.01409774471540004 0.03284072270616889
0 0.7288534017861821 0.280788179137744 0.03101503837388009 0.05582922860048711
0 0.7570488912169822 0.24958949256688356 0.0234962411923334 0.052545156329870224
0 0.7885338544147089 0.27914614300243556 0.024436090840026736 0.05582922860048711
0 0.8200188176124357 0.2553366190404631 0.0234962411923334 0.044334975653328
0 0.8049812232493423 0.12315271014813334 0.012218045420013368 0.026272578164935112
0 0.8002819750108756 0.13793103536590934 0.010338346124626696 0.029556650435552
0 0.8007518998347223 0.17405583034269512 0.01879699295386672 0.049261084059253335
0 0.819548892788589 0.16748768580146134 0.016917293658480048 0.03612479497678578
0 0.8331767126801424 0.1362889992306009 0.015977444010786712 0.03612479497678578
0 0.8641917510540225 0.15353037865133956 0.01409774471540004 0.034482758841477334
0 0.8679511496447958 0.13875205343356356 0.015977444010786712 0.024630542029626667
0 0.9017857369617559 0.14121510763652623 0.012218045420013368 0.022988505894318223
0 0.928571451921016 0.155172414786648 0.011278195772320032 0.02134646975900978
0 0.9276316022733226 0.16502463159849867 0.013157895067706704 0.031198686570860445
0 0.928571451921016 0.1954023001017049 0.015037594363093376 0.03612479497678578
0 0.8952067894279025 0.16502463159849867 0.017857143306173384 0.037766831112094223
0 0.8942669397802092 0.20032840850763023 0.015977444010786712 0.03612479497678578
0 0.8496240815147758 0.1847290652222 0.01879699295386672 0.04105090338271111
0 0.8627819765824825 0.214285715657752 0.01879699295386672 0.044334975653328
0 0.9309210760402493 0.2873563236789778 0.019736842601560056 0.052545156329870224
