0 0.9006499382667243 0.2224080249434337 0.012999071273952723 0.033444815780967474
0 0.8918291399022564 0.24414715520106256 0.013927576364949346 0.03678929735906422
0 0.9243268180871382 0.24916387756820768 0.01578458654694259 0.04013377893716097
0 0.8217270055320114 0.25167223875178024 0.01857010181993246 0.04849498288240284
0 0.7618384271627292 0.13127090194029734 0.010213556000962853 0.03511705657001585
0 0.7766945086186752 0.13795986509649083 0.0120705661829561 0.0317725749919191
0 0.5872794700553641 0.06103678880026564 0.010213556000962853 0.021739130257628858
0 0.6262766838772222 0.12876254075672477 0.0120705661829561 0.030100334202870727
0 0.6490250586066395 0.11872909602243453 0.011142061091959476 0.02675585262477398
0 0.645311038242653 0.13795986509649083 0.012999071273952723 0.028428093413822353
0 0.5956360158743337 0.2224080249434337 0.017641596728935838 0.05016722367145121
0 0.41318476549349725 0.2157190617872402 0.016713091637939215 0.03678929735906422
