0 0.06962025491520762 0.5895953625440598 0.08137432392686605 0.1387283205986023
0 0.20253165066242218 0.5895953625440598 0.09403255209326744 0.161849707365036
0 0.30650995345786214 0.3352601081132889 0.08137432392686605 0.15028901398181915
0 0.3191681816242635 0.619942182675004 0.09222423378378153 0.15317918732762337
0 0.38878843653947115 0.5939306225627661 0.08318264223635197 0.15317918732762337
0 0.4891501027159393 0.5491329357028008 0.103074143640697 0.19075144082307816
0 0.6338155674748123 0.5332369823008776 0.11030741687864065 0.19364161416888237
0 0.5732369041070342 0.566473975777626 0.07594936899840832 0.17341040074825287
0 0.7540687350556254 0.5895953625440598 0.08679927885532379 0.17341040074825287
0 0.8372513772919774 0.5809248425066471 0.09403255209326744 0.15606936067342758
0 0.9421338392421603 0.5823699291795492 0.08318264223635197 0.1589595340192318
