0 0.0390000018524006 0.7912913104519248 0.07000000332482159 0.16516516916453838
0 0.03600000170990825 0.6771771935746074 0.06800000322982669 0.1351351384073496
0 0.17000000807456672 0.7117117289453745 0.09600000455975533 0.15015015378594398
0 0.1890000089770183 0.4444444552063942 0.0780000037048012 0.1321321353316307
0 0.3160000150091946 0.7492492673918605 0.0800000037997961 0.12912913225591183
0 0.37500001781154424 0.836336356587708 0.09800000465475023 0.16516516916453838
0 0.3820000181440264 0.7027027197182178 0.08400000398978591 0.15015015378594398
0 0.5610000266460702 0.2642642706632614 0.12200000579468906 0.21621622145175934
0 0.7270000345306471 0.5000000121071935 0.08200000389479101 0.14114114455878735
0 0.9010000427952036 0.46846847981214523 0.08600000408478081 0.15015015378594398
