0 0.07187499839346856 0.37700001790653914 0.04124999907799065 0.06600000313483179
0 0.09624999784864485 0.3620000171940774 0.03499999921768904 0.06800000322982669
0 0.1568749964935705 0.3350000159116462 0.033749999245628715 0.058000002754852176
0 0.23187499481718987 0.33400001586414874 0.026249999413266778 0.04400000208988786
0 0.35874999198131263 0.3100000147242099 0.024999999441206455 0.05200000246986747
0 0.4174999906681478 0.30900001467671245 0.0274999993853271 0.03800000180490315
0 0.4593749897321686 0.29500001401174814 0.03124999930150807 0.04600000218488276
0 0.5162499884609133 0.30500001448672265 0.024999999441206455 0.04600000218488276
0 0.5881249868543819 0.31900001515168697 0.028749999357387424 0.04600000218488276
0 0.7531249831663445 0.3350000159116462 0.033749999245628715 0.06600000313483179
0 0.8174999817274511 0.35800001700408757 0.03749999916180968 0.06000000284984708
0 0.883124980260618 0.3800000180490315 0.028749999357387424 0.05600000265985727
0 0.9668749783886597 0.3920000186190009 0.038749999133870006 0.06400000303983688
0 0.6687499850522727 0.7810000370955095 0.09499999787658453 0.1500000071246177
0 0.4349999902769923 0.8990000427002087 0.1149999974295497 0.19000000902451575
0 0.15499999653548002 0.904000042937696 0.1599999964237213 0.17600000835955143
