0 0.30763116537127644 0.2293706382624805 0.017488076584413648 0.030769231962040067
0 0.34896661911625415 0.21888112736633047 0.014308426296338439 0.03216783341486007
0 0.39189189800526947 0.29510490654502064 0.02543720230460167 0.05034965230152011
0 0.45945946662686765 0.16083916707430035 0.014308426296338439 0.030769231962040067
0 0.4848966689314693 0.21048951864941046 0.020667726872488856 0.034965036320500076
0 0.5572337129851803 0.12307692784816027 0.012718601152300835 0.02237762324512005
0 0.5679650327074341 0.1804195874137804 0.01828298915643245 0.03356643486768007
0 0.8728140040766448 0.1419580474612303 0.01112877600826323 0.026573427603580058
0 0.8990461189532652 0.14685315254610032 0.01112877600826323 0.02797202905640006
0 0.8028616977389902 0.39790211332729086 0.028616852592676878 0.07132867409382015
