0 0.16265560337342322 0.4617563677020371 0.048132780590094626 0.09348441800102592
0 0.23692946307710372 0.33498583117034286 0.019087137130554765 0.035410764394328
0 0.26763485759147443 0.3449008452007547 0.024066390295047313 0.0495750701520592
0 0.29502074999618344 0.36189801211003214 0.024066390295047313 0.04390934784896672
0 0.29502074999618344 0.29815863620024174 0.020746888185385615 0.04107648669742048
0 0.34190871729515493 0.3661473038373515 0.026556016877293587 0.04674220900051296
0 0.3817427426110953 0.3222379559883848 0.01825726160313934 0.04390934784896672
0 0.39253112446749583 0.33852690760977566 0.01991701265797019 0.03399433381855488
0 0.36307054324424826 0.29107648332137614 0.015767635020893067 0.035410764394328
0 0.4149377637077123 0.336402261746116 0.02157676371280104 0.03824362554587424
0 0.4186722035810817 0.2953257750486955 0.017427386075723916 0.02974504209123552
0 0.40954357277951203 0.2776203928515315 0.017427386075723916 0.0283286115154624
0 0.4041493818513118 0.2528328577755019 0.014937759493477643 0.02691218093968928
0 0.45103734915028326 0.3038243585033342 0.024066390295047313 0.03257790324278176
0 0.4556016645510681 0.3378186923218891 0.02157676371280104 0.04674220900051296
0 0.4788381793187 0.3024079279275611 0.01825726160313934 0.035410764394328
0 0.43734440294792876 0.2762039622757584 0.01659751054830849 0.03116147266700864
0 0.46431535758893006 0.24504248960874975 0.019087137130554765 0.03399433381855488
0 0.4767634905001614 0.2648725176695734 0.017427386075723916 0.03116147266700864
0 0.4763485527364537 0.23583569086622447 0.01659751054830849 0.02691218093968928
0 0.5020746940863319 0.25920679536648095 0.01659751054830849 0.03399433381855488
0 0.514937764761271 0.254249288351275 0.014107883966062218 0.02691218093968928
0 0.5257261466176715 0.2740793164120987 0.017427386075723916 0.02974504209123552
0 0.5269709599087946 0.3116147266700864 0.02323651476763189 0.0424929172731936
0 0.5535269767860882 0.2684135941090062 0.01991701265797019 0.035410764394328
0 0.5443983459845185 0.24716713547240943 0.014937759493477643 0.03257790324278176
0 0.5282157731999177 0.24645892018452287 0.014107883966062218 0.02549575036391616
0 0.5601659810054116 0.22237960039637983 0.014937759493477643 0.0283286115154624
0 0.5721991761529353 0.24716713547240943 0.015767635020893067 0.02974504209123552
0 0.5780083048448432 0.21883852395694703 0.01078838185640052 0.02407931978814304
0 0.6103734504140448 0.24999999662395567 0.017427386075723916 0.02974504209123552
0 0.6103734504140448 0.21813030866906047 0.014107883966062218 0.0283286115154624
0 0.6211618322704453 0.2018413570476696 0.012448132911231369 0.02974504209123552
0 0.6385892183461692 0.21671387809328735 0.014107883966062218 0.0283286115154624
0 0.6560166044218931 0.247875350760296 0.014107883966062218 0.0283286115154624
0 0.6663900485145859 0.21458923222962767 0.013278008438646793 0.02974504209123552
0 0.6825726212991867 0.22592067683581263 0.015767635020893067 0.03257790324278176
0 0.6958506297378335 0.22521246154792607 0.014107883966062218 0.0283286115154624
0 0.5082987605419476 0.3888101930497214 0.02904564345953986 0.05807365360669792
0 0.5526971012586728 0.40439092938322574 0.031535270041786134 0.06090651475824416
0 0.5456431592756417 0.36685551912523806 0.025726141349878162 0.04815863957628608
0 0.6070539483043831 0.3257790324278176 0.024066390295047313 0.04532577842473984
0 0.6539419156033546 0.33356940059456974 0.024896265822462738 0.05240793130360544
0 0.6419087204558309 0.3038243585033342 0.024066390295047313 0.04107648669742048
0 0.6813278080080636 0.2705382399726659 0.02323651476763189 0.03682719497010112
0 0.7116182647587266 0.2584985800785944 0.015767635020893067 0.02974504209123552
0 0.7253112109610811 0.2847025457303971 0.01991701265797019 0.03682719497010112
0 0.7000000073749106 0.342776199337095 0.020746888185385615 0.05099150072783232
0 0.6742738660250325 0.3661473038373515 0.02738589240470901 0.05240793130360544
0 0.6248962721438147 0.424929172731936 0.03651452320627868 0.06232294533401728
0 0.5892116244649515 0.41501415870152414 0.028215767932124436 0.05382436187937856
0 0.6713693016790785 0.4596317218383774 0.03485477215144783 0.07223795936442912
0 0.7207468955602963 0.5028328543994576 0.04564315400784835 0.0849858345463872
0 0.7506224145472515 0.39518413064070046 0.03568464767886326 0.0566572230309248
0 0.8439834113814868 0.5077903614146635 0.03817427426110953 0.07507082051597536
0 0.7966805063188076 0.3980169917922467 0.029875518986955285 0.05382436187937856
0 0.8195020833227318 0.36685551912523806 0.020746888185385615 0.0424929172731936
0 0.8199170210864395 0.336402261746116 0.01825726160313934 0.035410764394328
0 0.8294605896517169 0.3038243585033342 0.017427386075723916 0.03257790324278176
0 0.8186722077953164 0.27832860813941807 0.019087137130554765 0.03824362554587424
0 0.7751037426060066 0.28045325400307775 0.01991701265797019 0.03682719497010112
0 0.7593361075851135 0.2691218093968928 0.013278008438646793 0.03116147266700864
0 0.7510373523109592 0.25354107306338847 0.011618257383815944 0.02266288921236992
0 0.7526971033657901 0.22237960039637983 0.014937759493477643 0.0283286115154624
0 0.7834024978801608 0.2528328577755019 0.01659751054830849 0.035410764394328
0 0.7912863153906073 0.23441926029045135 0.017427386075723916 0.03824362554587424
0 0.8203319588501472 0.24504248960874975 0.014107883966062218 0.0283286115154624
0 0.8543568554741796 0.25566571892704815 0.014107883966062218 0.035410764394328
0 0.8659751128579956 0.28541076101828367 0.014107883966062218 0.04107648669742048
0 0.8560166065290105 0.3130311572458595 0.019087137130554765 0.03966005612164736
0 0.8705394282587804 0.25920679536648095 0.013278008438646793 0.03116147266700864
0 0.8850622499885503 0.2528328577755019 0.014107883966062218 0.03824362554587424
0 0.9095435780473053 0.28753540688194335 0.01825726160313934 0.03966005612164736
0 0.8838174366974272 0.3080736502306536 0.01659751054830849 0.03824362554587424
0 0.891286316444166 0.3498583522159606 0.02157676371280104 0.04815863957628608
0 0.8692946149676573 0.40439092938322574 0.025726141349878162 0.06090651475824416
0 0.8539419177104719 0.4525495689595118 0.029875518986955285 0.05807365360669792
0 0.9195020843762904 0.46246458298992366 0.03485477215144783 0.07223795936442912
0 0.9257261508319061 0.3944759153528139 0.025726141349878162 0.06090651475824416
0 0.9373444082157221 0.35269121336750686 0.020746888185385615 0.03966005612164736
0 0.9352697193971835 0.3222379559883848 0.01825726160313934 0.035410764394328
0 0.9435684746713378 0.3144475878216326 0.01991701265797019 0.0283286115154624
0 0.948962665599538 0.28186968457885087 0.015767635020893067 0.03116147266700864
