0 0.1125299283885397 0.5663780658505857 0.05746209109202027 0.10245310235768557
0 0.2318435758643318 0.3448773445561528 0.018355945765506476 0.03174603171646595
0 0.26177174830809236 0.3484848481602967 0.02075019956100732 0.038961038924753666
0 0.2877094977593515 0.3044733041897416 0.01516360737150535 0.03174603171646595
0 0.2885075823578518 0.36940836906433105 0.01995211496250704 0.04040404036641121
0 0.3220271354948636 0.38023087987676263 0.021548284159507602 0.04184704180806875
0 0.35275339253712445 0.3326118323020637 0.014365522773005068 0.03318903315812349
0 0.3531524348363746 0.29292929265648127 0.016759776568505913 0.028860028833150864
0 0.3786911419883836 0.3484848481602967 0.018355945765506476 0.03318903315812349
0 0.3846767764771357 0.26551226526498795 0.014365522773005068 0.025974025949835777
0 0.3970470877538901 0.2893217890523374 0.011971268977504224 0.02741702739149332
0 0.4022346376441419 0.30303030274808407 0.014365522773005068 0.028860028833150864
0 0.40542697603814304 0.35425685392692685 0.019154030364006758 0.04473304469138384
0 0.4217877103073988 0.26334776310250163 0.013567438174504787 0.021645021624863148
0 0.4373503599781543 0.2691197688691318 0.012769353576004505 0.02741702739149332
0 0.43296089468640275 0.30880230851471424 0.018355945765506476 0.03751803748309612
0 0.44772545975865796 0.3333333330228925 0.019154030364006758 0.034632034599781036
0 0.4628890671301633 0.3066378063522279 0.017557861167006195 0.03318903315812349
0 0.4493216289556585 0.25324675301089883 0.011173184379003942 0.02741702739149332
0 0.4600957710354123 0.24242424219846725 0.013567438174504787 0.025974025949835777
0 0.46249002483091317 0.2770562767982483 0.013567438174504787 0.025974025949835777
0 0.4784517168009188 0.2893217890523374 0.016759776568505913 0.030303030274808407
0 0.5111731853394303 0.30086580058559775 0.016759776568505913 0.030303030274808407
0 0.4952114933694247 0.32683982653543353 0.01516360737150535 0.03318903315812349
0 0.5079808469454292 0.24819624796509743 0.011971268977504224 0.025974025949835777
0 0.5227454120176844 0.25757575733587146 0.017557861167006195 0.03318903315812349
0 0.5403032731846906 0.23304473282769322 0.012769353576004505 0.02741702739149332
0 0.5590582612494472 0.2236652234569192 0.01037509978050366 0.020202020183205605
0 0.5722266571247019 0.2611832609400153 0.01596169197000563 0.034632034599781036
0 0.5650438957381994 0.2438672436401248 0.014365522773005068 0.028860028833150864
0 0.5646448534389492 0.28354978328570724 0.01516360737150535 0.038961038924753666
0 0.5207502005214337 0.35425685392692685 0.01995211496250704 0.04473304469138384
0 0.49162011267617345 0.401154400780797 0.022346368758007884 0.051948051899671555
0 0.5339185963966884 0.4069264065474272 0.02553870715200901 0.04906204901635647
0 0.5913806874887086 0.23160173138603568 0.011173184379003942 0.024531024508178234
0 0.6005586603714619 0.20923520904034376 0.011971268977504224 0.028860028833150864
0 0.5885873913939577 0.2568542566150427 0.013567438174504787 0.028860028833150864
0 0.6197126907354686 0.25829725805670023 0.013567438174504787 0.02308802306652069
0 0.62370311372797 0.23520923499017954 0.01516360737150535 0.025974025949835777
0 0.6508379900769796 0.2287157285027206 0.01037509978050366 0.024531024508178234
0 0.6636073436529841 0.23665223643183708 0.011971268977504224 0.028860028833150864
0 0.6723862742364872 0.2308802306652069 0.011971268977504224 0.028860028833150864
0 0.6664006397477351 0.27056277031078935 0.014365522773005068 0.03318903315812349
0 0.6907422200019937 0.259018758777529 0.013567438174504787 0.03607503604143858
0 0.62370311372797 0.3073593070730567 0.016759776568505913 0.04040404036641121
0 0.6356743827054743 0.3354978351853788 0.018355945765506476 0.04184704180806875
0 0.5889864336932078 0.33189033158123493 0.019154030364006758 0.03751803748309612
0 0.5969672796782106 0.37445887411013246 0.022346368758007884 0.04473304469138384
0 0.6013567449699622 0.43506493465974927 0.026336791750509292 0.0533910533413291
0 0.6540303284709807 0.3881673878058791 0.026336791750509292 0.060606060549616814
0 0.6564245822664816 0.44083694042637944 0.029529130144510418 0.06204906199127436
0 0.6947326429944951 0.5331890326924622 0.03112529934151098 0.07936507929116488
0 0.6667996820469853 0.3232323229312897 0.01995211496250704 0.034632034599781036
0 0.6787709510244895 0.3535353532060981 0.01995211496250704 0.043290043249726295
0 0.7166799694532529 0.39971139933913946 0.02553870715200901 0.05772005766630173
0 0.7573822839767672 0.45598845556378365 0.028731045546010137 0.060606060549616814
0 0.8100558674777858 0.5346320341341197 0.0303272147430107 0.06782106775790453
0 0.8236233056522906 0.43578643538057804 0.022346368758007884 0.051948051899671555
0 0.7865123718220275 0.3809523805975914 0.021548284159507602 0.04617604613304138
0 0.802075021492783 0.34704184671863914 0.017557861167006195 0.04184704180806875
0 0.7090981657675002 0.29292929265648127 0.01516360737150535 0.03751803748309612
0 0.719872307847254 0.25324675301089883 0.014365522773005068 0.03318903315812349
0 0.7366320844157599 0.22438672417774796 0.014365522773005068 0.02741702739149332
0 0.7641660030640196 0.24170274147763848 0.013567438174504787 0.024531024508178234
0 0.7549880301812664 0.2611832609400153 0.01596169197000563 0.034632034599781036
0 0.753790903283516 0.2849927847273648 0.018355945765506476 0.03607503604143858
0 0.7924980063107796 0.24747474724426866 0.014365522773005068 0.02741702739149332
0 0.8200319249590393 0.26334776310250163 0.013567438174504787 0.030303030274808407
0 0.8515562665998004 0.25757575733587146 0.011173184379003942 0.024531024508178234
0 0.8467677590087987 0.274891774635762 0.011173184379003942 0.03607503604143858
0 0.8347964900312945 0.284271284006536 0.012769353576004505 0.03751803748309612
0 0.7988826830987819 0.28066378040239215 0.01596169197000563 0.030303030274808407
0 0.7960893870040309 0.30591630563139915 0.01516360737150535 0.03751803748309612
0 0.8320031939365435 0.325396825093776 0.016759776568505913 0.04473304469138384
0 0.8627294509788044 0.28787878761067986 0.014365522773005068 0.03607503604143858
0 0.8611332817818038 0.3326118323020637 0.01596169197000563 0.047619047574698925
0 0.85035913970205 0.360028859693557 0.016759776568505913 0.047619047574698925
0 0.8407821245200466 0.39033188996836543 0.01995211496250704 0.05916305910795927
0 0.875897846854059 0.40548340510576963 0.01995211496250704 0.05483405478298664
0 0.9142059075820725 0.2720057717524469 0.011971268977504224 0.03318903315812349
0 0.9134078229835723 0.30808080779388547 0.013567438174504787 0.03607503604143858
0 0.9054269769985694 0.3282828279770911 0.013567438174504787 0.030303030274808407
0 0.9062250615970697 0.35714285681024194 0.016759776568505913 0.04184704180806875
0 0.8914604965248145 0.46897546853870153 0.022346368758007884 0.06637806631624699
