0 0.32501979236258194 0.21769663144368678 0.016627078293822706 0.03370786551386118
0 0.34837687853723764 0.2162921370472759 0.01583531266078353 0.030898876721039414
0 0.37846397259272635 0.30196629522833973 0.020585906459018588 0.04494382068514824
0 0.48931116121821105 0.1875000019208528 0.01583531266078353 0.03511235991027206
0 0.558590654109139 0.1158707877038978 0.015043547027744353 0.023876404738985002
0 0.5657165448064916 0.1720505635603331 0.016627078293822706 0.029494382324628532
0 0.8737133760587312 0.13693820365006104 0.016627078293822706 0.026685393531806767
0 0.9022169388481416 0.13834269804647192 0.011876484495587647 0.029494382324628532
0 0.8036421175347641 0.39747191418427974 0.028503562789410353 0.07865168619900942
0 0.4940617550164461 0.14606741722673178 0.014251781394705176 0.02247191034257412
