0 0.34105261601507664 0.2073863698169589 0.016842104494571686 0.028409091755747795
0 0.5326315546408296 0.20549243036657572 0.021052630618214607 0.03977272845804691
0 0.5426315541844815 0.22443182487040758 0.0242105252109468 0.05113636516034603
0 0.5889473415445536 0.2206439459696412 0.019999999087303877 0.05113636516034603
0 0.6257894451264292 0.20170455146580935 0.019999999087303877 0.043560607358813286
0 0.6305262870155275 0.22537879459559917 0.02526315674185753 0.05303030461072922
0 0.6647368117701262 0.21496212761849165 0.019999999087303877 0.04734848625957966
0 0.6805262847337872 0.17613636888563633 0.019999999087303877 0.04545454680919647
0 0.7068420730065554 0.1950757633894682 0.017894736025482416 0.0416666679084301
0 0.7473683869466186 0.27178031112998724 0.023157893680036068 0.05113636516034603
0 0.8231578571721911 0.26799243222922087 0.02736841980367899 0.054924244061112404
0 0.8742104864213616 0.27935606893152 0.02631578827276826 0.05113636516034603
0 0.882105222903192 0.3323863735422492 0.039999998174607754 0.08522727526724339
0 0.9205262737814337 0.2916666753590107 0.019999999087303877 0.049242425709962845
0 0.9363157467450947 0.28598485700786114 0.022105262149125338 0.06439394131302834
