0 0.1876804616767913 0.3642495833337307 0.050048123113811016 0.06745362654328346
0 0.31568816117942333 0.21163575327955186 0.015399422496557236 0.032040472608059645
0 0.33397497539408505 0.22765598958358169 0.015399422496557236 0.026981450617313385
0 0.35466794937383384 0.22849915991537273 0.014436958590522408 0.02866779128089547
0 0.37006737187039107 0.2571669511962682 0.012512030778452754 0.03878583526238799
0 0.41819056717213243 0.24283305555582047 0.018286814214661717 0.037099494598805904
0 0.3753609233535826 0.2023608796298504 0.019249278120696545 0.03372681327164173
0 0.39749759319238365 0.2006745389662683 0.013474494684487581 0.04047217592597008
0 0.3286814239108935 0.18381113233044744 0.016361886402592063 0.023608769290149212
0 0.34504331031348556 0.20320404996164143 0.012512030778452754 0.021922428626567125
0 0.417709335219115 0.1711635773535818 0.011549566872417927 0.0252951099537313
0 0.423484118655324 0.1500843190588057 0.009624639060348272 0.02023608796298504
0 0.44706448435317725 0.1694772366899997 0.014436958590522408 0.02866779128089547
0 0.42589027842041105 0.20320404996164143 0.014436958590522408 0.032040472608059645
0 0.4494706441182643 0.22512647858820856 0.013474494684487581 0.03541315393522382
0 0.48171318497043103 0.23524452256970108 0.020211742026731372 0.03541315393522382
0 0.5081809423863888 0.18381113233044744 0.015399422496557236 0.03372681327164173
0 0.4802694891113788 0.19139966531656682 0.013474494684487581 0.0252951099537313
0 0.46535129856783897 0.14502529706805944 0.008662175154313445 0.023608769290149212
0 0.4942252157488838 0.14333895640447736 0.012512030778452754 0.016863406635820866
0 0.5120307980105281 0.15261383005417883 0.013474494684487581 0.02866779128089547
0 0.5149181897286326 0.12563237943686545 0.011549566872417927 0.018549747299402952
0 0.5327237719902769 0.12984823109582067 0.012512030778452754 0.02023608796298504
0 0.5255052926950157 0.17284991801716387 0.009624639060348272 0.0252951099537313
0 0.5534167459700257 0.16273187403567135 0.013474494684487581 0.018549747299402952
0 0.5678537045605481 0.15092748939059675 0.011549566872417927 0.021922428626567125
0 0.5466794986277819 0.13322091242298484 0.009624639060348272 0.02023608796298504
0 0.5818094311980531 0.12563237943686545 0.0105871029663831 0.018549747299402952
0 0.5899903743993491 0.11720067611895502 0.009624639060348272 0.018549747299402952
0 0.6044273329898715 0.13406408275477588 0.011549566872417927 0.02866779128089547
0 0.6188642915803939 0.11635750578716397 0.011549566872417927 0.023608769290149212
0 0.6308950904058293 0.1306914014276117 0.0105871029663831 0.0252951099537313
0 0.6419634253252298 0.12141652777791023 0.009624639060348272 0.02023608796298504
0 0.6280076986877248 0.15935919270850718 0.012512030778452754 0.0252951099537313
0 0.49711260746698827 0.28161889081820846 0.022136669838801026 0.047217538580298424
0 0.5452358027687296 0.29089376446790993 0.018286814214661717 0.04553119791671634
0 0.6039461010368541 0.3330522810574621 0.02406159765087068 0.04890387924388051
0 0.5769971116678789 0.24620573688298464 0.018286814214661717 0.04047217592597008
0 0.5500481222989038 0.19224283564835787 0.014436958590522408 0.030354131944477558
0 0.5880654465872794 0.17369308834895492 0.01732435030862689 0.026981450617313385
0 0.6703561105532572 0.17959528067149222 0.014436958590522408 0.03541315393522382
0 0.6693936466472223 0.10455312114208937 0.006737247342243791 0.02023608796298504
0 0.6915303164860234 0.12225969810970128 0.012512030778452754 0.021922428626567125
0 0.6997112596873194 0.11045531346462667 0.009624639060348272 0.0252951099537313
0 0.727141481009312 0.1129848244599998 0.012512030778452754 0.02023608796298504
0 0.741097207646817 0.1500843190588057 0.009624639060348272 0.030354131944477558
0 0.7536092384252697 0.13743676408194005 0.011549566872417927 0.02866779128089547
0 0.6337824821239337 0.23861720389686525 0.016361886402592063 0.04553119791671634
0 0.6881616928149015 0.2672849951777607 0.019249278120696545 0.03541315393522382
0 0.6958614040631801 0.30860034143552184 0.0211742059327662 0.047217538580298424
0 0.7367661200696602 0.2858347424771637 0.016361886402592063 0.04890387924388051
0 0.7459095271769911 0.3937605449464172 0.028873917181044817 0.0623946045525372
0 0.8161693923175335 0.40809444058686495 0.025024061556905508 0.06408094521611929
0 0.8989412882365286 0.4300168692134321 0.032723772805184126 0.07082630787044764
0 0.9167468704981729 0.350758858025074 0.018286814214661717 0.047217538580298424
0 0.846968237310648 0.3170320447534323 0.0211742059327662 0.060708263888955116
0 0.7921077946666628 0.3094435117673129 0.023099133744835854 0.04553119791671634
0 0.7617901816265658 0.2672849951777607 0.014436958590522408 0.04553119791671634
0 0.729547640774399 0.23271501157432795 0.01732435030862689 0.037099494598805904
0 0.7232916253851727 0.1888701543211937 0.014436958590522408 0.026981450617313385
0 0.7059672750765458 0.16104553337208927 0.016361886402592063 0.0252951099537313
0 0.7521655425662175 0.17959528067149222 0.006737247342243791 0.032040472608059645
0 0.7651588052976876 0.1871838136576116 0.011549566872417927 0.03372681327164173
0 0.8012512017739937 0.155986511381343 0.0105871029663831 0.02866779128089547
0 0.819056784035638 0.16020236304029822 0.011549566872417927 0.030354131944477558
0 0.8113570727873594 0.24620573688298464 0.019249278120696545 0.037099494598805904
0 0.8152069284114987 0.20741990162059665 0.013474494684487581 0.023608769290149212
0 0.8787295462097973 0.2588532918598503 0.015399422496557236 0.04553119791671634
0 0.8941289687063545 0.233558181906119 0.01732435030862689 0.03878583526238799
0 0.9316650610417128 0.2200674565974623 0.013474494684487581 0.03541315393522382
0 0.9311838290886953 0.2866779128089547 0.016361886402592063 0.047217538580298424
0 0.7844080834183842 0.14671163773164153 0.013474494684487581 0.030354131944477558
