0 0.8930693347938359 0.48765432462096214 0.03960396163165569 0.08641975373029709
0 0.795049529755488 0.5694444486871362 0.0257425750605762 0.04629629664123058
0 0.7504950729198754 0.5679012387990952 0.027722773142158985 0.043209876865148544
0 0.7000000218395144 0.5601851893588901 0.02178217889741063 0.040123457089066505
0 0.6742574467789382 0.5617283992469311 0.02178217889741063 0.043209876865148544
0 0.5722772455774248 0.5462963003665209 0.023762376978993416 0.03703703731298447
0 0.5356435810681432 0.5401234608143568 0.02178217889741063 0.03703703731298447
0 0.5168316992931068 0.5848765475675464 0.031683169305324554 0.05246913619339466
0 0.4881188271101564 0.5339506212621927 0.017821782734245062 0.03086419776082039
0 0.4782178367022425 0.5108024729415774 0.017821782734245062 0.03395061753690243
0 0.4663366482127458 0.5447530904784799 0.02178217889741063 0.040123457089066505
0 0.42970298370346427 0.5802469179034233 0.027722773142158985 0.03703703731298447
0 0.4247524884995073 0.552469139918685 0.0257425750605762 0.03703703731298447
0 0.436633676989004 0.5200617322698236 0.017821782734245062 0.02777777798473835
0 0.40891090384684503 0.5262345718219876 0.02178217889741063 0.03395061753690243
0 0.3990099134389311 0.4938271641731262 0.013861386571079493 0.02469135820865631
0 0.3742574374191463 0.5895061772316694 0.031683169305324554 0.06172839552164078
0 0.34455446619540453 0.5663580289110541 0.023762376978993416 0.04629629664123058
0 0.3346534757874906 0.5941358068957925 0.031683169305324554 0.04629629664123058
0 0.2970297122374177 0.555555559694767 0.027722773142158985 0.04938271641731262
0 0.31485149497166276 0.5030864235013723 0.019801980815827847 0.03086419776082039
0 0.2742574342992157 0.5262345718219876 0.02178217889741063 0.03395061753690243
0 0.26732674101367593 0.5061728432774544 0.015841584652662277 0.03086419776082039
0 0.26336634485051036 0.6126543255522847 0.0514851501211524 0.0709876548498869
0 0.23861386883072555 0.5709876585751772 0.0257425750605762 0.043209876865148544
0 0.22574258130043745 0.5493827201426029 0.023762376978993416 0.03703703731298447
0 0.22574258130043745 0.5154321026057005 0.019801980815827847 0.03703703731298447
0 0.19900990719906986 0.5185185223817825 0.0257425750605762 0.03703703731298447
0 0.179207926383242 0.5185185223817825 0.017821782734245062 0.03086419776082039
0 0.18316832254640758 0.5030864235013723 0.017821782734245062 0.03086419776082039
0 0.15643564844504 0.5046296333894134 0.019801980815827847 0.02777777798473835
0 0.13564356858842075 0.5000000037252903 0.017821782734245062 0.03703703731298447
0 0.12673267722129822 0.5632716091349721 0.03960396163165569 0.06481481529772282
0 0.13663366762921214 0.558641979470849 0.023762376978993416 0.0555555559694767
0 0.0257425750605762 0.6697530914098024 0.04752475395798683 0.09876543283462524
0 0.06336633861064911 0.5617283992469311 0.031683169305324554 0.0555555559694767
0 0.07128713093698025 0.5354938311502337 0.019801980815827847 0.040123457089066505
0 0.08118812134489417 0.5231481520459056 0.019801980815827847 0.03395061753690243
0 0.08811881463043392 0.5015432136133313 0.017821782734245062 0.03395061753690243
0 0.053465348202735186 0.4984567938372493 0.023762376978993416 0.03395061753690243
0 0.011881188489496708 0.5339506212621927 0.019801980815827847 0.04938271641731262
0 0.030693070264533162 0.5370370410382748 0.017821782734245062 0.03703703731298447
0 0.02970297122374177 0.4984567938372493 0.019801980815827847 0.03395061753690243
