0 0.09000000060768798 0.25989446975290775 0.027272727456875145 0.03957783803343773
0 0.07363636413356289 0.261213731020689 0.02363636379595846 0.036939315497875214
0 0.056363636744208634 0.2651715148240328 0.025454545626416802 0.0343007929623127
0 0.019090909219812602 0.261213731020689 0.027272727456875145 0.042216360569000244
0 0.14727272826712579 0.2546174246817827 0.032727272948250175 0.05540897324681282
0 0.12090909172547981 0.23218998312950134 0.020000000135041773 0.026385225355625153
0 0.20272727409610525 0.2651715148240328 0.04909090942237526 0.06596306338906288
0 0.280909092805814 0.2796833887696266 0.045454545761458576 0.0686015859246254
0 0.36272727517643943 0.2902374789118767 0.04181818210054189 0.07387863099575043
0 0.40000000270083547 0.27308708243072033 0.04000000027008355 0.05540897324681282
0 0.4727272759191692 0.26912929862737656 0.04000000027008355 0.0686015859246254
0 0.5536363673745655 0.2651715148240328 0.045454545761458576 0.07124010846018791
0 0.6563636407954618 0.2651715148240328 0.04727272759191692 0.08179419860243797
0 0.6145454586949199 0.25329816341400146 0.025454545626416802 0.047493405640125275
0 0.726363641268108 0.26912929862737656 0.038181818439625204 0.06332454085350037
0 0.7881818235036917 0.26649077609181404 0.05272727308329195 0.08443272113800049
0 0.9100000061444007 0.21635884791612625 0.03090909111779183 0.036939315497875214
0 0.9690909156342968 0.2770448662340641 0.05818181857466698 0.10554090142250061
0 0.7081818229635246 0.21899737045168877 0.02363636379595846 0.036939315497875214
0 0.7090909138787538 0.17678100988268852 0.014545454643666744 0.026385225355625153
0 0.7272727321833372 0.1807387936860323 0.010909090982750058 0.023746702820062637
0 0.7436363686574623 0.1715039648115635 0.014545454643666744 0.021108180284500122
0 0.7754545506904833 0.19525066763162613 0.016363636474125087 0.026385225355625153
0 0.7645454597077332 0.18205805495381355 0.012727272813208401 0.021108180284500122
0 0.7745454597752541 0.16622691974043846 0.014545454643666744 0.026385225355625153
0 0.8145454600453377 0.18469657748937607 0.01818181830458343 0.026385225355625153
0 0.8081818236387335 0.16622691974043846 0.012727272813208401 0.026385225355625153
0 0.8318181874346919 0.17546174861490726 0.016363636474125087 0.023746702820062637
0 0.837272732926067 0.16094987466931343 0.012727272813208401 0.021108180284500122
0 0.8490909148240462 0.18865436129271984 0.01818181830458343 0.0343007929623127
0 0.885454551433213 0.18205805495381355 0.01818181830458343 0.03166227042675018
0 0.9390909154317342 0.19393140636384487 0.016363636474125087 0.0343007929623127
0 0.9618181883124635 0.20184697397053242 0.014545454643666744 0.029023747891187668
0 0.9827272793627344 0.21635884791612625 0.03454545477870852 0.042216360569000244
0 0.9900000066845678 0.1899736225605011 0.020000000135041773 0.036939315497875214
0 0.6427272770670243 0.20976254157721996 0.020000000135041773 0.03957783803343773
0 0.6118181859492324 0.21240106411278248 0.02363636379595846 0.03957783803343773
0 0.5118181852740236 0.2269129380583763 0.020000000135041773 0.036939315497875214
0 0.4972727306303568 0.24670185707509518 0.020000000135041773 0.04485488310456276
