0 0.10800000512972474 0.4242902292171493 0.04800000227987766 0.07255520648323
0 0.1560000074096024 0.39747634856030345 0.03200000151991844 0.044164038728922606
0 0.2340000111144036 0.41324921953491867 0.03600000170990825 0.05678233550861478
0 0.2750000130617991 0.40536278404761106 0.03000000142492354 0.04731861292384565
0 0.3880000184290111 0.4589905453613028 0.04800000227987766 0.07886435487307608
0 0.40800001937896013 0.4085173582425341 0.028000001329928637 0.04731861292384565
0 0.5490000260761008 0.43533123889937997 0.03800000180490315 0.06309148389846087
0 0.5290000251261517 0.4290220905095339 0.018000000854954123 0.03785489033907652
0 0.5180000246036798 0.4100946453399956 0.020000000949949026 0.03785489033907652
0 0.5950000282609835 0.41324921953491867 0.02200000104494393 0.03785489033907652
0 0.6450000306358561 0.4305993776069954 0.018000000854954123 0.034700316144153476
0 0.6770000321557745 0.42744480341207236 0.018000000854954123 0.02839116775430739
0 0.7280000345781446 0.4589905453613028 0.03200000151991844 0.04731861292384565
0 0.7280000345781446 0.5362776131369174 0.06000000284984708 0.11356467101722956
0 0.8810000418452546 0.5173501679673791 0.058000002754852176 0.11356467101722956
0 0.8700000413227826 0.44006310019176453 0.020000000949949026 0.034700316144153476
0 0.9210000437451527 0.46372240665368736 0.02200000104494393 0.044164038728922606
