0 0.13540445087710395 0.2422037438955158 0.022274325252510607 0.05197505233809352
0 0.14830011286539957 0.26091476273722947 0.024618991068564355 0.056133056525141
0 0.1694021052098833 0.25467775645665824 0.022274325252510607 0.04781704815104604
0 0.22391558543313295 0.20582120725885034 0.02344665816053748 0.04989605024456978
0 0.24560374423163012 0.24428274598903954 0.022274325252510607 0.043659043963998556
0 0.2813598979264498 0.20790020935237408 0.018757326528429985 0.041580041870474815
0 0.30480655608698726 0.19750519888475537 0.016412660712376237 0.037422037683427334
0 0.3194607174373232 0.1829521842300892 0.01758499362040311 0.041580041870474815
0 0.33645954460371286 0.3024948046077043 0.032825321424752474 0.06860706908628345
0 0.4618991657625884 0.16632016748189926 0.02579132397659123 0.05821205861866474
0 0.5486518009565771 0.32536382763646543 0.04923798213712871 0.1018711025826633
0 0.5926142850075848 0.2525987543631345 0.038686985964886844 0.06860706908628345
0 0.6084407792659476 0.16943867062218487 0.021101992344483733 0.043659043963998556
