0 0.04181818210054189 0.7646341470535845 0.0800000005401671 0.1975609757937491
0 0.03545454569393769 0.5890243907924742 0.06727272772695869 0.11463414644822478
0 0.050909091252833605 0.4780487809330225 0.05818181857466698 0.092682926915586
0 0.013636363728437573 0.4536585370078683 0.02363636379595846 0.06341463420540094
0 0.031818182033021 0.3878048784099519 0.038181818439625204 0.04878048785030842
0 0.021818181965500116 0.34390243934467435 0.032727272948250175 0.039024390280246735
0 0.05272727308329195 0.3512195125222206 0.02909090928733349 0.039024390280246735
0 0.08272727328585461 0.4304878052789718 0.04181818210054189 0.06585365859791636
0 0.11454545531887561 0.4097560979425907 0.03636363660916686 0.0585365854203701
0 0.1309090917930007 0.3524390247184783 0.02909090928733349 0.041463414672762156
0 0.16454545565648004 0.35365853691473603 0.027272727456875145 0.039024390280246735
0 0.19545454677427188 0.3646341466810554 0.02363636379595846 0.041463414672762156
0 0.18727272853720933 0.43658536626026034 0.03636363660916686 0.05365853663533926
0 0.14272727369097993 0.4792682931292802 0.045454545761458576 0.06585365859791636
0 0.13909091003006324 0.602439024951309 0.06727272772695869 0.10243902448564768
0 0.22090909240068868 0.5548780492972583 0.063636364066042 0.08536585373803973
0 0.21909091057023033 0.4670731711667031 0.045454545761458576 0.0707317073829472
0 0.26636363816214725 0.41585365892387927 0.04181818210054189 0.05609756102785468
0 0.23545454704435542 0.370731707662344 0.02363636379595846 0.039024390280246735
0 0.25727272900985554 0.3731707320548594 0.027272727456875145 0.03414634149521589
0 0.26272727450123057 0.35731707350350916 0.020000000135041773 0.03170731710270047
0 0.28909091104287654 0.31951219541952014 0.01818181830458343 0.03414634149521589
0 0.23454545612912625 0.7195121957920492 0.10181818250566721 0.13658536598086357
0 0.35909091151552275 0.6268292688764632 0.07818181870970875 0.1268292684108019
0 0.3281818203977309 0.5500000005122274 0.056363636744208634 0.07560975616797805
0 0.3318181840586476 0.4865853663068265 0.04181818210054189 0.06585365859791636
0 0.3509090932784602 0.4524390248116106 0.04000000027008355 0.046341463457793
0 0.3254545476520434 0.3853658540174365 0.021818181965500116 0.039024390280246735
0 0.28909091104287654 0.3646341466810554 0.01818181830458343 0.03170731710270047
0 0.312727274838835 0.33170731738209724 0.01818181830458343 0.02439024392515421
0 0.3418181841261685 0.37682926864363253 0.01818181830458343 0.036585365887731314
0 0.3600000024307519 0.3524390247184783 0.014545454643666744 0.02682926831766963
0 0.3672727297525853 0.370731707662344 0.01818181830458343 0.02439024392515421
0 0.37454545707441866 0.3878048784099519 0.014545454643666744 0.02926829271018505
0 0.4118181845988147 0.3878048784099519 0.027272727456875145 0.039024390280246735
0 0.39363636629423127 0.3817073174286634 0.012727272813208401 0.02682926831766963
0 0.3954545481246896 0.35365853691473603 0.020000000135041773 0.02439024392515421
0 0.4536363666993566 0.3646341466810554 0.016363636474125087 0.021951219532638788
0 0.43909091205568984 0.39268292719498277 0.020000000135041773 0.03414634149521589
0 0.4727272759191692 0.40487804915755987 0.01818181830458343 0.03414634149521589
0 0.4590909121907316 0.3878048784099519 0.020000000135041773 0.02926829271018505
0 0.4818181850714609 0.3878048784099519 0.01818181830458343 0.02439024392515421
0 0.49909091246081516 0.3634146344847977 0.020000000135041773 0.02926829271018505
0 0.5009090942912735 0.40000000037252903 0.020000000135041773 0.03414634149521589
0 0.4209090937511064 0.5000000004656613 0.04181818210054189 0.0585365854203701
0 0.3800000025657937 0.5158536590170115 0.050909091252833605 0.0707317073829472
0 0.4500000030384399 0.5695121956523508 0.07090909138787538 0.1048780488781631
0 0.4918181851389818 0.4878048785030842 0.03454545477870852 0.0585365854203701
0 0.5345454581547529 0.42560975649394095 0.02909090928733349 0.046341463457793
0 0.5700000038486905 0.4219512199051678 0.02363636379595846 0.03414634149521589
0 0.5890909130685031 0.41585365892387927 0.021818181965500116 0.036585365887731314
0 0.5600000037811697 0.3939024393912405 0.021818181965500116 0.02682926831766963
0 0.5318181854090653 0.3963414637837559 0.012727272813208401 0.021951219532638788
0 0.5209090944263153 0.40000000037252903 0.016363636474125087 0.02926829271018505
0 0.5636363674420863 0.5426829273346812 0.07272727321833372 0.11463414644822478
0 0.6845454591675662 0.4646341467741877 0.056363636744208634 0.09024390252307057
0 0.7254545503528789 0.4524390248116106 0.025454545626416802 0.03170731710270047
0 0.7400000049965456 0.454878049204126 0.025454545626416802 0.036585365887731314
0 0.7572727323858999 0.4402439028490335 0.027272727456875145 0.041463414672762156
0 0.7163636412005872 0.36219512228854 0.021818181965500116 0.03170731710270047
0 0.7400000049965456 0.36707317107357085 0.014545454643666744 0.021951219532638788
0 0.8136363691301085 0.3609756100922823 0.02363636379595846 0.03414634149521589
0 0.880000005941838 0.34268292714841664 0.025454545626416802 0.036585365887731314
0 0.7918181871646084 0.42560975649394095 0.020000000135041773 0.03170731710270047
0 0.7809090961818583 0.4414634150452912 0.016363636474125087 0.03414634149521589
