0 0.01812499959487468 0.3433333416469395 0.033749999245628715 0.08666666876524687
0 0.0906249979743734 0.3758333424339071 0.07624999829567969 0.11833333619870245
0 0.24812499445397407 0.4066666765138507 0.07874999823980033 0.1066666692495346
0 0.2568749942583963 0.3216666744556278 0.04624999896623194 0.08000000193715096
0 0.3674999917857349 0.33166667469777167 0.052499998826533556 0.08333333535119891
0 0.3849999913945794 0.28583334025461227 0.04499999899417162 0.07166666840203106
0 0.4662499895785004 0.35000000847503543 0.0549999987706542 0.08666666876524687
0 0.45249998988583684 0.2916666737291962 0.03999999910593033 0.060000001452863216
0 0.5543749876087531 0.2983333405572921 0.0437499990221113 0.07000000169500709
0 0.5968749866588041 0.28750000696163625 0.033749999245628715 0.06833333498798311
0 0.7681249828310683 0.46333334455266595 0.10374999768100679 0.17333333753049374
0 0.8262499815318733 0.384166675969027 0.06499999854713678 0.11833333619870245
0 0.8749999804422259 0.3283333412837237 0.0549999987706542 0.08333333535119891
0 0.9781249781372026 0.37000000895932317 0.0437499990221113 0.12333333631977439
0 0.9656249784165993 0.5541666800854728 0.061249998630955815 0.1683333374094218
