0 0.01749999960884452 0.45666667772457004 0.029999999329447746 0.06666666828095913
0 0.026249999413266778 0.40333334309980273 0.02249999949708581 0.04666666779667139
0 0.07624999829567969 0.41000000992789865 0.0274999993853271 0.04666666779667139
0 0.16374999633990228 0.41666667675599456 0.0274999993853271 0.04666666779667139
0 0.17374999611638486 0.3966666762717068 0.02249999949708581 0.033333334140479565
0 0.2087499953340739 0.4066666765138507 0.0274999993853271 0.04666666779667139
0 0.19999999552965164 0.4916666785720736 0.0549999987706542 0.076666668523103
0 0.27749999379739165 0.38666667602956295 0.024999999441206455 0.04000000096857548
0 0.31124999304302037 0.3966666762717068 0.02249999949708581 0.033333334140479565
0 0.352499992121011 0.3916666761506349 0.019999999552965164 0.03666666755452752
0 0.3362499924842268 0.5150000124704093 0.05749999871477485 0.07000000169500709
0 0.4112499908078462 0.4350000105332583 0.03749999916180968 0.05666666803881526
0 0.4162499906960875 0.38833334273658693 0.02249999949708581 0.043333334382623434
0 0.46374998963437974 0.4200000101700425 0.0274999993853271 0.0533333346247673
0 0.5049999887123704 0.4433333440683782 0.03499999921768904 0.0533333346247673
0 0.5249999882653356 0.4133333433419466 0.024999999441206455 0.04666666779667139
0 0.5899999868124723 0.38500000932253897 0.019999999552965164 0.03666666755452752
0 0.5899999868124723 0.4366666772402823 0.03499999921768904 0.0533333346247673
0 0.6437499856110662 0.40833334322087467 0.0274999993853271 0.05000000121071935
0 0.6724999849684536 0.39333334285765886 0.024999999441206455 0.04000000096857548
0 0.7337499835994095 0.460000011138618 0.03749999916180968 0.07333333510905504
0 0.743749983375892 0.5783333473373204 0.07249999837949872 0.10333333583548665
0 0.7499999832361937 0.40166667639277875 0.029999999329447746 0.043333334382623434
0 0.8149999817833304 0.29500000714324415 0.04499999899417162 0.07000000169500709
0 0.8862499801907688 0.2900000070221722 0.07249999837949872 0.08666666876524687
