0 0.1312500019557774 0.32552691851742566 0.07812500116415322 0.14519905718043447
0 0.21796875324798748 0.3231849982403219 0.06093750090803951 0.1030444921925664
0 0.26093750388827175 0.37704916461370885 0.06875000102445483 0.13114753551781178
0 0.29453125438885763 0.31147539685480297 0.05781250086147338 0.11709601385518909
0 0.3476562551804818 0.27400467242114246 0.051562500768341124 0.11709601385518909
0 0.35546875529689714 0.3992974072461948 0.06718750100117177 0.13348945579491556
0 0.39687500591389835 0.3067915563005954 0.05312500079162419 0.11709601385518909
0 0.4539062567637302 0.3185011576861143 0.06093750090803951 0.13583137607201934
0 0.5054687575320713 0.31381731713190675 0.05468750081490725 0.1030444921925664
0 0.5570312583004124 0.31498827727045864 0.05781250086147338 0.128805615240708
0 0.6171875091968104 0.3548009219812229 0.06875000102445483 0.13348945579491556
0 0.6585937598138116 0.3559718821197748 0.04531250067520887 0.10772833274677396
0 0.7218750107567757 0.3489461212884635 0.08125000121071935 0.13583137607201934
0 0.6890625102678314 0.2939109947765246 0.04687500069849193 0.0772833691444248
0 0.46718750696163625 0.26346603117417544 0.05000000074505806 0.0772833691444248
0 0.5429687580908649 0.5433255042880774 0.07343750109430403 0.15925057884305716
0 0.6289062593714334 0.6264636741252616 0.08906250132713467 0.16159249912016094
0 0.679687510128133 0.49180325819179416 0.10625000158324838 0.18266978161409497
0 0.8531250127125531 0.3044496360234916 0.0656250009778887 0.1264636949636042
