0 0.6205999843223253 0.3550420054816641 0.029199999262345955 0.05462184699717909
0 0.6441999837261392 0.5714285532012582 0.05159999869647436 0.08763505122624338
0 0.664999983200687 0.6269507603137754 0.06439999837311916 0.10384153330232948
0 0.7169999818870565 0.5588235115865245 0.038799999019829556 0.06722688861191273
0 0.7611999807704706 0.592737075930927 0.04959999874699861 0.08103241038043052
0 0.8001999797852477 0.7851140205748379 0.09479999760515057 0.14525809860788286
0 0.8311999790021218 0.6425570023129694 0.05839999852469191 0.09303721191827208
0 0.8145999794214731 0.5483193102409132 0.04199999893899076 0.07022808899637312
0 0.3339999915624503 0.5585233915480785 0.04079999896930531 0.06662664853502065
0 0.3043999923102092 0.5993397167767398 0.04319999890867621 0.08823529130313545
0 0.2777999929821817 0.6197478793910705 0.05239999867626466 0.10144057299476117
0 0.19899999497283716 0.5630251921247691 0.05239999867626466 0.08403361076489091
0 0.24699999376025517 0.5420167894335464 0.04759999879752286 0.08643457107245922
0 0.10679999730200507 0.6377550816978328 0.06639999832259491 0.09663865237962455
0 0.04559999884804711 0.5864345551235601 0.06399999838322401 0.07442976953461766
0 0.13159999667550437 0.5369147487799637 0.04399999888846651 0.0762304897652939
0 0.9095999770215712 0.5909363557002507 0.05119999870657921 0.08583433099556714
0 0.91299997693568 0.5360143886646256 0.04119999895920046 0.06722688861191273
0 0.9667999755765777 0.7415966150001623 0.06639999832259491 0.1278511363780126
0 0.9787999752734322 0.646758682851214 0.04239999892888591 0.07503000961150974
0 0.9823999751824886 0.5741296335472725 0.035199999110773206 0.08103241038043052
