0 0.11884904030011967 0.5246132098836824 0.045871559414081275 0.08157524443231523
0 0.21267723001074046 0.34036567504517734 0.021684737177565694 0.03656821302138269
0 0.24645537830656394 0.3586497815558687 0.020850708824582398 0.04500703141093254
0 0.27439532813150436 0.31012657581595704 0.023352793883532286 0.0436005616793409
0 0.28398665419081226 0.35794654669007286 0.02251876553054899 0.040787622216157615
0 0.32652210019296035 0.3558368420926854 0.02418682223651558 0.04500703141093254
0 0.3678065036656335 0.3354430309846066 0.01834862376563251 0.032348803826607764
0 0.3407005821936764 0.2981715830974281 0.017514595412649214 0.03938115248456597
0 0.3748957446659915 0.27074542333139107 0.015846538706682622 0.032348803826607764
0 0.39616346766706556 0.2988748179632239 0.01834862376563251 0.03516174328979105
0 0.4149291056091897 0.25035161222331226 0.017514595412649214 0.033755273558199406
0 0.43619682861026376 0.2616033700760454 0.01668056705966592 0.030942334095016122
0 0.45079232478747144 0.24331926356535405 0.015846538706682622 0.030942334095016122
0 0.4645537926116958 0.26019690034445375 0.020016680471599102 0.030942334095016122
0 0.4599666366702877 0.23558368004160002 0.01417848200071603 0.032348803826607764
0 0.511676394555252 0.27285512792877853 0.019182652118615806 0.03656821302138269
0 0.5087572953198105 0.23769338463898748 0.011676396941766143 0.02250351570546627
0 0.5204336922615767 0.24683543789433315 0.015012510353699327 0.026722924900241196
0 0.5396163443801925 0.2447257332969457 0.013344453647732735 0.030942334095016122
0 0.5646371949696913 0.2784810068551451 0.01834862376563251 0.03656821302138269
0 0.5746455352054909 0.25949366547865793 0.01668056705966592 0.026722924900241196
0 0.5521267696749419 0.22362868732307106 0.013344453647732735 0.025316455168649554
0 0.5696413650875911 0.2116736946045421 0.013344453647732735 0.02953586436342448
0 0.5925771447946317 0.24683543789433315 0.015846538706682622 0.02953586436342448
0 0.5950792298535816 0.22081574785988778 0.015846538706682622 0.019690576242282987
0 0.6025854850304313 0.20253164134919643 0.015846538706682622 0.028129394631832838
0 0.6217681371490471 0.20956399000715464 0.01417848200071603 0.030942334095016122
0 0.6317764773848467 0.22292545245727524 0.017514595412649214 0.02953586436342448
0 0.6338615482673049 0.24402249843114987 0.01668056705966592 0.02953586436342448
0 0.49958298343699425 0.3157524547423236 0.023352793883532286 0.03797468275297433
0 0.4574645516113378 0.31364275014493614 0.025854878942482173 0.03938115248456597
0 0.44036697037518024 0.3382559704477899 0.023352793883532286 0.040787622216157615
0 0.3965804818435572 0.3452883191057481 0.025854878942482173 0.04641350114252418
0 0.6555462854448706 0.2151898689335212 0.013344453647732735 0.025316455168649554
0 0.6701417816220783 0.22222221759147942 0.01417848200071603 0.030942334095016122
0 0.6926605471526273 0.21729957353090867 0.017514595412649214 0.03797468275297433
0 0.6613844839157537 0.28059071145253256 0.01834862376563251 0.03516174328979105
0 0.6321934915613383 0.30450069688959047 0.021684737177565694 0.03516174328979105
0 0.5929941589711234 0.32700421259505674 0.021684737177565694 0.04641350114252418
0 0.5258548765559681 0.3516174328979105 0.02251876553054899 0.05344584980048239
0 0.4574645516113378 0.40506328269839287 0.035863219178281724 0.06469760765321553
0 0.5112593803787604 0.44514767004875466 0.03502919082529843 0.0604781984584406
0 0.5783986627939157 0.44514767004875466 0.035863219178281724 0.0773558352375403
0 0.5913261022651568 0.396624464308843 0.031693077413365245 0.05907172872684896
0 0.6330275199143216 0.3558368420926854 0.023352793883532286 0.047819970874115825
0 0.6522101720329374 0.3621659558848478 0.025020850589498878 0.054852319532074034
0 0.6822351927403361 0.3684950696770102 0.023352793883532286 0.047819970874115825
0 0.6772310226224363 0.3157524547423236 0.025020850589498878 0.0436005616793409
0 0.70600500080036 0.2953586436342448 0.02251876553054899 0.03938115248456597
0 0.6968306889175437 0.25386778655229136 0.017514595412649214 0.03516174328979105
0 0.727272723801434 0.2545710214180872 0.015012510353699327 0.030942334095016122
0 0.7368640498607419 0.24964837735751644 0.015846538706682622 0.03797468275297433
0 0.7572977445088327 0.2285513313836418 0.01668056705966592 0.03797468275297433
0 0.7685571272741072 0.28340365091571584 0.015846538706682622 0.032348803826607764
0 0.7789824816863984 0.24261602869955823 0.01668056705966592 0.03516174328979105
0 0.7531276027439162 0.25949366547865793 0.01668056705966592 0.03516174328979105
0 0.7977481196285225 0.23699014977319166 0.019182652118615806 0.03797468275297433
0 0.81734778592363 0.27426159766037017 0.01834862376563251 0.03656821302138269
0 0.8015012472169474 0.28691982524469495 0.01834862376563251 0.03656821302138269
0 0.8202668851590715 0.34036567504517734 0.019182652118615806 0.04500703141093254
0 0.8081734740408137 0.35724331182427704 0.023352793883532286 0.056258789263665676
0 0.8348623813362792 0.3115330455475487 0.01834862376563251 0.03516174328979105
0 0.8511259342194535 0.27707453712355345 0.019182652118615806 0.03656821302138269
0 0.861134274455253 0.2686357187340036 0.015846538706682622 0.03938115248456597
0 0.839866551454179 0.2510548470891081 0.013344453647732735 0.03516174328979105
0 0.8736446997500025 0.25668072601547465 0.01417848200071603 0.032348803826607764
0 0.891993323515635 0.2777777719893493 0.017514595412649214 0.03797468275297433
0 0.9032527062809095 0.3213783336686902 0.020016680471599102 0.03797468275297433
0 0.8903252668096684 0.31715892447391525 0.015846538706682622 0.03797468275297433
0 0.8644703878671862 0.3396624401793815 0.020850708824582398 0.04641350114252418
0 0.8569641326903366 0.3699015394086018 0.02251876553054899 0.05344584980048239
0 0.8444537073955871 0.46483824629103765 0.037531275884248316 0.07172995631117374
0 0.8211009135120548 0.5063291033729911 0.037531275884248316 0.0703234865795821
0 0.6968306889175437 0.5372714374680072 0.045871559414081275 0.08157524443231523
0 0.631359463208355 0.4739802995463833 0.03836530423723161 0.07876230496913195
0 0.7151793126831762 0.4120956313563511 0.03252710576634854 0.06469760765321553
0 0.7693911556270905 0.43741208652500063 0.035863219178281724 0.05907172872684896
0 0.9124270181637257 0.47538676927797496 0.030025020707398653 0.0703234865795821
0 0.9399499538121745 0.35443037236109376 0.021684737177565694 0.04219409194774926
0 0.9257714718114585 0.30098452256061137 0.015012510353699327 0.03656821302138269
0 0.9324436986353248 0.27637130225775763 0.015012510353699327 0.02953586436342448
