0 0.1542316303239204 0.3939688715036027 0.05233853159006685 0.10311284044291824
0 0.3402004553354345 0.18190661474363878 0.01893095823470503 0.0369649805361405
0 0.3836303006974049 0.19357976649189368 0.01893095823470503 0.03307392995338887
0 0.39420936559326947 0.21206225675996393 0.01781737245619297 0.04280155641026795
0 0.4209354242775589 0.21595330734271556 0.02004454401321709 0.035019455244764686
0 0.45267261896515265 0.22859922173665836 0.021158129791729152 0.03307392995338887
0 0.3897550224792212 0.16245136182988063 0.013363029342144728 0.029182879370637238
0 0.47828509187093005 0.16536964976694435 0.01670378667768091 0.035019455244764686
0 0.44877506874036044 0.17607003886951134 0.013363029342144728 0.021400778205133975
0 0.5200445585651323 0.19260700384620577 0.022271715570241213 0.03891050582751632
0 0.550668167474214 0.1955252917832695 0.01893095823470503 0.0369649805361405
0 0.5790646048262715 0.12743190658511594 0.015590200899168849 0.029182879370637238
0 0.624721621745266 0.2577821011072956 0.031180401798337698 0.05252918286714703
0 0.7923162814113311 0.21303501940565184 0.021158129791729152 0.04085603111889213
0 0.8669265285716392 0.12159533071098849 0.01670378667768091 0.04085603111889213
0 0.8201559258741327 0.26361867698142305 0.021158129791729152 0.05252918286714703
0 0.9304009179468267 0.2684824902098626 0.01893095823470503 0.035019455244764686
