0 0.08100000384729356 0.5826666604261845 0.07000000332482159 0.11999999871477485
0 0.14000000664964318 0.5106666611973196 0.06000000284984708 0.08266666578128934
0 0.1990000094519928 0.40266666235402226 0.03800000180490315 0.04799999948590994
0 0.4310000204714015 0.4919999947305769 0.042000001994892955 0.07199999922886491
0 0.5150000244611874 0.5533333274070174 0.07000000332482159 0.09333333233371377
0 0.4070000193314627 0.4533333284780383 0.034000001614913344 0.05866666603833437
0 0.3800000180490315 0.4386666619684547 0.028000001329928637 0.04533333284780383
0 0.36000001709908247 0.40933332894928753 0.02400000113993883 0.039999999571591616
0 0.452000021468848 0.3866666625253856 0.028000001329928637 0.03733333293348551
0 0.4810000228462741 0.40933332894928753 0.026000001234933734 0.039999999571591616
0 0.5110000242711976 0.4186666621826589 0.026000001234933734 0.04266666620969772
0 0.5500000261235982 0.4333333286922425 0.03200000151991844 0.050666666124016047
0 0.5500000261235982 0.3906666624825448 0.020000000949949026 0.039999999571591616
0 0.5780000274535269 0.39999999571591616 0.020000000949949026 0.03199999965727329
0 0.6230000295909122 0.4586666617542505 0.03000000142492354 0.05866666603833437
0 0.6370000302558765 0.4186666621826589 0.02200000104494393 0.03733333293348551
0 0.6850000325357541 0.42666666209697723 0.026000001234933734 0.04266666620969772
0 0.729000034625642 0.4159999955445528 0.026000001234933734 0.03733333293348551
0 0.7150000339606777 0.5053333279211074 0.03800000180490315 0.07733333250507712
0 0.7740000367630273 0.45199999515898526 0.03200000151991844 0.05599999940022826
0 0.8370000397553667 0.543999994173646 0.0740000035148114 0.09066666569560766
0 0.8640000410377979 0.4759999949019402 0.04000000189989805 0.07199999922886491
0 0.8950000425102189 0.4533333284780383 0.042000001994892955 0.053333332762122154
0 0.9790000465000048 0.5373333275783807 0.042000001994892955 0.08266666578128934
