0 0.08609539194731042 0.5697879902436398 0.042845594114623964 0.11837455921340734
0 0.25505254609743133 0.25176678638672456 0.01697655615862459 0.047703180578537285
0 0.2978981402120553 0.2500000019208528 0.01697655615862459 0.04063604271505028
0 0.30881164059974253 0.21996466600103304 0.01940177846699953 0.047703180578537285
0 0.33265965996542946 0.24823321745498106 0.01859337103087455 0.05830388737376779
0 0.35286984586855397 0.2173144893022254 0.01697655615862459 0.045936396112665534
0 0.3641875499743037 0.28180212230654433 0.021827000775374472 0.05477031844202429
0 0.3856103470316157 0.19876325241057202 0.012934518977999687 0.033568904851563275
0 0.3936944213928655 0.2464664329891093 0.014551333850249648 0.04063604271505028
0 0.42845594114623964 0.3233215572545305 0.02101859333924949 0.060070671839639544
0 0.4264349225559272 0.19699646794470027 0.015359741286374629 0.04416961164679378
0 0.43532740435330197 0.16872791649075225 0.015359741286374629 0.04063604271505028
0 0.46968472038861364 0.18197879998479038 0.01616814872249961 0.045936396112665534
0 0.47372675756923854 0.25971731648314744 0.01940177846699953 0.04946996504440904
0 0.4927243323181756 0.21643109706928954 0.013742926414124668 0.047703180578537285
0 0.4911075174459256 0.15459364076377824 0.012126111541874707 0.04063604271505028
0 0.5258690371992998 0.16784452425781637 0.015359741286374629 0.03886925824917853
0 0.5432497970759869 0.21643109706928954 0.01940177846699953 0.047703180578537285
0 0.5424413896398619 0.1740282698883675 0.012934518977999687 0.03710247378330678
0 0.5505254640011117 0.1448763262014836 0.014551333850249648 0.03886925824917853
0 0.5739692796487361 0.14310954173561186 0.014551333850249648 0.03886925824917853
0 0.5925626506796107 0.13604240387212485 0.014551333850249648 0.03886925824917853
0 0.5509296677191742 0.3595406388049014 0.021827000775374472 0.05477031844202429
0 0.5755860945209861 0.21113074367167428 0.014551333850249648 0.047703180578537285
0 0.6026677436311729 0.1890459378482774 0.012126111541874707 0.04240282718092203
0 0.6111560217104852 0.163427563093137 0.014551333850249648 0.033568904851563275
0 0.6503637823625468 0.0759717320324853 0.015359741286374629 0.03886925824917853
0 0.6281325778691098 0.12809187377570197 0.012934518977999687 0.030035335919819772
0 0.6434923191554844 0.14575971843441948 0.012934518977999687 0.03710247378330678
0 0.6119644291466102 0.21113074367167428 0.01616814872249961 0.047703180578537285
0 0.6479385600541718 0.19169611454708502 0.012126111541874707 0.033568904851563275
0 0.681891672371421 0.16166077862726524 0.013742926414124668 0.04063604271505028
0 0.6891673392965458 0.14222614950267598 0.012126111541874707 0.033568904851563275
0 0.7097817289177328 0.163427563093137 0.014551333850249648 0.03710247378330678
0 0.6139854477369227 0.3083038892946206 0.01859337103087455 0.05477031844202429
0 0.6042845585034229 0.3922261514235288 0.02021018590312451 0.05300353397615254
0 0.6535974121070467 0.42932862520683557 0.025060630519874394 0.06713780970312655
0 0.6580436530057341 0.2676678465795703 0.01940177846699953 0.047703180578537285
0 0.7113985437899828 0.22261484269984066 0.014551333850249648 0.04946996504440904
0 0.7089733214816079 0.2897526524029672 0.01778496359474957 0.05300353397615254
0 0.7170573958428577 0.43727915530325845 0.022635408211499453 0.0724381631007418
0 0.7348423594376072 0.21201413590461016 0.014551333850249648 0.045936396112665534
0 0.7477768784156069 0.19787986017763615 0.011317704105749726 0.035335689317435026
0 0.743734841234982 0.24381625629030168 0.01616814872249961 0.045936396112665534
0 0.7784963609883562 0.17932862328598276 0.01616814872249961 0.04063604271505028
0 0.7776879535522312 0.21554770483635366 0.014551333850249648 0.04240282718092203
0 0.7639450271381065 0.29858657473232597 0.01778496359474957 0.05300353397615254
0 0.786580435349606 0.2712014155113138 0.01940177846699953 0.047703180578537285
0 0.8059822138166055 0.1996466446435079 0.012934518977999687 0.03886925824917853
0 0.8201293439487927 0.2252650193986483 0.015359741286374629 0.04416961164679378
0 0.8075990286888555 0.24911660968791693 0.012934518977999687 0.045936396112665534
0 0.8112368621514179 0.31095406599342823 0.01859337103087455 0.06360424077138305
0 0.7825383981689811 0.46289753005839884 0.025869037955999374 0.08480565436184406
0 0.8613581231911667 0.3595406388049014 0.01859337103087455 0.05477031844202429
0 0.8694421975524165 0.24469964852323756 0.01697655615862459 0.04063604271505028
0 0.9042037173057906 0.2287985883303918 0.01697655615862459 0.03710247378330678
0 0.8953112355084158 0.27385159221012145 0.015359741286374629 0.04946996504440904
0 0.950687144882977 0.2508833941537887 0.009700889233499765 0.035335689317435026
0 0.9397736444952898 0.29151943686883897 0.01697655615862459 0.045936396112665534
0 0.9195634585921653 0.333922264049761 0.013742926414124668 0.04946996504440904
0 0.9349231998785399 0.3666077766683884 0.01697655615862459 0.05123674951028079
0 0.891269198327791 0.42932862520683557 0.023443815647624433 0.06360424077138305
0 0.868229586398229 0.5415194387896918 0.022635408211499453 0.08657243882771581
0 0.9527081634732895 0.4505300387972966 0.023443815647624433 0.060070671839639544
0 0.9765561828389764 0.3913427591905929 0.01616814872249961 0.05123674951028079
0 0.972109941940289 0.3560070698731579 0.012126111541874707 0.04063604271505028
0 0.9749393679667264 0.3153710271581076 0.012934518977999687 0.033568904851563275
0 0.9781729977112263 0.2712014155113138 0.012934518977999687 0.04416961164679378
