0 0.3500967217842117 0.21464645949890837 0.019342360319569707 0.028619527933187783
0 0.4076402437349316 0.24494948907522485 0.022243714367505163 0.03872053779195994
0 0.4521276724699419 0.22811447264393792 0.022243714367505163 0.03872053779195994
0 0.5106383124366403 0.21969696442829445 0.021276596351526678 0.03872053779195994
0 0.5265957597002853 0.19949494471075013 0.01257253420772031 0.03198653121944517
0 0.5473887970438227 0.19949494471075013 0.013539652223698795 0.03198653121944517
0 0.6054158780025318 0.1590909052756615 0.013539652223698795 0.035353534505702555
0 0.6363636545138434 0.14730639377376065 0.013539652223698795 0.028619527933187783
0 0.6750483751529828 0.1969696922460571 0.015473888255655766 0.030303029576316476
0 0.7205029219039716 0.1986531938891858 0.019342360319569707 0.03367003286257386
0 0.6532882197934669 0.26094275468494743 0.026112186431419104 0.03703703614883125
0 0.7369439281756058 0.3021885449416004 0.02707930444739759 0.052188550936989486
0 0.8612185932288412 0.34090908273356035 0.028046422463376075 0.05555555422324687
0 0.8873307796602603 0.28451177768874913 0.020309478335548192 0.04713804600760341
0 0.8510638540610671 0.2348484792164527 0.017408124287612736 0.03872053779195994
0 0.8592843571968842 0.2045454496401362 0.01644100627163425 0.03198653121944517
0 0.9081238170037977 0.22811447264393792 0.011605416191741824 0.04208754107821733
0 0.9313346493872814 0.25589224975556135 0.015473888255655766 0.05050504929386079
0 0.9632495439145714 0.24999999400461093 0.021276596351526678 0.035353534505702555
