0 0.8745487309643067 0.5523416057694703 0.027075812104158103 0.04683195659890771
0 0.7355595621629618 0.6666666762903333 0.016245487262494862 0.03305785171687603
0 0.7075812229886651 0.6749311392195523 0.014440433122217655 0.02754820976406336
0 0.689530681585893 0.6790633706841618 0.014440433122217655 0.024793388787657022
0 0.6768953026039526 0.6818181916605681 0.014440433122217655 0.024793388787657022
0 0.6633573965518735 0.6625344448257238 0.012635378981940448 0.024793388787657022
0 0.6570397070609033 0.6790633706841618 0.014440433122217655 0.024793388787657022
0 0.6435018010088243 0.6831956021487713 0.016245487262494862 0.02754820976406336
0 0.6101082994136959 0.7162534538656473 0.014440433122217655 0.022038567811250687
0 0.5568592022755183 0.7107438119128346 0.012635378981940448 0.016528925858438015
0 0.5379061338026077 0.7107438119128346 0.014440433122217655 0.022038567811250687
0 0.5180505382595584 0.730027558747679 0.014440433122217655 0.022038567811250687
0 0.52346570068039 0.7148760433774441 0.014440433122217655 0.01928374683484435
0 0.5342960255220532 0.6473829294554889 0.010830324841663241 0.02754820976406336
0 0.4918772532255389 0.7272727377712727 0.016245487262494862 0.02754820976406336
0 0.4747292388929054 0.7024793489836156 0.010830324841663241 0.016528925858438015
0 0.46299638698110357 0.6542699818965048 0.012635378981940448 0.01928374683484435
0 0.45397111627971753 0.7038567594718188 0.012635378981940448 0.024793388787657022
0 0.46028880577068776 0.6763085497077554 0.014440433122217655 0.01928374683484435
0 0.4404332102276385 0.6473829294554889 0.010830324841663241 0.022038567811250687
0 0.42689530417555943 0.6446281084790826 0.012635378981940448 0.022038567811250687
0 0.3907942213700153 0.7479338950943202 0.019855595543049276 0.035812672693282366
0 0.41064981691306457 0.7479338950943202 0.016245487262494862 0.035812672693282366
0 0.43050541245611385 0.730027558747679 0.012635378981940448 0.02754820976406336
0 0.45487364334985614 0.7327823797240853 0.014440433122217655 0.02754820976406336
0 0.43231046659639105 0.7038567594718188 0.009025270701386034 0.01928374683484435
0 0.40884476277278736 0.705234169960022 0.012635378981940448 0.022038567811250687
0 0.37906136945821345 0.7107438119128346 0.014440433122217655 0.016528925858438015
0 0.3610108280554414 0.7066115804482251 0.010830324841663241 0.024793388787657022
0 0.37635378824779764 0.6914600650779903 0.012635378981940448 0.016528925858438015
0 0.3673285175464116 0.6487603399436921 0.012635378981940448 0.01928374683484435
0 0.3907942213700153 0.6556473923847079 0.012635378981940448 0.022038567811250687
0 0.3393501783721149 0.7231405063066632 0.01805054140277207 0.035812672693282366
0 0.3420577595825307 0.7038567594718188 0.012635378981940448 0.024793388787657022
0 0.3131768933380954 0.696969707030803 0.012635378981940448 0.022038567811250687
0 0.314079420408234 0.6818181916605681 0.010830324841663241 0.01928374683484435
0 0.27978339174296707 0.6707989077549428 0.010830324841663241 0.01928374683484435
0 0.2924187707249075 0.6790633706841618 0.010830324841663241 0.01928374683484435
0 0.30415162263670936 0.771349873393774 0.03429602866526693 0.05509641952812672
0 0.3637184092658572 0.7672176419291645 0.027075812104158103 0.04132231464609504
0 0.29963898728601635 0.7341597902122885 0.021660649683326483 0.030303030740469694
0 0.2680505398311652 0.7148760433774441 0.012635378981940448 0.024793388787657022
0 0.257220214989502 0.7438016636297107 0.02346570382360369 0.0385674936696887
0 0.2337545111658983 0.787878799252212 0.030685920384712517 0.05509641952812672
0 0.18682310351869091 0.7451790741179138 0.02346570382360369 0.04132231464609504
0 0.1850180493784137 0.7121212224010378 0.019855595543049276 0.030303030740469694
0 0.20036100957076997 0.7011019384954125 0.014440433122217655 0.024793388787657022
0 0.22472924046451226 0.713498632889241 0.016245487262494862 0.02754820976406336
0 0.23014440288534388 0.6859504231251776 0.009025270701386034 0.016528925858438015
0 0.21931407804368064 0.6707989077549428 0.012635378981940448 0.024793388787657022
0 0.24999999842839316 0.6707989077549428 0.009025270701386034 0.01928374683484435
0 0.2066786990617402 0.6694214972667396 0.009025270701386034 0.016528925858438015
0 0.19765342836035416 0.6707989077549428 0.009025270701386034 0.01928374683484435
0 0.14981949364300817 0.7286501482594758 0.01805054140277207 0.030303030740469694
0 0.16696750797564164 0.8126721880398691 0.037906136945821345 0.06611570343375206
0 0.08393501752289012 0.8168044195044786 0.04151624522637576 0.0688705244101584
0 0.025270757963880897 0.779614336322993 0.03610108280554414 0.06060606148093939
0 0.013537906052079052 0.7341597902122885 0.02346570382360369 0.04683195659890771
0 0.03158844745485112 0.7066115804482251 0.019855595543049276 0.035812672693282366
0 0.03880866401595995 0.6873278336133808 0.016245487262494862 0.024793388787657022
0 0.0785198551020585 0.7038567594718188 0.019855595543049276 0.035812672693282366
0 0.06317689490970224 0.7369146111886948 0.021660649683326483 0.04132231464609504
0 0.10649819427635521 0.7727272838819772 0.02888086624443531 0.05234159855172038
0 0.10740072134649381 0.7286501482594758 0.019855595543049276 0.035812672693282366
0 0.12184115446871147 0.6735537287313491 0.012635378981940448 0.01928374683484435
0 0.1579422372742556 0.6983471175190061 0.016245487262494862 0.030303030740469694
0 0.16877256211591884 0.6735537287313491 0.012635378981940448 0.01928374683484435
0 0.08844765287358314 0.6707989077549428 0.014440433122217655 0.024793388787657022
0 0.1037906130659394 0.6611570343375206 0.009025270701386034 0.016528925858438015
0 0.0514440429979004 0.6542699818965048 0.012635378981940448 0.01928374683484435
0 0.06859205733053386 0.6487603399436921 0.010830324841663241 0.01928374683484435
0 0.009927797771524638 0.6597796238493174 0.012635378981940448 0.01928374683484435
