0 0.2331249947892502 0.4015009384602308 0.16624999628402293 0.27016885578632355
0 0.42937499040272087 0.4202626645565033 0.16124999639578164 0.2439024392515421
0 0.6099999863654375 0.4005628521554172 0.14499999675899744 0.2120075048878789
0 0.8549999808892608 0.35459662321954966 0.11249999748542905 0.21013133227825165
0 0.6899999845772982 0.23452157620340586 0.0824999981559813 0.1275797374546528
0 0.6962499844375998 0.14634146355092525 0.05999999865889549 0.09756097570061684
0 0.5918749867705628 0.23733583511784673 0.0987499977927655 0.12570356484502554
0 0.5062499886844307 0.30956848058849573 0.09999999776482582 0.1838649157434702
0 0.42499999050050974 0.16885553486645222 0.08499999810010195 0.13883677311241627
0 0.4706249894807115 0.10225140722468495 0.0712499984074384 0.12945591006428003
0 0.2893749935319647 0.16228893073275685 0.08874999801628292 0.1482176361605525
0 0.1843749958788976 0.1763602253049612 0.08624999807216227 0.13508442789316177
0 0.22124999505467713 0.056285178288817406 0.06499999854713678 0.09005628526210785
0 0.048124998924322426 0.19043151987716556 0.09124999796040356 0.18198874313384295
