0 0.06261682434706017 0.3756944535416551 0.026168225100263953 0.048611112288199365
0 0.2163551468111109 0.459722233354114 0.03644859924679622 0.05277777905575931
0 0.3004672989191022 0.49444445641711354 0.04579439392546192 0.055555556900799274
0 0.3560747772571631 0.457638899970334 0.03738317871466279 0.05138889013323933
0 0.4289719757507555 0.4826389005756937 0.03738317871466279 0.05972222366835922
0 0.4546729111170862 0.460416677815374 0.025233645632397383 0.03750000090803951
0 0.47429907994228415 0.41597223229473457 0.019626168825197965 0.03194444521795958
0 0.54626169896801 0.532638901786413 0.05140187073266134 0.07916666858363897
0 0.5883177750220057 0.46388890012167394 0.021495327760931104 0.03611111198551953
0 0.629906561342068 0.4125000099884346 0.020560748293064535 0.0305555562954396
0 0.662616842717398 0.4520833442802541 0.020560748293064535 0.02916666737291962
0 0.6761682450014632 0.4840277894982137 0.03271028137532994 0.048611112288199365
0 0.7546729203022551 0.5180555680999532 0.06261682434706017 0.11944444733671844
0 0.7934579682187177 0.4659722335054539 0.028037384035997093 0.05416666797827929
0 0.8238318009243812 0.4812500116531737 0.021495327760931104 0.048611112288199365
0 0.9116822709038388 0.5131944568711333 0.03831775818252936 0.07083333504851907
0 0.9869159180670977 0.4909722341108136 0.024299066164530814 0.04305555659811944
0 0.938317785738036 0.6256944595952518 0.06542056275065988 0.09583333565387875
