0 0.780000037048012 0.22905027261003852 0.3040000144392252 0.4301675851456821
0 0.45700002170633525 0.49162009730935097 0.09400000446476042 0.1452513923868537
0 0.29100001382175833 0.5810055695474148 0.11800000560469925 0.1899441285058856
0 0.11600000550970435 0.4483240091940388 0.08400000398978591 0.12011172831989825
0 0.028000001329928637 0.3854748490266502 0.05200000246986747 0.10055865626782179
0 0.07100000337231904 0.3142458008369431 0.05400000256486237 0.07541899220086634
0 0.14900000707712024 0.33379887288901955 0.058000002754852176 0.08100558421574533
0 0.18800000892952085 0.31564244884066284 0.04400000208988786 0.07821228820830584
0 0.27400001301430166 0.39664803305640817 0.06400000303983688 0.10614524828270078
0 0.27400001301430166 0.3324022248852998 0.04400000208988786 0.07821228820830584
0 0.26000001234933734 0.29469272878486663 0.04000000189989805 0.05865921615622938
0 0.36000001709908247 0.3142458008369431 0.04400000208988786 0.06983240018598735
0 0.37500001781154424 0.38687149703036994 0.06200000294484198 0.0977653602603823
0 0.3680000174790621 0.25977652869187295 0.03200000151991844 0.050279328133910894
0 0.4130000196164474 0.2793296007439494 0.034000001614913344 0.06145251216366887
0 0.4440000210888684 0.25977652869187295 0.028000001329928637 0.05586592014878988
0 0.4870000231312588 0.364525128970854 0.050000002374872565 0.08100558421574533
0 0.49800002365373075 0.27094971272163093 0.03600000170990825 0.06145251216366887
0 0.6020000285934657 0.2849161927588284 0.03600000170990825 0.06703910417854786
