0 0.04541154205799103 0.4127906878711656 0.03784295171499252 0.07142856973223388
0 0.2592242192476988 0.28654484369326383 0.01892147585749626 0.031561461044475436
0 0.30605487199500203 0.2666112893493846 0.01797540206462145 0.04152823821641505
0 0.2970671709626913 0.2508305588271469 0.01892147585749626 0.029900331515818834
0 0.3107852409593761 0.23421926354058087 0.016083254478871822 0.029900331515818834
0 0.3263954585418105 0.281561455107294 0.01892147585749626 0.038205979159101844
0 0.3472090819850564 0.2749169369926676 0.017029328271746635 0.04485049727372825
0 0.3311258275061846 0.2499999940628186 0.01513718068599701 0.028239201987162232
0 0.3774834433570504 0.21428570919670165 0.013245033100247383 0.029900331515818834
0 0.3850520337000489 0.21677740348968655 0.013245033100247383 0.03488372010178864
0 0.40775780472904444 0.29983387992251664 0.02459791861474514 0.04485049727372825
0 0.3893093657679856 0.19933554343879223 0.01229895930737257 0.029900331515818834
0 0.41532639507204294 0.22508305113296956 0.01513718068599701 0.03488372010178864
0 0.41532639507204294 0.1735880357446149 0.01513718068599701 0.028239201987162232
0 0.43614001851528883 0.19186046055983752 0.01513718068599701 0.031561461044475436
0 0.4498580885119736 0.19435215485282242 0.016083254478871822 0.03322259057313204
0 0.45364238368347287 0.22757474542595446 0.016083254478871822 0.039867108687758446
0 0.4716177857480943 0.23006643971893936 0.019867549650371075 0.04485049727372825
0 0.46688741678372025 0.19269102532416582 0.014191106893122196 0.029900331515818834
0 0.4640491954050958 0.1677740823943168 0.014191106893122196 0.02657807245850563
0 0.4763481547124684 0.15614617569372058 0.014191106893122196 0.02657807245850563
0 0.4929044460877776 0.19518271961715072 0.01513718068599701 0.028239201987162232
0 0.491012298502028 0.162790693808347 0.01513718068599701 0.029900331515818834
0 0.48864711401984096 0.13870431564282626 0.010406811721622944 0.021594683872535825
0 0.5298013240098953 0.13538205658551306 0.01513718068599701 0.028239201987162232
0 0.5245979181490839 0.162790693808347 0.014191106893122196 0.02657807245850563
0 0.5487227998673916 0.15863786998670548 0.017029328271746635 0.038205979159101844
0 0.5416272464208305 0.20099667296744883 0.01797540206462145 0.04318936774507165
0 0.5600756853818893 0.14285713946446776 0.013245033100247383 0.02657807245850563
0 0.5648060543462634 0.11046511365566403 0.013245033100247383 0.021594683872535825
0 0.5813623457215726 0.1644518233370036 0.019867549650371075 0.039867108687758446
0 0.5960264895111322 0.11544850224163383 0.01513718068599701 0.028239201987162232
0 0.60737937502563 0.10215946601238102 0.013245033100247383 0.028239201987162232
0 0.6333964043296874 0.10049833648372442 0.01229895930737257 0.02491694292984903
0 0.6584673598408699 0.09800664219073951 0.013245033100247383 0.02657807245850563
0 0.6925260163843632 0.10382059554103762 0.013245033100247383 0.03488372010178864
0 0.6788079463876784 0.12624584417790174 0.014191106893122196 0.03322259057313204
0 0.6442762529477477 0.12624584417790174 0.013245033100247383 0.023255813401192427
0 0.6173131498508155 0.12458471464924514 0.014191106893122196 0.019933554343879223
0 0.6135288546793163 0.15365448140073568 0.016083254478871822 0.03488372010178864
0 0.5993377477861941 0.14700996328610927 0.014191106893122196 0.03488372010178864
0 0.6972563853487372 0.14867109281476587 0.01513718068599701 0.03488372010178864
0 0.7204351932741702 0.14451826899312437 0.014191106893122196 0.03322259057313204
0 0.7469252594746649 0.12624584417790174 0.01229895930737257 0.029900331515818834
0 0.7611163663677871 0.10880398412700742 0.01229895930737257 0.03488372010178864
0 0.7790917684324086 0.13372092705685645 0.01229895930737257 0.031561461044475436
0 0.7861873218789697 0.12126245559193194 0.011352885514497757 0.029900331515818834
0 0.8008514656685293 0.13870431564282626 0.014191106893122196 0.031561461044475436
0 0.8155156094580889 0.13787375087849796 0.013245033100247383 0.023255813401192427
0 0.8420056756585836 0.14534883375745267 0.01513718068599701 0.031561461044475436
0 0.8448438970372081 0.1661129528656602 0.013245033100247383 0.03654484963044524
0 0.8618732253089547 0.15365448140073568 0.013245033100247383 0.038205979159101844
0 0.8760643322020769 0.13372092705685645 0.013245033100247383 0.028239201987162232
0 0.8793755904771388 0.15697674045804888 0.014191106893122196 0.031561461044475436
0 0.8883632915094495 0.1735880357446149 0.013245033100247383 0.03488372010178864
0 0.9058656566776335 0.13122923276387155 0.01229895930737257 0.029900331515818834
0 0.9068117304705083 0.1686046471586451 0.01229895930737257 0.028239201987162232
0 0.9361400180496275 0.15780730522237718 0.010406811721622944 0.02657807245850563
0 0.9403973501175642 0.179401989094913 0.013245033100247383 0.029900331515818834
0 0.9356669811531901 0.21179401490371674 0.01513718068599701 0.03488372010178864
0 0.8949858080595732 0.20182723773177713 0.013245033100247383 0.03488372010178864
0 0.878429516684264 0.22093022731132805 0.016083254478871822 0.04983388585969806
0 0.8538315980695188 0.19019933103118092 0.016083254478871822 0.04152823821641505
0 0.8117313142865896 0.1852159424452111 0.01513718068599701 0.031561461044475436
0 0.7734153256751597 0.1744186005089432 0.014191106893122196 0.029900331515818834
0 0.7559129605069757 0.15780730522237718 0.013245033100247383 0.03322259057313204
0 0.7483443701639771 0.1744186005089432 0.017029328271746635 0.03654484963044524
0 0.7436140011996031 0.20431893202476203 0.01513718068599701 0.04651162680238485
0 0.7123935660347342 0.1843853776808828 0.020813623443245888 0.039867108687758446
0 0.6551561015658081 0.1827242481522262 0.016083254478871822 0.03322259057313204
0 0.6627246919088066 0.21179401490371674 0.023651844821870327 0.048172756331041455
0 0.7015137174166739 0.22259135683998466 0.019867549650371075 0.04651162680238485
0 0.7596972556784749 0.24750829976983368 0.020813623443245888 0.04651162680238485
0 0.8292336794547737 0.2524916883558035 0.0217596972361207 0.056478403974324465
0 0.9337748335674405 0.28571427892893553 0.020813623443245888 0.056478403974324465
0 0.7918637646362185 0.29152823227923363 0.02459791861474514 0.06146179256029427
0 0.7317880787886679 0.281561455107294 0.029328287579119205 0.05481727444566786
0 0.6702932822518051 0.2583056417061016 0.023651844821870327 0.05149501538835466
0 0.6111636701971292 0.20681062631774694 0.020813623443245888 0.038205979159101844
0 0.5870387884788215 0.24003321689087898 0.023651844821870327 0.04152823821641505
0 0.6177861867472529 0.2599667712347582 0.026490066200494766 0.05149501538835466
0 0.6177861867472529 0.3297342114383355 0.028382213786244392 0.06810631067492068
0 0.693472090177238 0.32392025808803737 0.03027436137199402 0.06312292208895087
0 0.4919583722949028 0.30813952756579965 0.026490066200494766 0.05149501538835466
0 0.5610217591747642 0.29069766751490533 0.02459791861474514 0.05980066303163767
