0 0.11433305928949267 0.5110650194692425 0.04142502148170024 0.0677731690229848
0 0.2062966069788672 0.3340249044704251 0.019884010311216116 0.037344399257563055
0 0.2410936250234954 0.349239289353136 0.018227009451948106 0.0428769028512761
0 0.26843413920141757 0.3001383199589327 0.014913007733412087 0.03319502156227827
0 0.2787903945718426 0.3478561634547077 0.01905550988158211 0.04011065105441958
0 0.3073736593942158 0.3609958594897762 0.019884010311216116 0.04426002874970436
0 0.33098592163878493 0.3291839638259262 0.02071251074085012 0.03319502156227827
0 0.33595692421658896 0.28769018687307835 0.014084507303778082 0.02213001437485218
0 0.36702569032786414 0.3278008379274979 0.016570008592680097 0.03319502156227827
0 0.3922949534317013 0.33264177857199684 0.02236951160011813 0.029045643866993487
0 0.37158244269085117 0.26763486134586856 0.014084507303778082 0.029045643866993487
0 0.4146644650318194 0.23789765452966094 0.012427506444510072 0.02213001437485218
0 0.4270919714763295 0.2524204764631577 0.014084507303778082 0.03181189566385001
0 0.43620547620230354 0.32641771202906966 0.02071251074085012 0.038727525155991316
0 0.4482187324319966 0.307053949451074 0.016570008592680097 0.03319502156227827
0 0.4461474813579116 0.23789765452966094 0.014084507303778082 0.02213001437485218
0 0.49254350541741587 0.307053949451074 0.015741508163046092 0.04149377695284784
0 0.45318973500980064 0.4045643252902664 0.026512013748288155 0.05394191003870219
0 0.4933720058470499 0.2551867282600142 0.014084507303778082 0.03181189566385001
0 0.5024855105730239 0.2710926760919392 0.014084507303778082 0.03319502156227827
0 0.513256016158266 0.24412172107258812 0.014084507303778082 0.029045643866993487
0 0.5331400264694821 0.2344398397835903 0.012427506444510072 0.029045643866993487
0 0.5459817831288092 0.21507607720559463 0.014913007733412087 0.023513140273280442
0 0.5608947908622213 0.20608575886581093 0.016570008592680097 0.02213001437485218
0 0.5965203093364835 0.19709544052602723 0.011599006014876068 0.023513140273280442
0 0.5600662904325873 0.26970955019351095 0.014913007733412087 0.03596127335913479
0 0.5890638054697774 0.24343015812337399 0.011599006014876068 0.03319502156227827
0 0.6251035741588566 0.2143845142563805 0.014084507303778082 0.024896266171708703
0 0.6271748252329417 0.2413554692757316 0.014913007733412087 0.03181189566385001
0 0.6483015861886088 0.21023513656109571 0.014084507303778082 0.024896266171708703
0 0.6640430943516549 0.21991701785009354 0.014084507303778082 0.027662517968565226
0 0.684341354877688 0.2123098254087381 0.013256006874144077 0.026279392070136964
0 0.509113514010096 0.4225449619698338 0.02734051417792216 0.059474413632415235
0 0.5265120230324101 0.34439834870863706 0.02402651245938614 0.047026280546560884
0 0.5720795466622803 0.44121716159861535 0.03231151675572619 0.060857539530843496
0 0.5724937968770973 0.381051185016986 0.023198012029752135 0.048409406444989145
0 0.5849213033216074 0.3222683343337849 0.021541011170484126 0.04149377695284784
0 0.6222038226551376 0.29944675700971857 0.016570008592680097 0.037344399257563055
0 0.6541010891960468 0.27247580199036747 0.014084507303778082 0.030428769765421748
0 0.690140857885126 0.24757953581865877 0.013256006874144077 0.03319502156227827
0 0.6719138484331779 0.30774551240028813 0.023198012029752135 0.03457814746070653
0 0.6992543626111001 0.2869986239238642 0.018227009451948106 0.037344399257563055
0 0.6454018346848898 0.35822960769291967 0.019884010311216116 0.049792532343417406
0 0.6731565990776289 0.35338866704842076 0.01905550988158211 0.0428769028512761
0 0.6263463248033077 0.460580924176611 0.031483016326092184 0.06362379132770002
0 0.7029826145444531 0.3955740069504827 0.02568351331865415 0.058091287733986974
0 0.686412605951773 0.5325034708948806 0.03562551847426221 0.06915629492141306
0 0.7630488956929184 0.4246196508174762 0.028169014607556164 0.05532503593713045
0 0.7220381244260352 0.23997234337730333 0.014084507303778082 0.026279392070136964
0 0.7489643883891404 0.21784232900245115 0.014913007733412087 0.029045643866993487
0 0.7518641398928594 0.2510373505647294 0.015741508163046092 0.03457814746070653
0 0.7676056480559055 0.2704011131427251 0.0173985090223141 0.037344399257563055
0 0.7713338999892585 0.23513140273280442 0.011599006014876068 0.03319502156227827
0 0.7879039085819386 0.23582296568201855 0.013256006874144077 0.03181189566385001
0 0.8115161708265077 0.2641770465997979 0.014084507303778082 0.030428769765421748
0 0.8318144313525409 0.24481328402180225 0.011599006014876068 0.03596127335913479
0 0.8036454167449847 0.28769018687307835 0.014913007733412087 0.03319502156227827
0 0.8260149283451028 0.29875519406050444 0.016570008592680097 0.03319502156227827
0 0.8169014236191288 0.32572614907985553 0.018227009451948106 0.04011065105441958
0 0.8007456652412657 0.3478561634547077 0.02071251074085012 0.048409406444989145
0 0.848384439945221 0.3589211706421338 0.018227009451948106 0.04564315464813262
0 0.8392709352192469 0.4384509098017588 0.024855012889020145 0.058091287733986974
0 0.8094449197524227 0.47925312380539253 0.026512013748288155 0.05670816183555871
0 0.9022369678714313 0.45435685763368383 0.026512013748288155 0.059474413632415235
0 0.8670256996119861 0.34163209691178054 0.01905550988158211 0.04426002874970436
0 0.8429991871525999 0.2662517354474403 0.014084507303778082 0.037344399257563055
0 0.865782948967535 0.2503457876155153 0.011599006014876068 0.03596127335913479
0 0.8840099584194832 0.2704011131427251 0.016570008592680097 0.04011065105441958
0 0.8985087159380782 0.31258645304478705 0.0173985090223141 0.03596127335913479
0 0.9262634803308174 0.3540802299976349 0.018227009451948106 0.049792532343417406
0 0.9229494786122814 0.2959889422636479 0.014913007733412087 0.03596127335913479
0 0.9275062309752684 0.2704011131427251 0.012427506444510072 0.023513140273280442
0 0.9014084674417973 0.42738590261433274 0.026512013748288155 0.03596127335913479
0 0.5683512947289273 0.2510373505647294 0.013256006874144077 0.03457814746070653
0 0.3902237023576163 0.2939142534160055 0.013256006874144077 0.029045643866993487
0 0.41963546760962345 0.29875519406050444 0.015741508163046092 0.030428769765421748
0 0.38939520192798227 0.27247580199036747 0.013256006874144077 0.024896266171708703
0 0.8748964536935091 0.3029045717557892 0.014913007733412087 0.04149377695284784
