0 0.11764706578105688 0.7447306481190026 0.20784314954653382 0.26229507103562355
0 0.2362745237769559 0.5081967001315206 0.1352941256482154 0.16393441939726472
0 0.13333334121853113 0.3688524436438456 0.08235294604673982 0.1147540935780853
0 0.06176470953505486 0.32552691851742566 0.06470588617958128 0.07962528942152858
0 0.08235294604673982 0.2552693102043122 0.05882353289052844 0.07494144886732101
0 0.14607844001147896 0.2540983500657603 0.04509804188273847 0.0632318474818021
0 0.20784314954653382 0.31615923740901053 0.062745101749897 0.08430912997573614
0 0.2215686405543238 0.2540983500657603 0.04705882631242275 0.0632318474818021
0 0.2941176644526422 0.22248242632485926 0.04705882631242275 0.05620608665049076
0 0.3088235476752743 0.2587821906199679 0.04509804188273847 0.03981264471076429
0 0.3186274698236957 0.30210771574638784 0.06470588617958128 0.06557376775890589
0 0.3401960985502228 0.3618266828125343 0.08823529933579266 0.1147540935780853
0 0.44019610446412116 0.2435597088187933 0.04509804188273847 0.07962528942152858
0 0.4911764996359125 0.2540983500657603 0.052941179601475596 0.0772833691444248
0 0.5519608169561252 0.2552693102043122 0.04509804188273847 0.07494144886732101
0 0.6196078797802329 0.28805619408376515 0.07450980832800269 0.09836065163835883
0 0.5529412091709673 0.3559718821197748 0.08235294604673982 0.1030444921925664
0 0.5539216013858095 0.461358294589445 0.11176471249200404 0.1545667382888496
0 0.6862745503894985 0.5702575874747708 0.1686274609528482 0.21311474521644413
0 0.7372549455612898 0.3711943639209494 0.10196079034358263 0.14285713690333068
0 0.7392157299909741 0.19906322355382144 0.04705882631242275 0.07494144886732101
0 0.8313725981861353 0.2915690744994208 0.06666667060926557 0.10070257191546261
0 0.9147059364477172 0.27868851297535 0.06862745503894985 0.09836065163835883
0 0.8872549544321373 0.60070255107712 0.22549020941369236 0.27400467242114246
