0 0.08306188636925071 0.37136930372798815 0.027687295456416905 0.06224066542927176
0 0.08428338469821028 0.4170124583761208 0.030130292114336044 0.06500691722612828
0 0.15757328443578444 0.3450899116578512 0.021986969921272248 0.05670816183555871
0 0.1632736099709291 0.37828493322012946 0.030130292114336044 0.0677731690229848
0 0.19340390208526514 0.38520056271227077 0.03827361430739984 0.08160442800726742
0 0.1954397326335311 0.31742739368928596 0.024429966579191387 0.05394191003870219
0 0.24633549634017982 0.29460581636521965 0.026872963237110525 0.05255878414027393
0 0.30822474500746466 0.25795298005687073 0.021986969921272248 0.05394191003870219
0 0.30456025002058595 0.3188105195877142 0.030944624333642423 0.0677731690229848
0 0.33265471158665605 0.2531120394123718 0.028501627675723284 0.06639004312455654
0 0.33306187769630924 0.3630705483374186 0.03420195321086794 0.07883817621041089
0 0.3774429836485069 0.39349931810284033 0.0399022787460126 0.07883817621041089
0 0.38436480751261115 0.46334717597346753 0.045602604281157255 0.09128630929626524
