0 0.04443359375 0.169963373336941 0.0576171875 0.08644688816275448
0 0.18798828125 0.3750915825366974 0.1416015625 0.21098901517689228
0 0.238525390625 0.28021978578181006 0.08154296875 0.13406593672698364
0 0.201416015625 0.19523809911333956 0.04345703125 0.07545787695562467
0 0.284423828125 0.23553114020614885 0.06201171875 0.12087912327842787
0 0.26611328125 0.17106227445765398 0.041015625 0.06520146649563685
0 0.3076171875 0.18424908790620975 0.0341796875 0.0622710635070689
0 0.37939453125 0.16153846474480815 0.03515625 0.08424908592132851
0 0.415771484375 0.3018315078224987 0.08935546875 0.1523809554055333
0 0.502197265625 0.4025641105545219 0.17529296875 0.2732600786839612
0 0.468994140625 0.20073260471690446 0.04150390625 0.0791208806913346
0 0.567626953125 0.16813187146908604 0.03564453125 0.07985348143847659
0 0.58251953125 0.22783883236115798 0.0595703125 0.09816850011702627
0 0.654541015625 0.21904762339545414 0.06103515625 0.10402930609416217
0 0.722900390625 0.2882783940003719 0.10107421875 0.17362637707265094
0 0.67822265625 0.15128205428482033 0.048828125 0.09304029488703236
0 0.786865234375 0.18021978379692882 0.04541015625 0.0908424926456064
0 0.822265625 0.21648352078045718 0.046875 0.09597069787560031
0 0.87548828125 0.2597069648618344 0.06640625 0.12380952626699582
0 0.95751953125 0.21465201891260222 0.0576171875 0.10842491057701409
0 0.930908203125 0.18315018678549677 0.03857421875 0.08058608218561858
