0 0.17010309523902833 0.4849498288240284 0.040299906861037016 0.0702341131400317
0 0.2610121874604374 0.23996655322844163 0.017806935589760542 0.03511705657001585
0 0.29896907648071647 0.24916387756820768 0.014995314180850983 0.033444815780967474
0 0.31443299422971904 0.25752508151344955 0.02343017840757966 0.04013377893716097
0 0.32146204775199294 0.23913043283391744 0.0206185569986701 0.03678929735906422
0 0.31443299422971904 0.21404682099819183 0.01593252131715417 0.030100334202870727
0 0.3537956939544529 0.2040133762639016 0.01593252131715417 0.033444815780967474
0 0.36363636888563633 0.21321070060366765 0.016869728453457355 0.0317725749919191
0 0.36785380099900067 0.2424749144120142 0.021555764134973288 0.04013377893716097
0 0.39550141151994467 0.2667224058532156 0.02624179981648922 0.04849498288240284
0 0.39643861865624785 0.2098662190255709 0.01874414272606373 0.03511705657001585
0 0.3865979437250644 0.18143812561174855 0.017806935589760542 0.03511705657001585
0 0.37722587236203253 0.17976588482270017 0.012183692771941423 0.038461538148112595
0 0.4208060042001307 0.17892976442817599 0.014995314180850983 0.033444815780967474
0 0.43158388626761734 0.2290969880996272 0.021555764134973288 0.046822742093354464
0 0.4489222182892263 0.17892976442817599 0.016869728453457355 0.030100334202870727
0 0.46672915387898684 0.14297658746363595 0.014995314180850983 0.028428093413822353
0 0.4761012252420187 0.152173911803402 0.014995314180850983 0.023411371046677232
0 0.4887535215821117 0.18979932955699041 0.019681349862366915 0.03511705657001585
0 0.48031865735538304 0.22491638612700626 0.019681349862366915 0.03511705657001585
0 0.5351452748291194 0.18311036640079692 0.022492971271276474 0.038461538148112595
0 0.5164011321030557 0.1596989953541197 0.016869728453457355 0.03511705657001585
0 0.5009372143540531 0.14882943022530526 0.01593252131715417 0.03678929735906422
0 0.48781631444580853 0.12959866115124896 0.014058107044547796 0.0317725749919191
0 0.5487347783055156 0.15468227298697457 0.014058107044547796 0.03511705657001585
0 0.5627928853500634 0.14381270785816014 0.012183692771941423 0.02675585262477398
0 0.5768509923946112 0.1404682262800634 0.014058107044547796 0.030100334202870727
0 0.5651359031908214 0.11204013286624104 0.014995314180850983 0.02675585262477398
0 0.5824742352124304 0.16053511574864388 0.01593252131715417 0.033444815780967474
0 0.5871602708939463 0.11956521641695872 0.012183692771941423 0.028428093413822353
0 0.6044986029155552 0.12290969799505547 0.01312089990824461 0.025083611835725605
0 0.6124648635741323 0.10869565128814429 0.012183692771941423 0.023411371046677232
0 0.6148078814148903 0.1404682262800634 0.014995314180850983 0.033444815780967474
0 0.6298031955957413 0.12876254075672477 0.01312089990824461 0.02675585262477398
0 0.6447985097765923 0.10702341049909592 0.011246485635638237 0.033444815780967474
0 0.6649484632071108 0.1270902999676764 0.012183692771941423 0.023411371046677232
0 0.52061856421642 0.28428093413822353 0.025304592680186033 0.05016722367145121
0 0.5454545533284545 0.3001672216341831 0.028116214089095592 0.05518394603859633
0 0.55295221041888 0.24414715520106256 0.024367385543882847 0.056856186827644706
0 0.623242745641619 0.24414715520106256 0.02624179981648922 0.05351170524954796
0 0.6288659884594381 0.30183946242323145 0.029990628361701965 0.051839464460499585
0 0.6255857634823769 0.1973244131077081 0.02343017840757966 0.043478260515257716
0 0.661199634661898 0.20484949665842578 0.021555764134973288 0.038461538148112595
0 0.6705717060249299 0.2424749144120142 0.027179006952792406 0.05351170524954796
0 0.7029053522273898 0.27090300782583654 0.028116214089095592 0.05351170524954796
0 0.7080599914770573 0.21237458020914346 0.025304592680186033 0.04013377893716097
0 0.6944704880006611 0.1839464867953211 0.022492971271276474 0.043478260515257716
0 0.6897844523191452 0.14214046706911176 0.01874414272606373 0.04013377893716097
0 0.6579194096848369 0.1722408012719825 0.016869728453457355 0.03678929735906422
0 0.7066541807726026 0.1463210690417327 0.014995314180850983 0.03511705657001585
0 0.7202436842489988 0.1647157177212648 0.019681349862366915 0.038461538148112595
0 0.7389878269750625 0.18729096837341785 0.017806935589760542 0.043478260515257716
0 0.7347703948616982 0.11705685523338616 0.014995314180850983 0.030100334202870727
0 0.7427366555202752 0.13712374470196664 0.017806935589760542 0.033444815780967474
0 0.7586691768374294 0.12290969799505547 0.017806935589760542 0.03511705657001585
0 0.7647610232234001 0.15468227298697457 0.016869728453457355 0.038461538148112595
0 0.7802249409724027 0.17892976442817599 0.017806935589760542 0.04013377893716097
0 0.7755389052908868 0.22408026573248208 0.021555764134973288 0.046822742093354464
0 0.7680412482004613 0.26254180388059467 0.02343017840757966 0.05351170524954796
0 0.8458294405136257 0.2876254157163203 0.027179006952792406 0.06020066840574145
0 0.8542643047403544 0.23327759007224813 0.025304592680186033 0.051839464460499585
0 0.8364573691505939 0.19314381113508716 0.017806935589760542 0.038461538148112595
0 0.7999062908347696 0.15635451377602294 0.01593252131715417 0.03511705657001585
0 0.7905342194717377 0.1404682262800634 0.014058107044547796 0.030100334202870727
0 0.8425492155365646 0.13545150391291827 0.016869728453457355 0.033444815780967474
0 0.8453608369454741 0.16638795851031318 0.014995314180850983 0.0317725749919191
0 0.8622305653989315 0.1454849486472085 0.014995314180850983 0.03678929735906422
0 0.8880037616472691 0.15719063417054713 0.014058107044547796 0.03678929735906422
0 0.8898781759198755 0.20568561705294997 0.012183692771941423 0.03678929735906422
0 0.912371147191152 0.23327759007224813 0.025304592680186033 0.04180601972620934
0 0.9358013255987316 0.255016720329877 0.02343017840757966 0.06187290919478983
