0 0.049000002327375114 0.2198879603529349 0.0740000035148114 0.11484594107605517
0 0.10900000517722219 0.2352941231802106 0.05400000256486237 0.10084033850580454
0 0.19400000921450555 0.19887955649755895 0.04800000227987766 0.07282913336530328
0 0.3200000151991844 0.2689075693488121 0.0760000036098063 0.10644257953390479
0 0.38900001847650856 0.22128852060995996 0.05400000256486237 0.07843137439340353
0 0.4800000227987766 0.22268908086698502 0.04000000189989805 0.05882353079505265
0 0.5500000261235982 0.2507002860074863 0.03600000170990825 0.07002801285125315
0 0.6020000285934657 0.24509804497938603 0.04800000227987766 0.08123249490745366
0 0.6630000314908102 0.34313726297114044 0.13400000636465847 0.2156862795818597
0 0.8370000397553667 0.2422969244653359 0.06200000294484198 0.11484594107605517
