0 0.12548828125 0.5677083502523601 0.0615234375 0.0833333358168602
0 0.1826171875 0.6178385600796901 0.06640625 0.10026041965465993
0 0.35205078125 0.6197916851378977 0.0693359375 0.10937500325962901
0 0.462890625 0.6393229357199743 0.0625 0.0963541695382446
0 0.56640625 0.629557310428936 0.060546875 0.08203125244472176
0 0.67919921875 0.6263021019985899 0.0634765625 0.08593750256113708
0 0.02294921875 0.5768229338573292 0.0419921875 0.08072916907258332
0 0.04052734375 0.5247395989717916 0.0576171875 0.07291666883975267
0 0.09326171875 0.49544272309867665 0.0439453125 0.05859375174622983
0 0.12255859375 0.5006510565872304 0.0341796875 0.053385418257676065
0 0.1162109375 0.4576823053066619 0.044921875 0.053385418257676065
0 0.17236328125 0.4388020964106545 0.0419921875 0.05729166837409139
0 0.19189453125 0.4394531380967237 0.0283203125 0.053385418257676065
0 0.2021484375 0.4303385544917546 0.021484375 0.0481770847691223
0 0.2373046875 0.41861980414250866 0.0234375 0.04296875128056854
0 0.25439453125 0.42773438774747774 0.0224609375 0.035156251047737896
0 0.25732421875 0.36132813576841727 0.0244140625 0.04557291802484542
0 0.482421875 0.31250000931322575 0.0234375 0.03906250116415322
0 0.8115234375 0.6555989778717048 0.060546875 0.10546875314321369
0 0.87548828125 0.6184896017657593 0.0556640625 0.07812500232830644
0 0.91357421875 0.635416685603559 0.0654296875 0.0963541695382446
0 0.96875 0.5904948092647828 0.05078125 0.076822918956168
0 0.92724609375 0.5468750162981451 0.0556640625 0.07552083558402956
0 0.87841796875 0.5305989741464145 0.0458984375 0.06380208523478359
0 0.8466796875 0.5156250153668225 0.052734375 0.06770833535119891
0 0.79443359375 0.5084635568200611 0.0361328125 0.04296875128056854
0 0.77197265625 0.4720052224001847 0.0380859375 0.050781251513399184
0 0.7421875 0.45703126362059265 0.029296875 0.0416666679084301
0 0.7021484375 0.44466147158527747 0.021484375 0.03776041779201478
0 0.72265625 0.43164063786389306 0.0234375 0.03776041779201478
