0 0.271835133084096 0.22425829200074077 0.01962708542123437 0.036649215035140514
0 0.34003925492288545 0.2347294962964952 0.01864573115017265 0.036649215035140514
0 0.3645731116994284 0.26963351061567664 0.0264965653186664 0.036649215035140514
0 0.4092247310327366 0.27486911276355386 0.017664376879110932 0.036649215035140514
0 0.4283611393184401 0.21640488877892494 0.014720314065925777 0.0314136128872633
0 0.44946025614626706 0.21815008949488401 0.011776251252740622 0.03490401431918144
0 0.48331697849789634 0.22425829200074077 0.022571148234419525 0.029668412171304226
0 0.3900883227470331 0.2251308923587203 0.014720314065925777 0.027923211455345154
0 0.36898920591920614 0.1963350805453956 0.017664376879110932 0.04013961646705866
0 0.40137389686424285 0.16579406801611185 0.015701668336987495 0.03490401431918144
0 0.4249263993697241 0.17102967016398907 0.015701668336987495 0.0314136128872633
0 0.4828263013623655 0.16055846586823463 0.01962708542123437 0.027923211455345154
0 0.4720314043806866 0.1352530554868281 0.015701668336987495 0.03315881360322237
0 0.5166830237139948 0.1815008744597435 0.016683022608049214 0.038394415751099586
0 0.5353287548641674 0.2006980823352933 0.014720314065925777 0.038394415751099586
0 0.5745829257066362 0.27748691383749247 0.0264965653186664 0.05235602147877216
0 0.581943082739599 0.23909249808639288 0.021589793963357806 0.027923211455345154
0 0.6290480877505615 0.20244328305125237 0.017664376879110932 0.0314136128872633
0 0.6815505412523635 0.2609075070358813 0.0264965653186664 0.04013961646705866
0 0.6771344470325857 0.2198952902108431 0.017664376879110932 0.0314136128872633
0 0.7222767435014248 0.24258289951831102 0.013738959794864058 0.038394415751099586
0 0.7119725236552767 0.18673647660762072 0.016683022608049214 0.0314136128872633
0 0.6859666354721412 0.12041884940117598 0.013738959794864058 0.027923211455345154
0 0.7149165864684619 0.10994764510542154 0.016683022608049214 0.038394415751099586
0 0.6712463214062154 0.10907504474744201 0.013738959794864058 0.02617801073938608
0 0.5824337598751299 0.1186736486852169 0.010794896981678903 0.0314136128872633
0 0.5191364093916491 0.12914485298097134 0.017664376879110932 0.027923211455345154
0 0.7374877347028814 0.26265270775184035 0.01864573115017265 0.04712041933089495
0 0.7649656542926095 0.2931937202811241 0.02453385677654296 0.0628272257745266
0 0.8213935248786584 0.29842932242900133 0.027477919589728117 0.05584642291069031
0 0.9038272836478427 0.34205934032797813 0.023552502505481243 0.05933682434260845
0 0.8675171756185591 0.2687609102576971 0.017664376879110932 0.045375218614935875
0 0.8429833188420162 0.23647469701245427 0.017664376879110932 0.036649215035140514
0 0.7904808653402142 0.22425829200074077 0.022571148234419525 0.036649215035140514
0 0.7414131517871283 0.20157068269327283 0.016683022608049214 0.029668412171304226
0 0.7610402372083627 0.1745200715959072 0.010794896981678903 0.02443281002342701
0 0.7968596681021154 0.1596858655102551 0.011776251252740622 0.02617801073938608
0 0.7860647711204365 0.1404886576347053 0.009813542710617185 0.02617801073938608
0 0.8164867535233498 0.14223385835066438 0.009813542710617185 0.03315881360322237
0 0.8449460273841396 0.15532286372035742 0.015701668336987495 0.0314136128872633
0 0.9077527007320896 0.20855148555710912 0.015701668336987495 0.029668412171304226
0 0.8935230638016947 0.1527050626464188 0.01275760552380234 0.02617801073938608
0 0.9151128577650525 0.15619546407833695 0.010794896981678903 0.029668412171304226
0 0.9347399431862868 0.23298429558053613 0.01275760552380234 0.03315881360322237
0 0.9347399431862868 0.3071553260087967 0.01864573115017265 0.038394415751099586
0 0.913150149222929 0.2609075070358813 0.016683022608049214 0.04013961646705866
0 0.5829244370106608 0.17539267195388675 0.011776251252740622 0.029668412171304226
0 0.6157998050912283 0.17015706980600953 0.014720314065925777 0.029668412171304226
0 0.7257114834501408 0.1500872615724802 0.014720314065925777 0.0314136128872633
0 0.6148184508201666 0.29668412171304226 0.03827281657140702 0.0628272257745266
0 0.6059862623806112 0.12129144975915551 0.010794896981678903 0.019197207875549793
0 0.6074582937872037 0.10122164152562618 0.013738959794864058 0.01745200715959072
0 0.6251226706663147 0.11954624904319644 0.009813542710617185 0.019197207875549793
0 0.6545632987981662 0.1160558476112783 0.009813542710617185 0.022687609307467937
0 0.8591756643145345 0.15532286372035742 0.010794896981678903 0.0314136128872633
0 0.8473994130617939 0.20506108412519097 0.01864573115017265 0.029668412171304226
0 0.9563297371496446 0.21465968806296587 0.016683022608049214 0.027923211455345154
0 0.8640824356698431 0.1815008744597435 0.014720314065925777 0.03490401431918144
0 0.9553483828785829 0.18062827410176396 0.016683022608049214 0.036649215035140514
0 0.6570166844758205 0.14223385835066438 0.014720314065925777 0.036649215035140514
0 0.631010796292685 0.13699825620278716 0.013738959794864058 0.029668412171304226
0 0.5318940149154514 0.14397905906662345 0.017664376879110932 0.029668412171304226
0 0.47006869583856314 0.19982548197731376 0.015701668336987495 0.03315881360322237
0 0.42787046218290925 0.14921466121450067 0.013738959794864058 0.02617801073938608
0 0.4980372925638221 0.1282722526229918 0.014720314065925777 0.019197207875549793
0 0.498527969699353 0.14834206085652113 0.013738959794864058 0.027923211455345154
0 0.38567222852725536 0.19197207875549793 0.015701668336987495 0.04188481718301773
