0 0.16746220987988636 0.490237100108061 0.0421638818224892 0.07670850784052163
0 0.2903739031171426 0.2761506282258779 0.020684168441221118 0.04741980484686792
0 0.3210023833089508 0.2831241289386526 0.02466189314145595 0.04463040456175804
0 0.32259347318904474 0.2210599725949578 0.013524263980798423 0.029288702993653715
0 0.3396976894000545 0.22524407302262262 0.019093078561127186 0.03486750356387347
0 0.36316626513144 0.22524407302262262 0.019888623501174152 0.04602510470431298
0 0.374701666762121 0.23361227387795225 0.017501988681033254 0.03765690384898335
0 0.3635640376014635 0.2914923297939822 0.023866348201408982 0.052998605417087674
0 0.41408114129444584 0.2691771275131032 0.02466189314145595 0.04741980484686792
0 0.4272076328052208 0.22733612323645502 0.023866348201408982 0.041841004276648164
0 0.40413682954385877 0.2008368205279112 0.019093078561127186 0.03626220370642841
0 0.42999204009538516 0.17921896831830963 0.019888623501174152 0.03207810327876359
0 0.45425616076681763 0.17085076746298 0.01431980892084539 0.029288702993653715
0 0.44948289112653583 0.14993026532465592 0.01591089880093932 0.02370990242343396
0 0.4928400903590955 0.21827057230984792 0.015115353860892355 0.040446304134093225
0 0.4836913235485554 0.20223152067046613 0.017501988681033254 0.03347280342131853
0 0.4737470117979683 0.14923291525337845 0.015115353860892355 0.027894002851098776
0 0.49840890493942425 0.15760111610870808 0.013524263980798423 0.030683403136208653
0 0.4944311802391894 0.13389121368527412 0.013524263980798423 0.027894002851098776
0 0.5103420790401287 0.13249651354271919 0.016706443740986288 0.030683403136208653
0 0.5214797082007863 0.15690376603743061 0.016706443740986288 0.03765690384898335
0 0.5369928345317021 0.17852161824703217 0.019093078561127186 0.041841004276648164
0 0.5437549665221013 0.13110181340016425 0.013524263980798423 0.030683403136208653
0 0.5564836855628528 0.14923291525337845 0.015115353860892355 0.03347280342131853
0 0.5612569552031346 0.1255230128299445 0.013524263980798423 0.0251046025659889
0 0.5763723090640269 0.17712691810447723 0.016706443740986288 0.03347280342131853
0 0.5835322135244496 0.12412831268738955 0.01829753362108022 0.03347280342131853
0 0.6066030167858116 0.15620641596615314 0.016706443740986288 0.03347280342131853
0 0.5938742977450602 0.1115760114043951 0.011933174100704491 0.027894002851098776
0 0.6137629212462343 0.102510460477788 0.013524263980798423 0.026499302708543837
0 0.6237072329968214 0.12273361254483461 0.01431980892084539 0.027894002851098776
0 0.6368337245075963 0.13249651354271919 0.015115353860892355 0.027894002851098776
0 0.6459824913181365 0.14225941454060376 0.01591089880093932 0.0251046025659889
0 0.6431980840279721 0.1004184102639556 0.013524263980798423 0.030683403136208653
0 0.6618933901190758 0.11436541168950498 0.01431980892084539 0.019525801995769143
0 0.6630867075291462 0.1345885637565516 0.013524263980798423 0.02370990242343396
0 0.692521870310884 0.11366806161822751 0.011933174100704491 0.029288702993653715
0 0.5357995171216317 0.2845188290812075 0.027844072901643813 0.05578800570219755
0 0.5572792305028997 0.25662482623010874 0.021479713381268084 0.041841004276648164
0 0.609387424075976 0.2601115765864961 0.027048527961596847 0.05439330555964261
0 0.6173428734764457 0.2119944216683507 0.019093078561127186 0.041841004276648164
0 0.6535401682485826 0.2705718276556581 0.027844072901643813 0.05857740598730743
0 0.6551312581286766 0.22594142309390008 0.023070803261362016 0.04463040456175804
0 0.6137629212462343 0.3277545335004106 0.031026252661831677 0.06415620655752718
0 0.6984884573612362 0.23291492380667478 0.02227525832131505 0.0502092051319778
0 0.6929196427809075 0.18619246903108433 0.019093078561127186 0.040446304134093225
0 0.7128082662820816 0.1387726641842164 0.012728719040751457 0.03207810327876359
0 0.7299124824930914 0.19037656945874915 0.019888623501174152 0.040446304134093225
0 0.7199681707425043 0.16457461682148278 0.019093078561127186 0.027894002851098776
0 0.738663476833608 0.14016736432677135 0.01829753362108022 0.03765690384898335
0 0.7490055610542186 0.12412831268738955 0.01829753362108022 0.039051603991538286
0 0.76173428009497 0.17852161824703217 0.013524263980798423 0.03347280342131853
0 0.7720763643155806 0.20362622081302106 0.016706443740986288 0.03626220370642841
0 0.7549721481045708 0.2503486755886115 0.020684168441221118 0.05439330555964261
0 0.7692919570254162 0.27684797829715535 0.023866348201408982 0.051603905274532735
0 0.8194112882483751 0.24476987501839176 0.019093078561127186 0.040446304134093225
0 0.8241845578886569 0.20781032124068588 0.017501988681033254 0.041841004276648164
0 0.8023070720373653 0.18758716917363927 0.01829753362108022 0.040446304134093225
0 0.7844073108863086 0.1638772667502053 0.011137629160657525 0.03486750356387347
0 0.7836117659462616 0.12133891240227968 0.01591089880093932 0.02231520228087902
0 0.810262521437835 0.1297071132576093 0.015115353860892355 0.03347280342131853
0 0.8221956955385394 0.15899581625126302 0.013524263980798423 0.030683403136208653
0 0.8313444623490795 0.14295676461188123 0.012728719040751457 0.026499302708543837
0 0.8544152656104416 0.1596931663225405 0.01431980892084539 0.026499302708543837
0 0.8631662599509582 0.15202231553848833 0.012728719040751457 0.027894002851098776
0 0.8762927514617331 0.2580195263726637 0.023070803261362016 0.04463040456175804
0 0.86793952959124 0.2280334733077325 0.019093078561127186 0.040446304134093225
0 0.8703261644113809 0.13528591382782906 0.01431980892084539 0.027894002851098776
0 0.8926014227326959 0.1889818693161942 0.01431980892084539 0.029288702993653715
0 0.8985680097830482 0.16039051639381796 0.015115353860892355 0.030683403136208653
0 0.9049323693034239 0.1436541146831587 0.011933174100704491 0.027894002851098776
0 0.9403341191355139 0.1757322179619223 0.01431980892084539 0.03626220370642841
0 0.9287987175048329 0.21129707159707323 0.015115353860892355 0.029288702993653715
0 0.9287987175048329 0.1847977688885294 0.016706443740986288 0.040446304134093225
0 0.9208432681043632 0.2350069740205072 0.021479713381268084 0.040446304134093225
0 0.9069212316535413 0.3354253842844628 0.027048527961596847 0.06555090670008212
0 0.8643595773610286 0.3207810327876359 0.03579952230211347 0.05857740598730743
0 0.8265711927087978 0.39330544020049274 0.03182179760187864 0.07252440741285682
0 0.8874303806223907 0.4393305449048057 0.03261734254192561 0.06973500712774694
