0 0.02916666737291962 0.26285714004188776 0.0383333342615515 0.07428571349009871
0 0.1225000029662624 0.38428571016993374 0.08500000205822289 0.1514285698067397
0 0.14416667015757412 0.2699999971082434 0.04500000108964741 0.08857142762281
0 0.1075000026030466 0.20999999775085598 0.04500000108964741 0.08285714196972549
0 0.19000000460073352 0.20857142633758485 0.043333334382623434 0.07999999914318323
0 0.2616666730027646 0.2157142834039405 0.04000000096857548 0.06571428501047194
0 0.2841666735475883 0.17571428383234888 0.02833333401940763 0.07142857066355646
0 0.3750000090803951 0.2257142832968384 0.04666666779667139 0.07428571349009871
0 0.4050000098068267 0.29285713972058147 0.05666666803881526 0.10571428458206356
0 0.459166677785106 0.23285714036319405 0.04500000108964741 0.08857142762281
0 0.41666667675599456 0.1514285698067397 0.04000000096857548 0.08571428479626775
0 0.24166667251847684 0.4814285662723705 0.09333333559334278 0.1857142837252468
0 0.41833334346301854 0.4514285665936768 0.06333333486691117 0.12571428436785936
0 0.4458333441289142 0.5328571371501312 0.10166666912846267 0.17999999807216227
0 0.5408333464292809 0.7028571353293955 0.19500000472180545 0.32571428222581744
0 0.536666679661721 0.3328571392921731 0.05666666803881526 0.11714285588823259
0 0.5125000124098733 0.17428571241907775 0.0383333342615515 0.08571428479626775
0 0.5875000142259523 0.16999999817926437 0.04500000108964741 0.07714285631664097
0 0.6041666812961921 0.23714285460300744 0.051666667917743325 0.09714285610243678
0 0.6575000159209594 0.3628571389708668 0.07833333523012698 0.11428571306169033
0 0.6991666835965589 0.17999999807216227 0.04833333450369537 0.09714285610243678
0 0.7958333526039496 0.23857142601627856 0.061666668159887195 0.11714285588823259
0 0.9325000225799158 0.4328571382211521 0.10166666912846267 0.1914285693783313
0 0.9391666894080117 0.26571428286843 0.06500000157393515 0.10857142740860581
0 0.9566666898317635 0.16857142676599324 0.060000001452863216 0.10857142740860581
