0 0.1029135364224203 0.4849498288240284 0.04981203132774681 0.09698996576480567
0 0.2424812091048807 0.23662207165034488 0.020676692249253392 0.038461538148112595
0 0.3242481284542009 0.25167223875178024 0.013157895067706704 0.0317725749919191
0 0.3820488817873411 0.2717391282203607 0.021616541896946728 0.03511705657001585
0 0.36654136260040104 0.2541805999353528 0.015037594363093376 0.030100334202870727
0 0.32988722634036094 0.22658862691605464 0.013157895067706704 0.025083611835725605
0 0.3139097823295742 0.2357859512558207 0.013157895067706704 0.030100334202870727
0 0.36513158812886104 0.18979932955699041 0.01409774471540004 0.025083611835725605
0 0.38721805484965444 0.19314381113508716 0.013157895067706704 0.028428093413822353
0 0.4022556492127478 0.21822742297081277 0.020676692249253392 0.028428093413822353
0 0.37500000942964107 0.22408026573248208 0.013157895067706704 0.030100334202870727
0 0.41024437121814117 0.18561872758436948 0.01409774471540004 0.033444815780967474
0 0.4511278308928013 0.18896320916246623 0.011278195772320032 0.030100334202870727
0 0.475563921732828 0.20150501508032903 0.015037594363093376 0.025083611835725605
0 0.47086467349436134 0.23913043283391744 0.01879699295386672 0.03678929735906422
0 0.5291353516513482 0.20735785784199834 0.020676692249253392 0.03678929735906422
0 0.5126879828167148 0.1906354499515146 0.012218045420013368 0.030100334202870727
0 0.4976503884536214 0.16387959732674062 0.01409774471540004 0.030100334202870727
0 0.5230263289413415 0.16973244008840993 0.01409774471540004 0.028428093413822353
0 0.5493421190767549 0.16220735653769225 0.01409774471540004 0.03678929735906422
0 0.5780075333314016 0.16387959732674062 0.016917293658480048 0.033444815780967474
0 0.5742481347406283 0.1212374572060071 0.013157895067706704 0.0317725749919191
0 0.581766931922175 0.14214046706911176 0.015037594363093376 0.030100334202870727
0 0.5906955035752617 0.12458193878410384 0.012218045420013368 0.0317725749919191
0 0.6193609178299084 0.14966555061982945 0.013157895067706704 0.025083611835725605
0 0.460056402545888 0.22742474731057882 0.017857143306173384 0.033444815780967474
0 0.48402256856206805 0.33946488017681986 0.02631579013541341 0.05016722367145121
0 0.5563909914344549 0.3102006663684733 0.024436090840026736 0.06187290919478983
0 0.6005639248760417 0.3252508334699087 0.02819548943080008 0.05518394603859633
0 0.594454902166035 0.268394646642264 0.0234962411923334 0.04849498288240284
0 0.6343985121930018 0.2090300986310467 0.016917293658480048 0.04013377893716097
0 0.6541353547945619 0.19397993152961135 0.015037594363093376 0.03678929735906422
0 0.6668233250384219 0.21906354336533695 0.019736842601560056 0.043478260515257716
0 0.6795112952822819 0.25752508151344955 0.020676692249253392 0.05016722367145121
0 0.718984980485402 0.28428093413822353 0.022556391544640064 0.046822742093354464
0 0.7194549053092487 0.21906354336533695 0.017857143306173384 0.04013377893716097
0 0.7039473861223087 0.1906354499515146 0.01879699295386672 0.04013377893716097
0 0.6983082882361487 0.1596989953541197 0.013157895067706704 0.028428093413822353
0 0.7114661833038554 0.14799330983078107 0.011278195772320032 0.0317725749919191
0 0.7297932514338754 0.16304347693221644 0.015977444010786712 0.03511705657001585
0 0.7476503947400488 0.152173911803402 0.01409774471540004 0.033444815780967474
0 0.7382518982631154 0.12374581838957965 0.01409774471540004 0.033444815780967474
0 0.7744361096993089 0.1279264203622006 0.013157895067706704 0.025083611835725605
0 0.7687970118131489 0.1588628749595955 0.016917293658480048 0.03678929735906422
0 0.7871240799431689 0.1847826071898453 0.017857143306173384 0.03511705657001585
0 0.7420112968538888 0.18896320916246623 0.01409774471540004 0.030100334202870727
0 0.7659774628700688 0.22658862691605464 0.020676692249253392 0.04515050130430609
0 0.7828947565285489 0.28344481374369934 0.024436090840026736 0.04849498288240284
0 0.8421052843332291 0.32692307425895706 0.024436090840026736 0.05852842761669308
0 0.8660714503494091 0.2667224058532156 0.021616541896946728 0.05518394603859633
0 0.9140037823817693 0.2742474894039333 0.017857143306173384 0.04013377893716097
0 0.9234022788587026 0.23244146967772394 0.017857143306173384 0.046822742093354464
0 0.8876879922463559 0.20150501508032903 0.015977444010786712 0.03511705657001585
0 0.8947368646040559 0.16973244008840993 0.015037594363093376 0.03511705657001585
0 0.8552631794009358 0.16889631969388574 0.015037594363093376 0.030100334202870727
0 0.8458646829240024 0.1839464867953211 0.015037594363093376 0.033444815780967474
0 0.8374060360947624 0.2232441453379579 0.016917293658480048 0.03511705657001585
0 0.809680471487809 0.15635451377602294 0.015977444010786712 0.038461538148112595
0 0.7890037792385556 0.14381270785816014 0.01409774471540004 0.030100334202870727
0 0.8341165623278357 0.13210702233482152 0.01409774471540004 0.033444815780967474
0 0.9708646860672161 0.33277591702062637 0.03571428661234677 0.08361203945241868
