0 0.2527970697847195 0.474971068353625 0.06269290170166641 0.10329861188074574
0 0.2187500016298145 0.614583337912336 0.06481481529772282 0.10937500081490725
0 0.06828703754581511 0.6238425972405821 0.06134259304963052 0.09722222294658422
0 0.34413580503314734 0.6206597268464975 0.06057098810561001 0.11168981564696878
0 0.4237075648852624 0.5529513930086978 0.069637346197851 0.1209490749752149
0 0.4866898184409365 0.6575520882324781 0.04822530900128186 0.07957175985211506
0 0.5770640475093387 0.583622689533513 0.07581018575001508 0.11574074160307646
0 0.6957947582704946 0.4631076423393097 0.08333333395421505 0.14785879739793018
0 0.8329475370701402 0.5814525506284554 0.0640432103537023 0.10966435266891494
0 0.9162808710243553 0.33825231733499095 0.08333333395421505 0.14178240846376866
