1 0.66650390625 0.3374816984287463 0.1005859375 0.1976573938736692
1 0.83544921875 0.3689604685641825 0.1513671875 0.2693997072055936
1 0.53466796875 0.4004392386996187 0.0341796875 0.06002928258385509
1 0.50244140625 0.4546120059094392 0.0322265625 0.05417276720982045
1 0.50439453125 0.41581259155645967 0.0283203125 0.0409956076182425
1 0.49072265625 0.3967789165908471 0.0126953125 0.026354319183155894
1 0.470703125 0.4172767203999683 0.005859375 0.008784773061051965
1 0.4072265625 0.3469985359115526 0.08984375 0.16398243047297
1 0.33203125 0.4480234261136502 0.02734375 0.05270863836631179
1 0.36279296875 0.4216691069304943 0.0146484375 0.03221083455719054
1 0.37939453125 0.4531478770659305 0.0185546875 0.03953147877473384
1 0.3154296875 0.43923865305259824 0.0078125 0.01756954612210393
1 0.2734375 0.47584187414031476 0.025390625 0.03513909224420786
1 0.15185546875 0.4721815520315431 0.0087890625 0.01610541727859527
1 0.06103515625 0.4648609078139998 0.0615234375 0.09224011714104563
