0 0.16435562958940864 0.4694602412637323 0.04486133810132742 0.09232954820618033
0 0.23735726159065962 0.3437500102445483 0.017944535240530968 0.036931819282472134
0 0.2667210465297103 0.35156251047737896 0.021207178011536598 0.04687500139698386
0 0.29526917077600956 0.36860796553082764 0.02446982078254223 0.04687500139698386
0 0.2903752066195011 0.30965910013765097 0.019575856626033783 0.03977272845804691
0 0.33890701783820987 0.377130693057552 0.02365416008979082 0.04971591057255864
0 0.35848287446424365 0.29616478155367076 0.015497553162276745 0.032670455519109964
0 0.3756117490120232 0.32599432789720595 0.01386623177677393 0.03835227387025952
0 0.3874388290569186 0.34090910106897354 0.017944535240530968 0.034090910106897354
0 0.41231648018583655 0.34019887377507985 0.02039151731878519 0.03835227387025952
0 0.43189233681187034 0.35156251047737896 0.018760195933282375 0.04687500139698386
0 0.4143556319177151 0.29971591802313924 0.016313213855028152 0.036931819282472134
0 0.4041598732583225 0.28267046296969056 0.01386623177677393 0.031250000931322575
0 0.39967373944818974 0.25781250768341124 0.014681892469525337 0.032670455519109964
0 0.43311582785099745 0.28338069026358426 0.013050571084022522 0.032670455519109964
0 0.4469820596277714 0.31463069119490683 0.021207178011536598 0.03835227387025952
0 0.472267541103065 0.3061079636681825 0.016313213855028152 0.032670455519109964
0 0.4278140333481133 0.2627840987406671 0.01386623177677393 0.022727273404598236
0 0.4730832017958164 0.26917614438571036 0.016313213855028152 0.032670455519109964
0 0.4604404610581696 0.2521306893322617 0.015497553162276745 0.026988637167960405
0 0.4706362197175622 0.24289773451164365 0.014681892469525337 0.025568182580173016
0 0.5032626474276185 0.260653416858986 0.014681892469525337 0.029829546343535185
0 0.5167210488580167 0.276988644618541 0.01712887454777956 0.028409091755747795
0 0.5203915219753981 0.2521306893322617 0.014681892469525337 0.026988637167960405
0 0.5387438875623047 0.2521306893322617 0.01712887454777956 0.032670455519109964
0 0.5497553069144487 0.276988644618541 0.016313213855028152 0.034090910106897354
0 0.567292011808604 0.25781250768341124 0.018760195933282375 0.035511364694684744
0 0.5538336103782058 0.22798296133987606 0.014681892469525337 0.026988637167960405
0 0.5730016366578639 0.22727273404598236 0.01386623177677393 0.025568182580173016
0 0.6019575912505388 0.22585227945819497 0.013050571084022522 0.025568182580173016
0 0.6031810822896659 0.25426137121394277 0.01712887454777956 0.028409091755747795
0 0.6137846712954342 0.2073863698169589 0.012234910391271114 0.028409091755747795
0 0.6268352423794568 0.21661932463757694 0.012234910391271114 0.026988637167960405
0 0.6468189293518662 0.251420462038368 0.014681892469525337 0.028409091755747795
0 0.658238179050386 0.2201704611070454 0.011419249698519707 0.025568182580173016
0 0.6741435625590384 0.23366477969102561 0.01386623177677393 0.026988637167960405
0 0.688417624682188 0.23295455239713192 0.013050571084022522 0.031250000931322575
0 0.5240619950927794 0.31321023660711944 0.02039151731878519 0.0411931830458343
0 0.5016313260421157 0.3714488747064024 0.029363784939050674 0.06107954727485776
0 0.5473083248361945 0.4055397848132998 0.026101142168045044 0.05255681974813342
0 0.5415986999869347 0.3757102384697646 0.029363784939050674 0.0411931830458343
0 0.5999184395186603 0.32670455519109964 0.025285481475293636 0.04829545598477125
0 0.5815660739317536 0.42116478527896106 0.02446982078254223 0.04687500139698386
0 0.6158238230273128 0.4332386492751539 0.03099510632455349 0.07102272938936949
0 0.6643556342460215 0.4566761499736458 0.0318107670173049 0.07244318397715688
0 0.6663947859779 0.36789773823693395 0.02773246355354786 0.05397727433592081
0 0.6468189293518662 0.34232955565676093 0.019575856626033783 0.05113636516034603
0 0.6370310010388494 0.31107955472543836 0.021207178011536598 0.04261363763362169
0 0.6835236605256796 0.26846591709181666 0.013050571084022522 0.031250000931322575
0 0.7043230081908405 0.2627840987406671 0.015497553162276745 0.034090910106897354
0 0.7161500882357359 0.2876420540269464 0.016313213855028152 0.03835227387025952
0 0.739396417979151 0.2528409166261554 0.012234910391271114 0.031250000931322575
0 0.7483686855994165 0.27059659897349775 0.018760195933282375 0.032670455519109964
0 0.7442903821356595 0.22443182487040758 0.01386623177677393 0.031250000931322575
0 0.7781403008848429 0.23863637074828148 0.014681892469525337 0.036931819282472134
0 0.7663132208399475 0.28551137214526534 0.012234910391271114 0.031250000931322575
0 0.8099510679021478 0.2507102347444743 0.014681892469525337 0.032670455519109964
0 0.8115823892876506 0.3075284182559699 0.017944535240530968 0.03835227387025952
0 0.8225938086397946 0.34090910106897354 0.01712887454777956 0.03977272845804691
0 0.808319746516645 0.3707386474125087 0.02446982078254223 0.04829545598477125
0 0.783442095387727 0.4147727396339178 0.028548124246299267 0.05965909268707037
0 0.7418434000574052 0.4048295575194061 0.02691680286079645 0.04829545598477125
0 0.6892332853749394 0.3480113740079105 0.022838499397039413 0.04829545598477125
0 0.7116639544256032 0.5014204694889486 0.03670473117381334 0.07954545691609383
0 0.8340130583383143 0.512073878897354 0.03507340978831053 0.07812500232830644
0 0.8482871204614639 0.4687500139698386 0.03099510632455349 0.05681818351149559
0 0.863376843277365 0.4147727396339178 0.025285481475293636 0.05965909268707037
0 0.8735726019367576 0.35156251047737896 0.021207178011536598 0.03835227387025952
0 0.8429853259585798 0.3082386455498636 0.01712887454777956 0.034090910106897354
0 0.8544045756570995 0.28693182673305273 0.01386623177677393 0.034090910106897354
0 0.8592985398136079 0.2656250079162419 0.015497553162276745 0.028409091755747795
0 0.8405383438803256 0.25852273497730494 0.015497553162276745 0.034090910106897354
0 0.8727569412440062 0.25923296227119863 0.013050571084022522 0.032670455519109964
0 0.8976345923729241 0.2926136450842023 0.01386623177677393 0.03977272845804691
0 0.8833605302497745 0.3217329641338438 0.019575856626033783 0.0411931830458343
0 0.9066068599931896 0.4715909231454134 0.028548124246299267 0.06818182021379471
0 0.9168026186525822 0.3998579664621502 0.02446982078254223 0.05255681974813342
0 0.9269983773119748 0.3586647834163159 0.02039151731878519 0.04687500139698386
0 0.9229200738482177 0.32883523707278073 0.01712887454777956 0.035511364694684744
0 0.9331158325076103 0.3167613730765879 0.014681892469525337 0.036931819282472134
0 0.933523662853986 0.28622159943915904 0.01386623177677393 0.029829546343535185
