0 0.09116466052364558 0.529900319641456 0.04899598495103419 0.11960132606327534
0 0.21927711297757924 0.24169434641953558 0.017670683097094297 0.048172756331041455
0 0.23373494460247457 0.24418604071252048 0.01927710883319378 0.05315614491701126
0 0.25301205343566835 0.23338869877625257 0.017670683097094297 0.05149501538835466
0 0.31004016706719995 0.22259135683998466 0.01927710883319378 0.04983388585969806
0 0.3076305284630507 0.18853820150252432 0.017670683097094297 0.038205979159101844
0 0.33333334024064243 0.21428570919670165 0.02088353456929326 0.04983388585969806
0 0.34779117186553776 0.18936876626685262 0.016064257360994816 0.039867108687758446
0 0.3702811321709305 0.23837208736222237 0.02088353456929326 0.05149501538835466
0 0.3959839439485222 0.22508305113296956 0.01927710883319378 0.048172756331041455
0 0.4285140651045367 0.29983387992251664 0.023293173173442483 0.05813953350298107
0 0.3638554292265326 0.1777408595662564 0.017670683097094297 0.04318936774507165
0 0.412048201309517 0.15697674045804888 0.017670683097094297 0.03488372010178864
0 0.4313253101427108 0.17109634145163 0.016064257360994816 0.04318936774507165
0 0.4325301294447854 0.14700996328610927 0.016867470229044557 0.031561461044475436
0 0.4694779213750735 0.21926909778267145 0.021686747437343 0.05315614491701126
0 0.49558233958669007 0.19186046055983752 0.016064257360994816 0.038205979159101844
0 0.45261045114602894 0.14617939852178097 0.018473895965144038 0.04318936774507165
0 0.4722891664132476 0.14700996328610927 0.01927710883319378 0.04485049727372825
0 0.4939759138505906 0.12790697370655835 0.016064257360994816 0.03322259057313204
0 0.5104417776456103 0.15116278710775077 0.016867470229044557 0.04651162680238485
0 0.5481927824439481 0.20016610820312053 0.016867470229044557 0.038205979159101844
0 0.5317269186489284 0.14867109281476587 0.014457831624895334 0.038205979159101844
0 0.548594388877973 0.13787375087849796 0.014457831624895334 0.03654484963044524
0 0.5526104532182217 0.11544850224163383 0.014457831624895334 0.03488372010178864
0 0.5742972006555647 0.11627906700596213 0.017670683097094297 0.03654484963044524
0 0.5847389679402113 0.1686046471586451 0.016064257360994816 0.04152823821641505
0 0.5698795298812911 0.1760797300375998 0.018473895965144038 0.04318936774507165
0 0.5783132649958134 0.14617939852178097 0.012851405888795853 0.03654484963044524
0 0.6032128639053553 0.18770763673819602 0.016064257360994816 0.04318936774507165
0 0.6088353539817035 0.15780730522237718 0.012851405888795853 0.03654484963044524
0 0.60441768320743 0.13205979752819985 0.015261044492945075 0.031561461044475436
0 0.5967871609609574 0.10548172506969422 0.014457831624895334 0.031561461044475436
0 0.6301204949850217 0.10548172506969422 0.015261044492945075 0.038205979159101844
0 0.6518072424223647 0.13289036229252815 0.016867470229044557 0.03654484963044524
0 0.6550200938945636 0.1636212585726753 0.016867470229044557 0.04152823821641505
0 0.6578313389327377 0.11461793747730553 0.014457831624895334 0.039867108687758446
0 0.6891566407866776 0.11544850224163383 0.014457831624895334 0.038205979159101844
0 0.6835341507103294 0.14119600993581116 0.016064257360994816 0.039867108687758446
0 0.712851420394145 0.13122923276387155 0.015261044492945075 0.04651162680238485
0 0.691164672956802 0.18936876626685262 0.021686747437343 0.056478403974324465
0 0.6582329453667626 0.21262457966804504 0.021686747437343 0.056478403974324465
0 0.6036144703393802 0.2765780665213242 0.023293173173442483 0.06146179256029427
0 0.5722891684854403 0.31644517520908266 0.024899598909541965 0.06146179256029427
0 0.5943775223568082 0.3463455067249015 0.027309237513691187 0.06810631067492068
0 0.6550200938945636 0.37541527347639203 0.026506024645641446 0.07641195831820369
0 0.715662665432319 0.39534882782027125 0.02891566324979067 0.06976744020357728
0 0.7212851555086672 0.24418604071252048 0.02088353456929326 0.056478403974324465
0 0.7385542321717367 0.22009966254699975 0.018473895965144038 0.048172756331041455
0 0.7289156777551398 0.19601328438147902 0.018473895965144038 0.03654484963044524
0 0.7578313410049304 0.1752491652732715 0.02008032170124352 0.05149501538835466
0 0.7763052369700745 0.1818936833878979 0.016867470229044557 0.048172756331041455
0 0.7851405785186216 0.15531561092939228 0.016867470229044557 0.048172756331041455
0 0.7642570439493284 0.2657807245850563 0.018473895965144038 0.05980066303163767
0 0.7947791329352185 0.436046501272358 0.03132530185393989 0.10132890124805272
0 0.8542168851708993 0.47923586901742965 0.03132530185393989 0.09468438313342631
0 0.873895600438118 0.39950165164191276 0.027309237513691187 0.0813953469041735
0 0.9429719070903957 0.4235880298074335 0.025702811777591705 0.07973421737551689
0 0.951405642204918 0.3438538124319166 0.021686747437343 0.05980066303163767
0 0.9763052411144599 0.3446843771962449 0.018473895965144038 0.06478405161760747
0 0.9682731124339625 0.28820597322192043 0.02008032170124352 0.05149501538835466
0 0.9815261247567832 0.24335547594819218 0.01927710883319378 0.05149501538835466
0 0.9429719070903957 0.22259135683998466 0.012851405888795853 0.04983388585969806
0 0.9289156818995252 0.24916942929849029 0.013654618756845593 0.04318936774507165
0 0.9224899789551273 0.3264119523810223 0.02008032170124352 0.048172756331041455
0 0.8610441945493221 0.32142856379505247 0.024096386041492224 0.05481727444566786
0 0.8879518256289884 0.2574750769417733 0.018473895965144038 0.04983388585969806
0 0.9000000186497346 0.23920265212655067 0.015261044492945075 0.04318936774507165
0 0.9012048379518092 0.21013288537506014 0.014457831624895334 0.03488372010178864
0 0.8694779296638444 0.21345514443237334 0.016867470229044557 0.048172756331041455
0 0.8192771254107356 0.20764119108207524 0.01927710883319378 0.04983388585969806
0 0.7911646750289947 0.24003321689087898 0.01927710883319378 0.05813953350298107
0 0.814859454636462 0.29235879704356194 0.021686747437343 0.05980066303163767
0 0.808835358126089 0.1694352119229734 0.016064257360994816 0.04651162680238485
