1 0.7519999919459224 0.45621537551051006 0.04599999950733036 0.07800704159308225
1 0.7851666582573671 0.48842473461991176 0.011666666541714221 0.02868646045681089
1 0.8168333245848771 0.48565674282144755 0.008999999903608114 0.017111222026869655
1 0.862166657432681 0.48867637023795396 0.00966666656313464 0.015098137082532048
1 0.6501666597032454 0.4698036988847889 0.047666666156146675 0.08706592384260148
1 0.5691666605707724 0.48288875102298334 0.04499999951804057 0.08404629642609507
1 0.5224999944039155 0.4637644440517761 0.03633333294419572 0.0619023620383814
1 0.4113333289278671 0.45722191798267886 0.04333333286922425 0.05888273462187499
1 0.5338333276158664 0.3399597199750133 0.004999999946448952 0.00956215348560363
1 0.47499999491265044 0.37845996953547 0.0046666666166856885 0.009058882249519229
1 0.30233333009527996 0.45822846045484766 0.041999999550171196 0.063915446982719
1 0.23133333085570484 0.38676394493086264 0.003999999957159162 0.006542526069097221
1 0.2268333309039008 0.383492681896314 0.003666666627395898 0.0070457973051816225
1 0.21966666431399062 0.3817312325700186 0.0046666666166856885 0.006542526069097221
1 0.9683333229622804 0.5915953380172141 0.029333333019167185 0.054856564733199775
