0 0.04733333282638341 0.37222223123535514 0.0519999994430691 0.10888889152556658
0 0.016666666488163173 0.22555556101724505 0.02799999970011413 0.07333333510905504
0 0.04266666620969772 0.3122222297824919 0.04266666620969772 0.08222222421318293
0 0.07733333250507712 0.33222223026677966 0.0346666662953794 0.07333333510905504
0 0.08999999903608114 0.30888889636844397 0.03066666633822024 0.06666666828095913
0 0.1806666647316888 0.381111120339483 0.0519999994430691 0.08222222421318293
0 0.22133333096280694 0.3766666757874191 0.04266666620969772 0.08666666876524687
0 0.1586666649673134 0.2588888951577246 0.039999999571591616 0.07777777966111898
0 0.21399999770801514 0.3000000072643161 0.025333333062008023 0.04444444552063942
0 0.2279999975580722 0.23888889467343688 0.029333333019167185 0.060000001452863216
0 0.2626666638534516 0.24000000581145287 0.02133333310484886 0.04444444552063942
0 0.27599999704398215 0.28111111791804433 0.02133333310484886 0.04666666779667139
0 0.27066666376776993 0.3733333423733711 0.039999999571591616 0.07555555738508701
0 0.3026666634250432 0.3577777864411473 0.026666666381061077 0.06666666828095913
0 0.29866666346788406 0.306666674092412 0.026666666381061077 0.0533333346247673
0 0.3173333299346268 0.2888888958841562 0.02399999974295497 0.04888889007270336
0 0.29599999682977796 0.2444444503635168 0.026666666381061077 0.0533333346247673
0 0.3113333299988881 0.24111111694946885 0.0173333331476897 0.04222222324460745
0 0.3319999964442104 0.24666667263954878 0.018666666466742754 0.04000000096857548
0 0.38199999590869993 0.2600000062957406 0.019999999785795808 0.04888889007270336
0 0.4359999953303486 0.22777778329327703 0.050666666124016047 0.1000000024214387
0 0.4853333281353116 0.2522222283296287 0.053333332762122154 0.10444444697350264
0 0.5306666609831154 0.24666667263954878 0.03199999965727329 0.07111111283302307
0 0.5733333271928132 0.2444444503635168 0.029333333019167185 0.06222222372889519
0 0.6053333268500865 0.2511111171916127 0.0346666662953794 0.06222222372889519
0 0.6506666596978903 0.2366666723974049 0.0346666662953794 0.08222222421318293
0 0.6999999925028533 0.25555556174367666 0.039999999571591616 0.08000000193715096
0 0.7266666588839144 0.22777778329327703 0.05866666603833437 0.1222222251817584
0 0.7986666581127793 0.19666667142882943 0.04799999948590994 0.09555555786937475
0 0.7626666584983468 0.24111111694946885 0.0346666662953794 0.0688888905569911
0 0.5786666604690254 0.48555556731298566 0.053333332762122154 0.09555555786937475
0 0.6286666599335149 0.49222223414108157 0.04399999952875078 0.0688888905569911
0 0.6606666595907882 0.4666666779667139 0.0519999994430691 0.10222222469747066
