0 0.10172413755208254 0.629950485075824 0.11379310302436352 0.15594059159047902
0 0.07844827556982636 0.5495049417950213 0.08103448245674372 0.108910889364779
0 0.2681034472770989 0.5655940504511818 0.0982758617028594 0.14108910667710006
0 0.1362068960443139 0.8502475112909451 0.24827586114406586 0.27475247089751065
0 0.4362068949267268 0.5878712778212503 0.07241379283368587 0.1262376217637211
0 0.46206896379590034 0.5507425655378029 0.06896551698446274 0.10643564187921584
0 0.43017241219058633 0.3811881127767265 0.04310344811528921 0.07425742456689477
0 0.5853448254056275 0.8205445414641872 0.18793103378266096 0.2945544507820159
0 0.7724137902259827 0.7673267205245793 0.1586206890642643 0.26732672844082117
0 0.9370689620263875 0.6782178110443056 0.11551724094897509 0.217821778729558
0 0.7448275834321976 0.5371287043672055 0.06896551698446274 0.09900989942252636
0 0.6017241356894374 0.5829207828501239 0.062068965286016464 0.10148514690808952
0 0.59913792880252 0.5037128633121029 0.06379310321062803 0.08663366199471056
