0 0.17758302798029035 0.48111658764537424 0.041512915631756186 0.08210180676542222
0 0.2712177154608071 0.25944170937873423 0.01291512930765748 0.026272578164935112
0 0.3740774953039363 0.28899835981428623 0.023062730906531215 0.03612479497678578
0 0.3270295242546126 0.280788179137744 0.024907749379053712 0.03284072270616889
0 0.2928966825129464 0.27832512493478134 0.023062730906531215 0.037766831112094223
0 0.6914206725778058 0.10509031265974045 0.015682657016441226 0.022988505894318223
0 0.6572878308361396 0.11412151140393689 0.013837638543918729 0.027914614300243556
0 0.6259225168032572 0.10426929459208623 0.010147601598873734 0.02134646975900978
0 0.6074723320780322 0.10509031265974045 0.010147601598873734 0.022988505894318223
0 0.5876383834984154 0.12315271014813334 0.014760147780179977 0.022988505894318223
0 0.5544280509930104 0.125615764351096 0.014760147780179977 0.027914614300243556
0 0.5221402277238667 0.140394089568872 0.01291512930765748 0.02134646975900978
0 0.5096863530343398 0.14942528831306845 0.011992620071396232 0.022988505894318223
0 0.49815498758107424 0.13711001729825512 0.007380073890089989 0.01806239748839289
0 0.4764760205289349 0.15024630638072267 0.011992620071396232 0.027914614300243556
0 0.4386531418422237 0.1880131374928169 0.015682657016441226 0.031198686570860445
0 0.4192804478807375 0.17569786647800356 0.013837638543918729 0.022988505894318223
0 0.4160516655538231 0.11330049333628267 0.01291512930765748 0.026272578164935112
0 0.36162362061440945 0.19868637237232178 0.016605166252702475 0.029556650435552
0 0.395295207737945 0.199507390439976 0.017527675488963723 0.031198686570860445
0 0.4423431787872687 0.24548440222861245 0.01937269396148622 0.037766831112094223
0 0.4769372751470655 0.21921182406367734 0.02029520319774747 0.04105090338271111
0 0.4764760205289349 0.192118227831088 0.01937269396148622 0.03284072270616889
0 0.5175276815425605 0.17980295681627467 0.014760147780179977 0.027914614300243556
0 0.5461254678666592 0.18883415556047112 0.016605166252702475 0.03612479497678578
0 0.565959416446276 0.17651888454565778 0.017527675488963723 0.034482758841477334
0 0.6060885682236403 0.14285714377183467 0.016605166252702475 0.03284072270616889
0 0.4880073859822005 0.3423645342118107 0.027675277087837458 0.04105090338271111
0 0.5295203016139567 0.35221675102366135 0.029520295560359955 0.05418719246517867
0 0.5742619995726272 0.23399014928145334 0.01937269396148622 0.04105090338271111
0 0.623616243712604 0.23809523961972445 0.022140221670269966 0.03940886724740267
0 0.6517527754185721 0.169950740004424 0.01937269396148622 0.034482758841477334
0 0.7458487175172195 0.11658456560689956 0.015682657016441226 0.03284072270616889
0 0.7407749167177826 0.1510673244483769 0.014760147780179977 0.029556650435552
0 0.7716789761325344 0.1288998366217129 0.011992620071396232 0.027914614300243556
0 0.7767527769319713 0.1584564870572649 0.014760147780179977 0.031198686570860445
0 0.8297970580169931 0.12807881855405867 0.011992620071396232 0.029556650435552
0 0.8399446596158668 0.14449917990714312 0.013837638543918729 0.03284072270616889
0 0.8519372796872631 0.15435139671899378 0.013837638543918729 0.04269293951801956
0 0.8620848812861368 0.12479474628344178 0.010147601598873734 0.019704433623701334
0 0.9211254724068567 0.15927750512491912 0.010147601598873734 0.029556650435552
0 0.9105166161898524 0.20607553498120978 0.014760147780179977 0.04105090338271111
0 0.8754612652119249 0.19047619169577956 0.018450184725224972 0.026272578164935112
0 0.8759225198300555 0.21264367952244356 0.015682657016441226 0.037766831112094223
0 0.9192804539343342 0.23070607701083645 0.01937269396148622 0.044334975653328
0 0.8228782387450337 0.20525451691355556 0.02029520319774747 0.045977011788636446
0 0.7767527769319713 0.19622331816935912 0.022140221670269966 0.04105090338271111
0 0.7112546211574227 0.19786535430466756 0.02029520319774747 0.034482758841477334
0 0.7237084958469495 0.177339902613312 0.021217712434008718 0.03284072270616889
0 0.6881918902508914 0.19376026396639645 0.018450184725224972 0.03612479497678578
0 0.6476014838553965 0.22742200474021956 0.022140221670269966 0.044334975653328
0 0.6845018533058465 0.23891625768737867 0.022140221670269966 0.037766831112094223
0 0.6674354324350134 0.31937602831749246 0.024907749379053712 0.04761904792394489
0 0.736623625154607 0.26354679971700534 0.021217712434008718 0.05090312019456178
0 0.7449262082809582 0.22660098667256534 0.01937269396148622 0.045977011788636446
0 0.7790590500226244 0.26683087198762223 0.021217712434008718 0.04761904792394489
0 0.7988929986022413 0.24958949256688356 0.018450184725224972 0.045977011788636446
0 0.7315498243551701 0.34154351614415646 0.03136531403288245 0.06896551768295467
0 0.8131918917642906 0.32266010058810934 0.028597786324098706 0.06403940927702934
0 0.8537822981597856 0.25615763710811734 0.01937269396148622 0.045977011788636446
0 0.8717712282668799 0.347290642617736 0.022140221670269966 0.05747126473579556
0 0.8980627415003255 0.36699507624143735 0.021217712434008718 0.037766831112094223
0 0.8906826676102355 0.28160919720539823 0.017527675488963723 0.044334975653328
