0 0.42744186957133934 0.1917355372570455 0.01953488413710147 0.03966942150145769
0 0.5088372201425955 0.14297520666150376 0.020465116715058684 0.0446280991891399
0 0.6279069901211187 0.13801652897382155 0.014883721247315407 0.02809917356353253
0 0.6520930371480063 0.13884297525510192 0.014883721247315407 0.026446281000971794
0 0.6525581534369849 0.12231404962949455 0.013953488669358194 0.026446281000971794
0 0.6841860610875301 0.05950413225218654 0.012093023513443768 0.026446281000971794
0 0.7534883881453425 0.15123966947430745 0.014883721247315407 0.03471074381377548
0 0.7711628071265295 0.15123966947430745 0.013023256091400981 0.03471074381377548
0 0.8748837395687588 0.18842975213192403 0.013953488669358194 0.03305785125121474
0 0.8939535074168816 0.21900826453929767 0.014883721247315407 0.04132231406401843
0 0.8939535074168816 0.2553719009156339 0.014883721247315407 0.0446280991891399
0 0.9190697870217264 0.2471074381028302 0.016744186403229833 0.0446280991891399
0 0.8269767618039623 0.2603305786033161 0.020465116715058684 0.05123966943938285
