0 0.1370833366527222 0.5425950377248228 0.0991666690679267 0.17038008430972695
0 0.0916666688863188 0.5150721010286361 0.08833333547227085 0.14941022777929902
0 0.19708333810558543 0.5353866495424882 0.06583333492744714 0.1428571476135403
0 0.24833333934657276 0.6487549364101142 0.04833333450369537 0.08912189025431871
0 0.34708334173774347 0.6559633245924488 0.050833334564231336 0.08781127422116697
0 0.38541667599929497 0.5642202022718266 0.08250000199768692 0.13499345141462982
0 0.4308333437656984 0.5596330461557955 0.09000000217929482 0.1572739239782095
0 0.5000000121071935 0.2804718310944736 0.076666668523103 0.14941022777929902
0 0.5891666809329763 0.5583224301226437 0.13333333656191826 0.22804718976840377
0 0.6645833494258113 0.5137614849954844 0.06250000151339918 0.13368283538147807
0 0.7158333506667987 0.5563565060729161 0.06666666828095913 0.1376146834809333
0 0.7929166858666576 0.5373525735922158 0.12416666967328638 0.21231979737058282
0 0.9370833560242318 0.5399738056585193 0.12583333638031036 0.22804718976840377
