0 0.15666667046025395 0.47312498942483217 0.06833333498798311 0.12124999728985131
0 0.13208333653165027 0.371874991687946 0.034166667493991554 0.07874999823980033
0 0.028750000696163625 0.3962499911431223 0.050833334564231336 0.07999999821186066
0 0.20083333819638938 0.36312499188352376 0.04833333450369537 0.09624999784864485
0 0.3658333421917632 0.6412499856669456 0.10333333583548665 0.17999999597668648
0 0.36500000883825123 0.4481249899836257 0.0533333346247673 0.11624999740161002
0 0.382500009262003 0.3499999921768904 0.03500000084750354 0.06999999843537807
0 0.4962500120163895 0.36624999181367457 0.042500001029111445 0.07999999821186066
0 0.5554166801157407 0.4818749892292544 0.07250000175554305 0.16374999633990228
0 0.6058333480032161 0.3643749918555841 0.031666667433455586 0.0712499984074384
0 0.6341666820226237 0.37624999159015715 0.04833333450369537 0.09499999787658453
0 0.7425000179791823 0.37124999170191586 0.043333334382623434 0.09499999787658453
0 0.9562500231550075 0.4743749893968925 0.07583333516959101 0.13374999701045454
