0 0.0797764197923243 0.2679509581066668 0.01930894237011671 0.03852889593690634
0 0.37804876640439034 0.19964973349124193 0.018292682245373726 0.031523642130196095
0 0.4253048622049391 0.2057793305721134 0.01727642212063074 0.033274955581873655
0 0.4603658365085721 0.22591943526640534 0.020325202494859695 0.031523642130196095
0 0.5736788404174149 0.18651488260366023 0.015243901871144772 0.033274955581873655
0 0.5807926612906158 0.1567425539251417 0.013211381621658802 0.033274955581873655
0 0.6458333092741668 0.11908931471407413 0.015243901871144772 0.028021015226840973
0 0.6529471301473677 0.3117337943986058 0.02540650311857462 0.052539403550326824
0 0.6382113583385944 0.2644483312033117 0.016260161995887756 0.03852889593690634
0 0.6361788380891085 0.22154115163721144 0.016260161995887756 0.03677758248522878
0 0.6925812750123441 0.2556917639449239 0.02134146261960268 0.04553414974361658
0 0.698678835760802 0.21366024110466242 0.01727642212063074 0.03852889593690634
0 0.6859755842015147 0.17688265861943364 0.014227641746401787 0.031523642130196095
0 0.9568089074455202 0.2416812563315034 0.015243901871144772 0.035026269033551216
