0 0.12450748635455966 0.5369496670318767 0.056737588718533516 0.11163521627895534
0 0.21710007905494422 0.27594338671769947 0.02127659576945007 0.04245282872579992
0 0.24271079618483782 0.28301885817199945 0.028368794359266758 0.05345911765471101
0 0.2895981090841815 0.23427672148682177 0.019700551638379693 0.037735847756266594
0 0.3096926717553288 0.24056602944619954 0.01733648544177413 0.04088050173595548
0 0.3219070137711242 0.21147798013407737 0.019700551638379693 0.048742136685177684
0 0.34436564263887703 0.21933961508329958 0.018912529572844505 0.0455974827054888
0 0.3605200949823484 0.20676099916454405 0.014972419245168567 0.04245282872579992
0 0.37509850319474936 0.19889936421532184 0.01733648544177413 0.04245282872579992
0 0.38297872385010123 0.25550313584972173 0.018912529572844505 0.05188679066486657
0 0.40228526445571333 0.18710691179148853 0.014972419245168567 0.03144653979688883
0 0.41449960647150874 0.22955974051728845 0.015760441310703754 0.037735847756266594
0 0.4424743897980079 0.19182389276102185 0.016548463376238942 0.03459119377657771
0 0.45153664355166256 0.167452824418433 0.012608353048563004 0.026729558827355504
0 0.4424743897980079 0.3066037630196661 0.02442868403159082 0.050314463675022125
0 0.46453900763299316 0.1666666609235108 0.013396375114098191 0.03144653979688883
0 0.4736012613866478 0.1627358434488997 0.015760441310703754 0.03616352076642215
0 0.48581560340244323 0.174528295872733 0.019700551638379693 0.04088050173595548
0 0.5066981881391257 0.2083333261543885 0.022064617834985256 0.04245282872579992
0 0.4826635151403025 0.2429245199309662 0.026004728162661195 0.0455974827054888
0 0.5591016554972157 0.2161949611036107 0.02127659576945007 0.04245282872579992
0 0.5043341219425201 0.1556603719945997 0.01733648544177413 0.037735847756266594
0 0.526792750810273 0.17138364189304411 0.016548463376238942 0.04716980969533324
0 0.5382190707605332 0.16194967995397747 0.014184397179633379 0.04088050173595548
0 0.5610717106610537 0.14308175607584417 0.01733648544177413 0.03459119377657771
0 0.5673758871853352 0.16194967995397747 0.022064617834985256 0.04088050173595548
0 0.5866824277909473 0.14229559258092195 0.016548463376238942 0.029874212807044387
0 0.589834516053088 0.17531445936765522 0.018124507507309318 0.04245282872579992
0 0.5874704498564824 0.20283018168993294 0.016548463376238942 0.04088050173595548
0 0.6052009463310242 0.21462263411376625 0.018912529572844505 0.04245282872579992
0 0.6052009463310242 0.1328616306418553 0.015760441310703754 0.029874212807044387
0 0.6134751780191436 0.15723269898444414 0.014972419245168567 0.03144653979688883
0 0.6193853435106575 0.17924527684226632 0.018912529572844505 0.037735847756266594
0 0.6390858951490372 0.13128930365201086 0.014184397179633379 0.03616352076642215
0 0.6627265571150929 0.15408804500475526 0.012608353048563004 0.03459119377657771
0 0.6721828219015151 0.14622641005553305 0.012608353048563004 0.03144653979688883
0 0.6662726564100012 0.18160376732703298 0.013396375114098191 0.03616352076642215
0 0.6836091418517753 0.18317609431687742 0.014972419245168567 0.03301886678673327
0 0.6973995279986411 0.1407232655910775 0.015760441310703754 0.03301886678673327
0 0.7194641458336264 0.15880502597428858 0.014184397179633379 0.03459119377657771
0 0.5847123726271093 0.32783017738256603 0.025216706097126007 0.04245282872579992
0 0.6178092993795872 0.3522012457251549 0.02364066196605563 0.050314463675022125
0 0.6245074869366363 0.28616351215168834 0.02442868403159082 0.059748425614088774
0 0.6627265571150929 0.39701256493572146 0.028368794359266758 0.07704402250237763
0 0.6686367226066068 0.24449684692081064 0.026004728162661195 0.05188679066486657
0 0.705279748653993 0.2130503071239218 0.018912529572844505 0.0455974827054888
0 0.7297084326855838 0.25550313584972173 0.02048857370391488 0.039308174746111035
0 0.7478329401928931 0.22327043255791068 0.018912529572844505 0.04088050173595548
0 0.7620173373725265 0.19654087373055518 0.014184397179633379 0.03459119377657771
0 0.7738376683555543 0.18317609431687742 0.014184397179633379 0.03301886678673327
0 0.7836879441747442 0.20597483566962183 0.016548463376238942 0.037735847756266594
0 0.8140267936978489 0.19103772926609963 0.014184397179633379 0.03301886678673327
0 0.7998423965182155 0.23742137546651065 0.015760441310703754 0.037735847756266594
0 0.820724981254898 0.22327043255791068 0.014972419245168567 0.04088050173595548
0 0.8364854225656018 0.20990565314423293 0.016548463376238942 0.03616352076642215
0 0.8085106392391026 0.2963836375856772 0.018912529572844505 0.05817609862424433
0 0.7588652491103858 0.2853773486567661 0.02364066196605563 0.048742136685177684
0 0.7320724988821894 0.3867924395017326 0.026792750228196383 0.06289307959377766
0 0.8037825068458915 0.4323899222072214 0.039401103276759386 0.07547169551253319
0 0.8597320734988898 0.49999998277053237 0.03152088262140751 0.08490565745159984
0 0.8884948788909242 0.3844339490169659 0.022852639900520444 0.06761006056331098
0 0.8636721838265657 0.3333333218470216 0.02048857370391488 0.050314463675022125
0 0.8727344375802204 0.2995282915653661 0.016548463376238942 0.0455974827054888
0 0.8884948788909242 0.2924528201110661 0.018124507507309318 0.04402515571564436
0 0.8684003162197769 0.23034590401221067 0.01733648544177413 0.03616352076642215
0 0.8790386141045019 0.21855345158837736 0.014972419245168567 0.037735847756266594
0 0.9117415298242122 0.22955974051728845 0.012608353048563004 0.04088050173595548
0 0.9062253753654659 0.2539308088598773 0.015760441310703754 0.03616352076642215
0 0.9330181255936623 0.2688679152633995 0.014184397179633379 0.037735847756266594
0 0.9483845558715984 0.24135219294112176 0.014972419245168567 0.039308174746111035
0 0.9854215929517522 0.2578616263344884 0.014972419245168567 0.04088050173595548
0 0.9783293943619356 0.30188678205013275 0.016548463376238942 0.03459119377657771
0 0.9743892840342596 0.31761005194857717 0.014972419245168567 0.04088050173595548
0 0.9767533502308652 0.349056591745466 0.019700551638379693 0.04716980969533324
0 0.9511426331009716 0.3710691696032882 0.02048857370391488 0.06289307959377766
0 0.9278959821676835 0.3191823789384216 0.014972419245168567 0.050314463675022125
0 0.9617809309856966 0.44968551909551024 0.02127659576945007 0.06603773357346654
