0 0.3775510234409012 0.2701149442582391 0.022263451013714075 0.04761904792394489
0 0.34833024398540147 0.2397372757550329 0.02133580722147599 0.03940886724740267
0 0.3849721737788059 0.18555008328985423 0.014842300675809383 0.029556650435552
0 0.41372913133818656 0.16174055932788178 0.01855287584476173 0.037766831112094223
0 0.45547310198890045 0.22331691440194845 0.022263451013714075 0.045977011788636446
0 0.48005566248320974 0.31198686570860445 0.026901669974904507 0.06239737314172089
0 0.5296846053679474 0.14121510763652623 0.01298701309133321 0.026272578164935112
0 0.5635436037846375 0.13546798116294667 0.01576994446804747 0.031198686570860445
0 0.5923005613440182 0.10837438493035734 0.01576994446804747 0.03284072270616889
0 0.5329313586407807 0.33087028126465157 0.02875695755938068 0.060755337006412446
0 0.5964749584090896 0.3128078837762587 0.03339517652057111 0.07060755381826311
0 0.621985162695637 0.24630542029626667 0.02319109480595216 0.045977011788636446
0 0.6586270924890414 0.2101806253194809 0.022263451013714075 0.049261084059253335
0 0.6832096529833507 0.30131363082909957 0.04545454581966624 0.08374384290073067
0 0.783395182545064 0.27504105266416445 0.02875695755938068 0.06403940927702934
0 0.836270878702635 0.31116584764095023 0.030612245143856853 0.06403940927702934
0 0.8956400814058725 0.15024630638072267 0.013914656883571297 0.027914614300243556
0 0.9253246827574912 0.15435139671899378 0.01576994446804747 0.03284072270616889
