0 0.289778204576578 0.4165246902848594 0.056894888752140105 0.12095400004182011
0 0.3736740574822761 0.5247018593363464 0.06460944993887097 0.13969335216097534
0 0.41369334363844246 0.20698466204339638 0.02121504326350987 0.045996591565199196
0 0.43249758653109893 0.209540028241463 0.01253616192843765 0.030664394376799464
0 0.4517839894979261 0.216354338102974 0.014464802225120366 0.037478704238310456
0 0.4792671137256548 0.24105621135095134 0.02121504326350987 0.03577512677293271
0 0.5106075185467489 0.23679726768750697 0.022179363411851227 0.04429301409982145
0 0.5906460908590816 0.12691652117064223 0.018322082818485796 0.028960816911421716
0 0.6171648949384689 0.12265757750719786 0.013500482076779008 0.027257239446043968
0 0.6489874598337337 0.13202725356677547 0.011571841780096292 0.02555366198066622
0 0.5969141718233004 0.2614991409354843 0.023143683560192585 0.039182281703688204
0 0.6451301792403683 0.25383304234128445 0.030858244746923447 0.05792163382284343
