0 0.10865384625503793 0.6192307885503396 0.07115384622011334 0.08974359254352748
0 0.18846153863705695 0.4333333468530327 0.05000000004656613 0.07179487403482199
0 0.267307692556642 0.6192307885503396 0.06923076929524541 0.09487179783172905
0 0.24423076945822686 0.7102564324159175 0.09230769239366055 0.12307692691683769
0 0.293269231042359 0.8205128461122513 0.19423076941166073 0.24102564854547381
0 0.4461538465693593 0.7128205350600183 0.09230769239366055 0.12307692691683769
0 0.40480769268469885 0.5961538647534326 0.05961538467090577 0.1051282084081322
0 0.5317307697259821 0.6166666859062389 0.06730769237037748 0.10000000311993062
0 0.6528846159926616 0.6346154044149444 0.09807692316826433 0.1564102612901479
0 0.669230769854039 0.8256410514004529 0.15384615398943424 0.20512821152806282
0 0.7865384622709826 0.6769230980426073 0.08461538469418883 0.11794872162863612
0 0.880769231589511 0.7589743826538324 0.1307692308910191 0.18461539037525654
0 0.8615384623408318 0.6282051478046924 0.06538461544550955 0.08205128461122513
0 0.9288461547112092 0.6141025832621381 0.06538461544550955 0.08974359254352748
