0 0.2743128926376812 0.39080458832904696 0.05391120433341712 0.12260536104440689
0 0.37843551277182996 0.5172413669060916 0.06342494627460837 0.14559386624023318
0 0.3668076059548184 0.20785440114559606 0.02114164875820279 0.05555555422324687
0 0.41014798590913415 0.24999999400461093 0.02114164875820279 0.05172413669060916
0 0.44714587123598903 0.20019156608032063 0.014799154130741954 0.036398466560058296
0 0.47674417949747294 0.2222222168929875 0.014799154130741954 0.04214559285901487
0 0.48890062753343955 0.21168581867823377 0.017970401444472373 0.044061301625333726
0 0.5850951293832622 0.2490421396214515 0.02431289607193321 0.0498084279242903
0 0.6168076025205664 0.2394635957898572 0.02431289607193321 0.053639845456928015
0 0.5813953408505768 0.11015325406333432 0.012684989254921675 0.02490421396214515
0 0.6109936491120607 0.10344827338121831 0.010570824379101396 0.022988505195826292
0 0.6427061222493649 0.11877394351176918 0.010570824379101396 0.026819922728464007
0 0.6601479824748822 0.11877394351176918 0.011627906817011535 0.019157087663188577
