0 0.17962467065081 0.3198380647227168 0.042895443737506866 0.08097166195511818
0 0.22252011438831687 0.3279352309182286 0.05361930467188358 0.08097166195511818
0 0.32707775849848986 0.29149798303842545 0.03753351327031851 0.06477732956409454
0 0.36729223700240254 0.31376519007608294 0.042895443737506866 0.06882591266185045
0 0.3967828545719385 0.4170040590688586 0.05898123513907194 0.10526316054165363
0 0.47050939849577844 0.4574898900464177 0.0777479917742312 0.1295546591281891
0 0.44235926354303956 0.3036437323316932 0.03753351327031851 0.04858299717307091
0 0.4986595334485173 0.3016194407828152 0.03753351327031851 0.060728746466338634
0 0.5281501510180533 0.2753036506474018 0.03217158280313015 0.056680163368582726
0 0.5576407685875893 0.3603238957002759 0.05361930467188358 0.08906882815063
0 0.5951742818579078 0.2834008168429136 0.03217158280313015 0.056680163368582726
0 0.6166220037266612 0.26923077600076795 0.02680965233594179 0.05263158027082682
0 0.6662198605481535 0.2813765252940357 0.02949061756953597 0.05263158027082682
0 0.6930295128840953 0.3380566886626184 0.04021447850391269 0.06882591266185045
0 0.6501340691465884 0.40283401822671294 0.05630026990547776 0.10121457744389772
0 0.6689008257817477 0.5161943449638784 0.0777479917742312 0.1417004084214568
0 0.8498659790493548 0.44331984920427203 0.05898123513907194 0.12550607603043318
0 0.7975871569942683 0.3684210618957877 0.04021447850391269 0.08097166195511818
0 0.7707775046583265 0.3198380647227168 0.02949061756953597 0.07287449575960636
0 0.8431635659653693 0.3238866478204727 0.02949061756953597 0.056680163368582726
0 0.8592493573669344 0.35425102105364203 0.02949061756953597 0.060728746466338634
0 0.9088472141884267 0.4129554759711027 0.048257374204695225 0.08097166195511818
0 0.9155496272724122 0.3299595224671066 0.03485254803672433 0.06882591266185045
0 0.9785523102618754 0.3522267295047641 0.03753351327031851 0.07287449575960636
0 0.89812335325405 0.5931174238212407 0.09115281794220209 0.19028340559452772
