0 0.2367441910901107 0.21626015764195472 0.021395349293015897 0.0325203244574368
0 0.29209302947856486 0.1910569061874412 0.020465116715058684 0.040650405571796
0 0.3362790769315325 0.2357723523164168 0.01953488413710147 0.0487804866861552
0 0.3516279144678265 0.20162601163610816 0.020465116715058684 0.03902438934892416
0 0.401860473677516 0.162601622287184 0.02232558187097311 0.04227642179466784
0 0.3874418687191792 0.20406503597041592 0.023255814448930323 0.03089430823456496
0 0.4739534984692 0.18780487374169752 0.023255814448930323 0.04715447046328336
0 0.5525581513065845 0.19837397919036448 0.024186047026887536 0.0487804866861552
0 0.6186046643415466 0.24065040098503232 0.026046512182801962 0.05203251913189888
0 0.5125581504544243 0.3121951147913933 0.04465116374194622 0.07479674625210464
0 0.6469767579692416 0.24471544154221192 0.023255814448930323 0.04390243801753968
0 0.36279070540331304 0.17967479262733832 0.024186047026887536 0.04390243801753968
0 0.3390697746654041 0.1991869873018004 0.017674418981187046 0.03414634068030864
