0 0.02264858533453662 0.4248472471954301 0.04183496654150076 0.06924643530510366
0 0.11713790631620213 0.4272912390297279 0.06635891244513914 0.0928716897033155
0 0.15724177079391666 0.47148675803327933 0.039815347467083484 0.06720977544318885
0 0.22331216622842476 0.4496944975107908 0.07212925265775993 0.109164968598634
0 0.3029428611625917 0.45723013899987563 0.049624925828538835 0.08350305433850735
0 0.3397287800180493 0.4619144566822797 0.029717252094997093 0.05621181218884885
0 0.37290823624061886 0.4513238254003227 0.04125793252023868 0.06517311558127403
0 0.3861800187296467 0.48126272537047043 0.04183496654150076 0.06802443938795477
0 0.43811308064323384 0.45274948730366305 0.027409116009948775 0.046028512879274786
0 0.48759374796645716 0.4293278988916427 0.060011538211256266 0.09857433731667697
0 0.5496249052521307 0.46456211450276896 0.04270051757339388 0.07128309516701847
0 0.6328620628191857 0.4323828886845149 0.050490476860431954 0.0720977591117844
0 0.7469705405237619 0.4272912390297279 0.05770340212620795 0.09694500942714512
0 0.7804385137569625 0.4521384893450886 0.039815347467083484 0.07331975502893329
0 0.8323715756705496 0.44297351996647194 0.05828043614747003 0.0753564148908481
0 0.8969993860519025 0.4399185301735997 0.04327755159465596 0.08146639447659254
0 0.9420080397103447 0.38289205403998494 0.10444315784843639 0.17515274812467396
