0 0.182031252712477 0.6314554081764072 0.051562500768341124 0.089201879221946
0 0.12109375180443749 0.5387324021430686 0.048437500721774995 0.07276995410211384
0 0.17031250253785402 0.47769953741226345 0.03125000046566129 0.05399061110801995
0 0.2015625030035153 0.5399061110801995 0.037500000558793545 0.06103286473080516
0 0.22500000335276127 0.4953051714692265 0.034375000512227416 0.04694835748523474
0 0.21328125317813829 0.42136150842998177 0.029687500442378223 0.03990610386244953
0 0.23906250356230885 0.40375587437301874 0.03125000046566129 0.04694835748523474
0 0.20781250309664756 0.37323944200761616 0.0218750003259629 0.032863850239664316
0 0.22265625331783667 0.36267606157343835 0.020312500302679837 0.025821596616879106
0 0.22187500330619514 0.34037559176795185 0.015625000232830644 0.02347417874261737
0 0.20703125308500603 0.34037559176795185 0.01406250020954758 0.032863850239664316
0 0.20468750305008143 0.3204225398367271 0.012500000186264515 0.025821596616879106
0 0.21250000316649675 0.2981220700312406 0.015625000232830644 0.018779342994093895
0 0.230468753434252 0.30751174152828753 0.01093750016298145 0.028169014491140842
0 0.25390625378349796 0.3051643236540258 0.017187500256113708 0.02347417874261737
0 0.26796875399304554 0.312206577276811 0.01406250020954758 0.02347417874261737
0 0.29453125438885763 0.4119718369329348 0.026562500395812094 0.044600939610973
0 0.2617187538999133 0.4389671424869448 0.026562500395812094 0.042253521736711264
0 0.1601562523865141 0.4377934335498139 0.026562500395812094 0.03990610386244953
0 0.16953125252621248 0.4061032922472805 0.026562500395812094 0.028169014491140842
0 0.16328125243308023 0.39201878500171006 0.029687500442378223 0.032863850239664316
0 0.3445312551339157 0.4765258284751326 0.03281250048894435 0.05164319323375821
0 0.33359375497093424 0.6173709009308368 0.051562500768341124 0.09859155071899295
0 0.43359375646105036 0.5997652668738738 0.048437500721774995 0.07276995410211384
0 0.40703125606523827 0.5328638574574143 0.03906250058207661 0.05164319323375821
0 0.3835937557159923 0.48591549997217953 0.03281250048894435 0.04694835748523474
0 0.460937506868504 0.5469483647029847 0.040625000605359674 0.05164319323375821
0 0.5671875084517524 0.5375586932059377 0.037500000558793545 0.056338028982281685
0 0.6367187594878487 0.606807520496659 0.04531250067520887 0.0633802826050669
0 0.607812509057112 0.47300470166374 0.02812500041909516 0.049295775359496474
0 0.7375000109896064 0.5903755953768268 0.040625000605359674 0.0633802826050669
0 0.741406261047814 0.5281690217088908 0.03281250048894435 0.056338028982281685
0 0.7250000108033419 0.4694835748523474 0.03125000046566129 0.03755868598818779
0 0.7000000104308128 0.4389671424869448 0.02500000037252903 0.04694835748523474
0 0.7296875108731911 0.42253521736711264 0.0218750003259629 0.042253521736711264
0 0.7851562616997398 0.4319248888641596 0.026562500395812094 0.04694835748523474
0 0.8359375124564394 0.47065728378947824 0.02812500041909516 0.049295775359496474
0 0.8906250132713467 0.5152582234004512 0.02812500041909516 0.0633802826050669
0 0.9031250134576112 0.5492957825772464 0.02812500041909516 0.04694835748523474
0 0.7015625104540959 0.37793427775613964 0.02500000037252903 0.042253521736711264
0 0.66796875995351 0.3673708973219618 0.026562500395812094 0.03521126811392605
0 0.6335937594412826 0.3931924939388409 0.020312500302679837 0.03521126811392605
0 0.6171875091968104 0.41784038161858916 0.0218750003259629 0.028169014491140842
0 0.6015625089639798 0.4025821654358879 0.015625000232830644 0.03051643236540258
0 0.5367187579977326 0.41784038161858916 0.020312500302679837 0.03755868598818779
0 0.5687500084750354 0.383802822441794 0.018750000279396772 0.03521126811392605
0 0.5609375083586201 0.3673708973219618 0.012500000186264515 0.021126760868355632
0 0.5656250084284693 0.3450704275164753 0.012500000186264515 0.02347417874261737
0 0.5406250080559403 0.3462441364536062 0.018750000279396772 0.025821596616879106
0 0.5843750087078661 0.35563380795065314 0.015625000232830644 0.03051643236540258
0 0.6023437589756213 0.36619718838483095 0.017187500256113708 0.018779342994093895
0 0.6250000093132257 0.35211268113926053 0.015625000232830644 0.028169014491140842
0 0.5984375089174137 0.3262910845223814 0.015625000232830644 0.03755868598818779
0 0.5437500081025064 0.3086854504654184 0.015625000232830644 0.025821596616879106
0 0.5281250078696758 0.3004694879055023 0.012500000186264515 0.02347417874261737
0 0.5164062576950528 0.31455399515107274 0.020312500302679837 0.028169014491140842
0 0.510937507613562 0.2981220700312406 0.012500000186264515 0.02347417874261737
0 0.48671875725267455 0.3004694879055023 0.017187500256113708 0.028169014491140842
0 0.4562500067986548 0.29577465215697885 0.015625000232830644 0.02347417874261737
0 0.43281250644940883 0.2934272342827171 0.012500000186264515 0.02347417874261737
0 0.43828125653089955 0.3380281738936901 0.020312500302679837 0.03755868598818779
0 0.41171875613508746 0.29929577896837145 0.020312500302679837 0.03521126811392605
0 0.3882812557858415 0.2934272342827171 0.01406250020954758 0.03755868598818779
0 0.39453125587897375 0.31807512196246535 0.01406250020954758 0.025821596616879106
0 0.37734375562286004 0.3204225398367271 0.01406250020954758 0.025821596616879106
0 0.38281250570435077 0.34741784539073706 0.0218750003259629 0.03755868598818779
0 0.39687500591389835 0.3802816956304014 0.0218750003259629 0.042253521736711264
0 0.3453125051455572 0.3826291135046631 0.018750000279396772 0.03755868598818779
0 0.3257812548545189 0.38849765819031745 0.023437500349245965 0.03051643236540258
0 0.3453125051455572 0.356807516887784 0.0218750003259629 0.042253521736711264
0 0.32187500479631126 0.3192488308995962 0.015625000232830644 0.02347417874261737
0 0.3101562546216883 0.3262910845223814 0.01406250020954758 0.028169014491140842
0 0.31484375469153747 0.2934272342827171 0.01406250020954758 0.02347417874261737
0 0.33125000493600965 0.30633803259115666 0.015625000232830644 0.03051643236540258
0 0.037500000558793545 0.2969483610941097 0.0218750003259629 0.03990610386244953
0 0.008593750128056854 0.3039906147168949 0.01406250020954758 0.025821596616879106
