0 0.5308333461871371 0.22928994381800294 0.10500000254251063 0.2218934940174222
0 0.7450000180397183 0.6183432033285499 0.05000000121071935 0.10059171728789806
0 0.7041666837176308 0.5754437944851816 0.02833333401940763 0.056213018484413624
0 0.8508333539357409 0.17751479521393776 0.14833333692513406 0.3491124305874109
0 0.2775000067194924 0.7381656900979578 0.04500000108964741 0.07988165784627199
0 0.17250000417698175 0.7618343294598162 0.04833333450369537 0.09171597752720118
0 0.09750000236090273 0.7781065190210938 0.03500000084750354 0.06508875824511051
0 0.05916666809935123 0.7115384708158672 0.021666667191311717 0.03846153896301985
0 0.11750000284519047 0.6686390619724989 0.025000000605359674 0.047337278723716736
0 0.16666667070239782 0.6745562218129635 0.02000000048428774 0.047337278723716736
0 0.21916667197365314 0.6760355117730796 0.025000000605359674 0.05029585864394903
0 0.2750000066589564 0.6390532627701759 0.023333333898335695 0.047337278723716736
0 0.307500007445924 0.6449704226106405 0.031666667433455586 0.05917159840464592
0 0.3233333411626518 0.5917159840464592 0.016666667070239782 0.03550295904278755
0 0.42333334358409047 0.6153846234083176 0.02000000048428774 0.041420118883252144
0 0.14000000339001417 0.5917159840464592 0.013333333656191826 0.02958579920232296
0 0.061666668159887195 0.6139053334482014 0.016666667070239782 0.032544379122555256
0 0.052500001271255314 0.6464497125707567 0.021666667191311717 0.032544379122555256
0 0.05583333468530327 0.6760355117730796 0.025000000605359674 0.026627219282090664
0 0.00916666688863188 0.6715976418927312 0.015000000363215804 0.05325443856418133
