0 0.36810431559570134 0.1368330453406088 0.020060180686414242 0.029259896487928927
0 0.42828485765494406 0.15490533434785903 0.01404212648048997 0.024096385343000293
0 0.40120361372828484 0.26161789800971746 0.018054162617772818 0.04130808915942907
0 0.3625877659069374 0.2203098088502884 0.015045135514810681 0.030981066869571805
0 0.4744232732336968 0.2160068828961812 0.020060180686414242 0.04302925954107195
0 0.5807422308716923 0.12220309709664434 0.01404212648048997 0.02753872610628605
0 0.6023069251095876 0.11531841557007283 0.015045135514810681 0.024096385343000293
0 0.6288866645190865 0.2555938016739674 0.020060180686414242 0.049913941067643464
0 0.4994984990917146 0.30808949831407517 0.026078234892338514 0.04475042992271483
0 0.5496489508077502 0.3201376909855753 0.02808425296097994 0.048192770686000586
0 0.7006018104730174 0.317555935413111 0.03510531620122492 0.06024096335750073
0 0.6950852607842535 0.18158347526332363 0.02808425296097994 0.05335628183092922
0 0.7031093330588192 0.06196213373914361 0.016048144549131393 0.030981066869571805
0 0.7567703163949773 0.11187607480678707 0.02908726199530065 0.04475042992271483
0 0.7923771371133626 0.26333906839136034 0.02808425296097994 0.058519792975857854
0 0.8550652017584071 0.29259896487928927 0.031093280063942075 0.06196213373914361
0 0.9272818522294983 0.3003442315966822 0.027081243926659226 0.06024096335750073
0 0.9287863657809794 0.14199655648553744 0.016048144549131393 0.02581755572464317
0 0.9558676097076386 0.15060240839375183 0.012036108411848545 0.03270223725121468
