0 0.24687499448191375 0.6037500146194361 0.04124999907799065 0.05583333468530327
0 0.2718749939231202 0.6275000151945278 0.04874999891035259 0.0533333346247673
0 0.31937499286141247 0.6625000160420313 0.06499999854713678 0.1150000027846545
0 0.3771874915692024 0.6670833494863473 0.11187499749939889 0.18250000441912562
0 0.36499999184161425 0.5791666806908324 0.03624999918974936 0.051666667917743325
0 0.4187499906402081 0.6033333479426801 0.04499999899417162 0.06500000157393515
0 0.5303124881465919 0.46208334452239797 0.030624999315477908 0.052500001271255314
0 0.5484374877414666 0.6045833479729481 0.06687499850522727 0.10250000248197466
0 0.6206249861279503 0.5970833477913402 0.0549999987706542 0.08583333541173488
0 0.7299999836832285 0.5216666792985052 0.026249999413266778 0.041666667675599456
0 0.8396874812315218 0.7175000173738226 0.3206249928334728 0.5316666795406491
