0 0.21732673945371062 0.36780576378805563 0.044554456835612655 0.08812949841376394
0 0.31732674257364124 0.23741007735952735 0.024752476019784808 0.04676259099505842
0 0.33168317866511643 0.19874101172899827 0.023762376978993416 0.044964029802940786
0 0.35594060516450554 0.20953237888170406 0.014851485611870885 0.044964029802940786
0 0.4103960524080321 0.2059352564974688 0.014851485611870885 0.04136690741870552
0 0.4247524884995073 0.1483812983497046 0.015841584652662277 0.034172662650235
0 0.42128714185673743 0.1780575580196455 0.022772277938202024 0.043165468610823154
0 0.44653466739691794 0.20863309828564525 0.02178217889741063 0.04676259099505842
0 0.448019815958105 0.16276978788664564 0.014851485611870885 0.034172662650235
0 0.46039605396799743 0.14208633417729288 0.013861386571079493 0.02517985668964684
0 0.4673267472535372 0.160971226694528 0.019801980815827847 0.03776978503447026
0 0.4797029852634296 0.1834532415959984 0.02079207985661924 0.03597122384235263
0 0.47079209389630705 0.21852518484229222 0.028712872182950377 0.055755396955646574
0 0.49752476799767464 0.15017985954182222 0.018811881775036454 0.03776978503447026
0 0.5064356593647972 0.28237410716246814 0.028712872182950377 0.05395683576352894
0 0.5336633829865605 0.18435252219205722 0.019801980815827847 0.04136690741870552
0 0.5326732839457691 0.14478417596546933 0.017821782734245062 0.03776978503447026
0 0.5158416002523154 0.12500000285217538 0.013861386571079493 0.030575540265999734
0 0.5559406114043668 0.18525180278811604 0.01683168369345367 0.03597122384235263
0 0.5579208094859496 0.1492805789457634 0.0128712875302881 0.032374101458117366
0 0.5707920970162377 0.13938849238911644 0.01683168369345367 0.030575540265999734
0 0.5841584340669215 0.11061151331523433 0.015841584652662277 0.02338129549752921
0 0.581683186464943 0.1771582774235867 0.026732674101367593 0.03776978503447026
0 0.5910891273524612 0.15557554311817512 0.015841584652662277 0.04136690741870552
0 0.6039604148827493 0.1321942476206459 0.015841584652662277 0.044964029802940786
0 0.6153465538518503 0.10701439093099907 0.0128712875302881 0.034172662650235
0 0.6287128909025341 0.11241007450735196 0.009900990407913923 0.034172662650235
0 0.6326732870656997 0.1537769819260575 0.023762376978993416 0.034172662650235
0 0.6415841784328222 0.11960431927582249 0.013861386571079493 0.034172662650235
0 0.6544554659631103 0.1321942476206459 0.013861386571079493 0.03776978503447026
0 0.6628713078098372 0.11510791629552841 0.008910891367122531 0.028776979073882103
0 0.6831683381460607 0.14658273715758696 0.015841584652662277 0.034172662650235
0 0.6975247742375359 0.13938849238911644 0.0128712875302881 0.03776978503447026
0 0.6267326928209513 0.19244604755658656 0.019801980815827847 0.03597122384235263
0 0.5688118989346549 0.23830935795558617 0.026732674101367593 0.044964029802940786
0 0.5821782359853387 0.2931654743151739 0.027722773142158985 0.057553958147764206
0 0.62574259378016 0.30485612206393853 0.027722773142158985 0.07014388649258763
0 0.6698020010953769 0.21492806245805696 0.02079207985661924 0.03776978503447026
0 0.6658416049322113 0.263489214645233 0.024752476019784808 0.044964029802940786
0 0.6846534867072478 0.3255395757732913 0.030693070264533162 0.07194244768470526
0 0.7188119036145508 0.23651079676346853 0.02970297122374177 0.055755396955646574
0 0.738118834909983 0.17625899682752788 0.018811881775036454 0.03956834622658789
0 0.744554478675127 0.13489208940882236 0.019801980815827847 0.043165468610823154
0 0.7222772502573207 0.356115116039291 0.03465346642769873 0.07194244768470526
0 0.7613861623685807 0.12679856404429302 0.013861386571079493 0.02697841788176447
0 0.767326756613329 0.15647482371423393 0.017821782734245062 0.043165468610823154
0 0.7846534898271784 0.13579137000488117 0.01683168369345367 0.04136690741870552
0 0.7816831927048042 0.17895683861570433 0.018811881775036454 0.04136690741870552
0 0.811386163928546 0.3651079219998792 0.03465346642769873 0.06834532530047
0 0.8074257677653804 0.28956835193093866 0.03267326834611595 0.07194244768470526
0 0.800000024959445 0.21043165947776288 0.019801980815827847 0.04676259099505842
0 0.8143564610509202 0.19154676696052775 0.014851485611870885 0.044964029802940786
0 0.8430693332338706 0.16187050729058683 0.01683168369345367 0.03597122384235263
0 0.8316831942647696 0.18435252219205722 0.015841584652662277 0.04136690741870552
0 0.8301980457035825 0.21312950126593933 0.018811881775036454 0.044964029802940786
0 0.8514851750805974 0.31294964742846787 0.023762376978993416 0.06474820291623473
0 0.8915841862326488 0.43705036968458444 0.028712872182950377 0.08633093722164631
0 0.9163366622524336 0.3444244682905264 0.028712872182950377 0.07014388649258763
0 0.8678218092536554 0.18435252219205722 0.01683168369345367 0.03776978503447026
0 0.8490099274786189 0.19604316994082183 0.024752476019784808 0.03597122384235263
0 0.8787128987023607 0.1654676296748221 0.01683168369345367 0.03956834622658789
0 0.8816831958247349 0.24910072510829195 0.024752476019784808 0.05935251933988184
0 0.9193069593748078 0.25539568928070366 0.022772277938202024 0.04676259099505842
0 0.9331683459458873 0.24190648033982143 0.01683168369345367 0.034172662650235
0 0.9371287421090528 0.20413669530535117 0.022772277938202024 0.034172662650235
0 0.9128713156096637 0.195143889344763 0.019801980815827847 0.04856115218717605
0 0.9321782469050959 0.17266187444329262 0.0128712875302881 0.028776979073882103
0 0.917326761293225 0.1663669102708809 0.0128712875302881 0.02338129549752921
0 0.9306930983439088 0.29406475491123274 0.03366336738690734 0.055755396955646574
0 0.8955445823958144 0.20773381768958643 0.024752476019784808 0.05215827457141131
0 0.7143564579309896 0.17446043563541025 0.028712872182950377 0.03956834622658789
0 0.5450495219556615 0.14118705358123407 0.01683168369345367 0.034172662650235
0 0.7049505170434713 0.2113309400738217 0.017821782734245062 0.044964029802940786
