0 0.1401515193283558 0.30083334061782807 0.024621212854981422 0.04500000108964741
0 0.18986742990091443 0.4516666776034981 0.061553032137453556 0.1300000031478703
0 0.28503788728266954 0.4841666783904657 0.05871212296187878 0.11833333619870245
0 0.4715909231454134 0.5433333464898169 0.06439394131302834 0.1300000031478703
0 0.46590910479426384 0.41750001010950655 0.05113636516034603 0.09500000230036676
0 0.22869318863376975 0.20500000496394932 0.016098485328257084 0.04000000096857548
0 0.3319128886796534 0.17416667088400573 0.01799242477864027 0.031666667433455586
0 0.38020834466442466 0.2133333384990692 0.02367424312978983 0.05000000121071935
0 0.470170468557626 0.2216666720341891 0.019886364229023457 0.043333334382623434
0 0.5146780456416309 0.2666666731238365 0.025568182580173016 0.05666666803881526
0 0.391098496504128 0.2000000048428774 0.02083333395421505 0.043333334382623434
0 0.5568181984126568 0.11416666943114251 0.024621212854981422 0.04500000108964741
0 0.5767045626416802 0.08166666864417493 0.011363636702299118 0.030000000726431608
0 0.6103219878859818 0.12750000308733433 0.01799242477864027 0.0383333342615515
0 0.6164772910997272 0.09750000236090273 0.01515151560306549 0.031666667433455586
0 0.63304926129058 0.12083333625923842 0.01799242477864027 0.04500000108964741
0 0.660984868183732 0.1300000031478703 0.024621212854981422 0.04666666779667139
0 0.6614583530463278 0.09083333553280681 0.016098485328257084 0.0383333342615515
0 0.6983901723288 0.13583333662245423 0.021780303679406643 0.04833333450369537
0 0.7324810824356973 0.05666666803881526 0.016098485328257084 0.033333334140479565
