0 0.06706349298474379 0.29600571433547884 0.021428571722935885 0.0499286747071892
0 0.2956349246960599 0.21255350089631975 0.0166666668956168 0.03138373838737607
0 0.3130952423962299 0.22039943549316376 0.015079365286510438 0.04422254045493901
0 0.3337301633146126 0.21897290193010122 0.01825396850472316 0.03851640620268881
0 0.33174603630322963 0.1947218313580379 0.019047619309276342 0.027104137698188424
0 0.3527777826238889 0.19258203101344407 0.019841270113829523 0.03423680551350117
0 0.35158730641705915 0.2218259690562263 0.019047619309276342 0.04136947332881391
0 0.366269846301293 0.24322397250216454 0.021428571722935885 0.04422254045493901
0 0.37658730676048435 0.20970043377019465 0.019841270113829523 0.03423680551350117
0 0.40992064055171795 0.24037090537603945 0.01825396850472316 0.04422254045493901
0 0.40555556112667546 0.2746077108895406 0.020634920918382704 0.047075607581064105
0 0.3956349260697607 0.15905849228147417 0.011904762068297714 0.024251070572063327
0 0.4123015929653775 0.19115549745038152 0.015079365286510438 0.03423680551350117
0 0.4369047679065261 0.19258203101344407 0.0166666668956168 0.03138373838737607
0 0.4206349264131859 0.15977175906300545 0.01587301609106362 0.03138373838737607
0 0.4376984187110793 0.16048502584453672 0.013492063677404076 0.02995720482431352
0 0.467063498479547 0.20185449917335063 0.019841270113829523 0.047075607581064105
0 0.44365079974522814 0.18758916354272515 0.01746031770016998 0.02995720482431352
0 0.4714285779045895 0.13480742170941085 0.012698412872850895 0.02139800344593823
0 0.4817460383637808 0.1469329569954425 0.01587301609106362 0.028530671261250973
0 0.4948412766389083 0.12410841998644173 0.011904762068297714 0.022824537009000778
0 0.5039682608912699 0.14122682274319232 0.01587301609106362 0.028530671261250973
0 0.5059523879026528 0.1526390912476927 0.015079365286510438 0.03138373838737607
0 0.5007936576730572 0.1804564957274124 0.014285714481957257 0.02995720482431352
0 0.5297619120392483 0.17689016181975603 0.0166666668956168 0.03423680551350117
0 0.5150793721550144 0.13266762136481702 0.012698412872850895 0.01997146988287568
0 0.5511904837621842 0.15477889159228653 0.015079365286510438 0.02995720482431352
0 0.5472222297394183 0.14621969021391124 0.013492063677404076 0.027104137698188424
0 0.5619047696236521 0.11911555251572281 0.01587301609106362 0.027104137698188424
0 0.563888896635035 0.15121255768463016 0.013492063677404076 0.028530671261250973
0 0.5531746107735671 0.18116976250894368 0.019047619309276342 0.037089872639626265
0 0.5686508014623541 0.22967190365307033 0.023015873332042247 0.048502141144126654
0 0.59007937318529 0.161198292626068 0.019841270113829523 0.03994293976575136
0 0.5876984207716305 0.15121255768463016 0.01825396850472316 0.03138373838737607
0 0.6146825481264386 0.11269615148194134 0.010317460459191352 0.022824537009000778
0 0.6257936593901832 0.11483595182653517 0.013492063677404076 0.02995720482431352
0 0.6186508021492045 0.14122682274319232 0.015079365286510438 0.03138373838737607
0 0.6420635008835234 0.15121255768463016 0.012698412872850895 0.03138373838737607
0 0.6500000089290552 0.14621969021391124 0.012698412872850895 0.02995720482431352
0 0.6555555645609275 0.11412268504500389 0.011111111263744533 0.03138373838737607
0 0.6730158822610974 0.10912981757428497 0.011111111263744533 0.018544936319813132
0 0.6777777870884165 0.12268188642337918 0.014285714481957257 0.037089872639626265
0 0.6146825481264386 0.21255350089631975 0.021428571722935885 0.048502141144126654
0 0.6150793735287152 0.25178317388053983 0.023809524136595428 0.0499286747071892
0 0.6595238185836934 0.19329529779497534 0.01746031770016998 0.03851640620268881
0 0.6710317552497145 0.2196861687116325 0.0166666668956168 0.03994293976575136
0 0.701587311225012 0.1084165507927537 0.014285714481957257 0.025677604135125875
0 0.7007936604204588 0.17902996216434985 0.019047619309276342 0.035663339076563716
0 0.7174603273160756 0.1833095628535375 0.014285714481957257 0.03851640620268881
0 0.7210317559365649 0.23466477112378925 0.019841270113829523 0.04422254045493901
0 0.6936508031794801 0.2560627745697275 0.022222222527489066 0.0499286747071892
0 0.7123015970864799 0.34308132191654295 0.03253968298668042 0.06419401033781469
0 0.7678571534052026 0.3580599243286997 0.030952381377574056 0.06276747677475214
0 0.7341269942116924 0.14835949055850506 0.014285714481957257 0.03423680551350117
0 0.7452381054754369 0.1362339552724734 0.012698412872850895 0.035663339076563716
0 0.7690476296120323 0.12696148711256683 0.012698412872850895 0.022824537009000778
0 0.7785714392666705 0.14764622377697378 0.012698412872850895 0.02995720482431352
0 0.7964285823691171 0.13980028918012977 0.013492063677404076 0.028530671261250973
0 0.8198412811034359 0.13409415492787957 0.012698412872850895 0.03138373838737607
0 0.8424603290332016 0.15406562481075525 0.011904762068297714 0.028530671261250973
0 0.8250000113330316 0.169044227222912 0.013492063677404076 0.035663339076563716
0 0.7928571537486278 0.16619116009678692 0.014285714481957257 0.027104137698188424
0 0.7976190585759468 0.20613409986253828 0.01587301609106362 0.04136947332881391
0 0.8194444557011593 0.1997146988287568 0.0166666668956168 0.037089872639626265
0 0.7531746135209687 0.1918687642319128 0.01746031770016998 0.03851640620268881
0 0.7333333434071392 0.1833095628535375 0.014285714481957257 0.03281027195043862
0 0.8238095351262018 0.2553495077881962 0.019047619309276342 0.05420827539637685
0 0.8428571544354782 0.22111270227469504 0.020634920918382704 0.045649074018001556
0 0.758730169152841 0.2532097074436024 0.023809524136595428 0.047075607581064105
0 0.7869047727144789 0.2853067126125097 0.02460317494114861 0.05420827539637685
0 0.8654762023652438 0.18687589676119387 0.015079365286510438 0.03994293976575136
0 0.8571428689174354 0.2303851704346016 0.01746031770016998 0.03851640620268881
0 0.8928571551223285 0.23181170399766415 0.01746031770016998 0.047075607581064105
0 0.9051587425929029 0.2225392358377576 0.013492063677404076 0.04279600689187646
0 0.8920635043177754 0.18188302929047495 0.01587301609106362 0.03851640620268881
0 0.905952393397456 0.17902996216434985 0.013492063677404076 0.03851640620268881
0 0.9115079490293283 0.14907275734003633 0.011904762068297714 0.03281027195043862
0 0.9492063622456044 0.1833095628535375 0.014285714481957257 0.027104137698188424
0 0.9484127114410512 0.19400856457650661 0.011111111263744533 0.03423680551350117
0 0.9345238223613705 0.2082739002071321 0.013492063677404076 0.03994293976575136
0 0.9515873146592639 0.22895863687153906 0.01587301609106362 0.04136947332881391
0 0.9230158856953494 0.27032811020035297 0.019047619309276342 0.047075607581064105
0 0.9115079490293283 0.3366619208827615 0.02460317494114861 0.05991440964862704
