0 0.20270270761102438 0.4780844151391648 0.04324324429035187 0.0762987012276426
0 0.3117117192596197 0.4951298696687445 0.04684684798121452 0.09415584406815469
0 0.12927928240969777 0.24188311665784568 0.018918919377028942 0.02922077919356525
0 0.3288288367912173 0.16071428556460887 0.02522522583603859 0.04220779216848314
0 0.4198198299854994 0.12418831157265231 0.012612612918019295 0.03409090905915946
0 0.44774775858968496 0.17207792191766202 0.014414414763450623 0.03246753243729472
0 0.4666666779667139 0.1801948050269857 0.01621621660888195 0.02922077919356525
0 0.490540552418679 0.15097402583342046 0.013513513840734959 0.02922077919356525
0 0.5175675801001489 0.14935064921155572 0.013513513840734959 0.03246753243729472
0 0.5382883013226092 0.16071428556460887 0.013513513840734959 0.025974025949835777
0 0.5662162299267948 0.15909090894274414 0.015315315686166286 0.025974025949835777
0 0.7621621806174517 0.11525974015239626 0.01621621660888195 0.04220779216848314
0 0.42657658690586686 0.15422077907714993 0.01171171199530363 0.022727272706106305
