0 0.09700000460725278 0.29579580295830965 0.07000000332482159 0.11711711995303631
0 0.19600000930950046 0.3363363444805145 0.04800000227987766 0.07207207381725311
0 0.2940000139642507 0.22822823375463486 0.05200000246986747 0.08408408612012863
0 0.41800001985393465 0.27777778450399637 0.04400000208988786 0.08108108304440975
0 0.48800002317875624 0.24024024605751038 0.05600000265985727 0.08408408612012863
0 0.5570000264560804 0.37087087985128164 0.05400000256486237 0.11111111380159855
0 0.6060000287834555 0.2597597660496831 0.04800000227987766 0.09309309534728527
0 0.6350000301608816 0.286786793731153 0.05400000256486237 0.11111111380159855
0 0.7330000348156318 0.24324324913322926 0.06600000313483179 0.10810811072587967
0 0.7940000377129763 0.3738738829270005 0.09200000436976552 0.12312312610447407
0 0.8140000386629254 0.49099100288003683 0.10000000474974513 0.15915916301310062
0 0.6090000289259478 0.4489489598199725 0.06600000313483179 0.11711711995303631
0 0.627000029780902 0.7282282458618283 0.10200000484474003 0.1471471507102251
0 0.5610000266460702 0.5900901043787599 0.09800000465475023 0.1351351384073496
0 0.4390000208513811 0.7552552735432982 0.12200000579468906 0.1771771814674139
0 0.17700000840704888 0.6411411566659808 0.1460000069346279 0.19519519992172718
