0 0.2974051891360432 0.21352312993258238 0.019960079807788134 0.03558718832209706
0 0.3418163667083718 0.20996441110037267 0.018962075817398727 0.03558718832209706
0 0.3572854285594076 0.24377224000636488 0.015968063846230507 0.042704625986516476
0 0.3722554884152487 0.1975088951876387 0.013972055865451694 0.03558718832209706
0 0.4161676639923826 0.2375444820499979 0.031936127692461014 0.05516014189925045
0 0.3872255482710898 0.1743772227782756 0.01796407182700932 0.03558718832209706
0 0.4296407178626396 0.15480426920112222 0.018962075817398727 0.03202846948988736
0 0.4481037916848436 0.21886120818089694 0.0299401197116822 0.04982206365093589
0 0.4456087817088701 0.17971530102659017 0.012974051875062287 0.03558718832209706
0 0.45858283358393237 0.15124555036891252 0.016966067836619914 0.024911031825467944
0 0.4780439113965258 0.15569394890917465 0.015968063846230507 0.030249110073782504
0 0.48752494930522516 0.22864768496947363 0.028942115721292794 0.05516014189925045
0 0.4930139712523669 0.17971530102659017 0.013972055865451694 0.03558718832209706
0 0.5064870251226239 0.18683273869100958 0.02095808379817754 0.03558718832209706
0 0.5179640710121021 0.1370106750400737 0.01796407182700932 0.02846975065767765
0 0.5379241508198902 0.20640569226816297 0.02395209576934576 0.042704625986516476
0 0.534930138848722 0.14145907358033583 0.015968063846230507 0.030249110073782504
0 0.5573852286324836 0.25266903708688915 0.028942115721292794 0.04982206365093589
0 0.57185628649313 0.28914590511703864 0.025948103750124574 0.05160142306704074
0 0.5499001987045631 0.14590747212059796 0.01197604788467288 0.03558718832209706
0 0.5558882226468995 0.14501779241254553 0.019960079807788134 0.03380782890599221
0 0.585329340363387 0.1307829170837067 0.016966067836619914 0.037366547738201916
0 0.5873253483441658 0.17615658219438046 0.016966067836619914 0.03558718832209706
0 0.6187624740414321 0.16814946482190862 0.015968063846230507 0.03380782890599221
0 0.6167664660606533 0.13879003445617855 0.013972055865451694 0.02846975065767765
0 0.6312375239212997 0.12277579971123487 0.0149700598558411 0.02846975065767765
0 0.6377245498588309 0.10320284613408148 0.013972055865451694 0.02846975065767765
0 0.6566866256762296 0.10854092438239604 0.015968063846230507 0.03202846948988736
0 0.634231535892468 0.2046263328520581 0.02095808379817754 0.03914590715430677
0 0.6267465059645474 0.2517793573788367 0.025948103750124574 0.058718860731460154
0 0.6776447094744071 0.10854092438239604 0.01197604788467288 0.02846975065767765
0 0.6906187613494694 0.1236654794192873 0.01197604788467288 0.026690391241572797
0 0.7105788411572576 0.12277579971123487 0.013972055865451694 0.02846975065767765
0 0.6611776436329819 0.25889679504325613 0.024950099759735167 0.048042704234831035
0 0.6686626735609025 0.22241992701310664 0.021956087788566947 0.042704625986516476
0 0.6986027932725847 0.17170818365411833 0.019960079807788134 0.04092526657041162
0 0.7005988012533635 0.193950176355429 0.019960079807788134 0.042704625986516476
0 0.7095808371668682 0.2339857632177882 0.019960079807788134 0.04448398540262133
0 0.761976046662312 0.12633451854344457 0.018962075817398727 0.02846975065767765
0 0.7375249488977715 0.16637010540580377 0.01796407182700932 0.03380782890599221
0 0.7255489010130987 0.28914590511703864 0.025948103750124574 0.058718860731460154
0 0.7490019947872497 0.19483985606348142 0.022954091778956354 0.037366547738201916
0 0.7604790406767279 0.16281138657359406 0.015968063846230507 0.03380782890599221
0 0.770459080580622 0.25978647475130856 0.025948103750124574 0.0569395013153553
0 0.7819361264701001 0.15124555036891252 0.018962075817398727 0.042704625986516476
0 0.7924151683691889 0.2980427021975629 0.031936127692461014 0.06227757956366986
0 0.8363273439463228 0.31316725723445415 0.025948103750124574 0.06761565781198442
0 0.8063872242346406 0.2206405675970018 0.01796407182700932 0.042704625986516476
0 0.7959081823355518 0.15480426920112222 0.012974051875062287 0.03202846948988736
0 0.8088822342106141 0.15302490978501737 0.012974051875062287 0.04626334481872618
0 0.8378243499319069 0.23220640380168334 0.022954091778956354 0.05160142306704074
0 0.8248502980568446 0.17882562131853774 0.0149700598558411 0.037366547738201916
0 0.8223552880808711 0.14323843299644068 0.013972055865451694 0.03380782890599221
0 0.8408183619030751 0.14946619095280766 0.0149700598558411 0.042704625986516476
0 0.8428143698838539 0.1903914575232193 0.012974051875062287 0.02846975065767765
0 0.8687624736339785 0.2010676140198484 0.018962075817398727 0.03914590715430677
0 0.884730537480209 0.15836298803333193 0.022954091778956354 0.042704625986516476
0 0.9126746492111124 0.1610320271574892 0.018962075817398727 0.030249110073782504
0 0.8942115753889084 0.2108540908084251 0.015968063846230507 0.026690391241572797
0 0.8827345294994302 0.26245551387546584 0.024950099759735167 0.05516014189925045
0 0.898203591350466 0.3451957267243415 0.03393213567323983 0.06049822014756501
0 0.9176646691630594 0.29893238190561533 0.024950099759735167 0.053380782483145595
0 0.9256487010861747 0.21530248934868723 0.0149700598558411 0.03558718832209706
0 0.9376247489708476 0.18149466044269502 0.016966067836619914 0.03558718832209706
0 0.716566865099594 0.15302490978501737 0.02395209576934576 0.03914590715430677
0 0.6571856276714243 0.1503558706608601 0.02694610774051398 0.04448398540262133
0 0.5004990011802875 0.13879003445617855 0.02095808379817754 0.03558718832209706
0 0.444111775723286 0.25622775591909885 0.03592814365401864 0.04626334481872618
0 0.39820359216537327 0.23665480234194547 0.013972055865451694 0.042704625986516476
0 0.9456087808939628 0.22153024730505422 0.0149700598558411 0.037366547738201916
0 0.39570858218939975 0.19306049664737657 0.0149700598558411 0.03380782890599221
