0 0.04050000192364678 0.47222223365679383 0.035000001662410796 0.052552553825080395
0 0.056500002683606 0.44669670751318336 0.02300000109244138 0.046546547673642635
0 0.03450000163866207 0.40540541522204876 0.03100000147242099 0.054054055362939835
0 0.10100000479724258 0.4069069167599082 0.03000000142492354 0.045045046135783195
0 0.10750000510597602 0.4474474582821131 0.029000001377426088 0.048048049211502075
0 0.15700000745709985 0.4039039136841893 0.028000001329928637 0.051051052287220955
0 0.1480000070296228 0.5345345474779606 0.050000002374872565 0.08108108304440975
0 0.26000001234933734 0.5075075197964907 0.04800000227987766 0.09009009227156639
0 0.2535000120406039 0.45720721827819943 0.035000001662410796 0.058558559976518154
0 0.30900001467671245 0.5052552674897015 0.03600000170990825 0.0675675692036748
0 0.33400001586414874 0.5180180305615067 0.034000001614913344 0.057057058438658714
0 0.3160000150091946 0.44219220289960504 0.03000000142492354 0.046546547673642635
0 0.3355000159353949 0.4076576675288379 0.029000001377426088 0.052552553825080395
0 0.364500017312821 0.4564564675092697 0.03300000156741589 0.054054055362939835
0 0.4030000191414729 0.4144144244492054 0.03000000142492354 0.048048049211502075
0 0.4135000196401961 0.26876877527683973 0.021000000997446477 0.039039039984345436
0 0.25800001225434244 0.6531531689688563 0.09000000427477062 0.14114114455878735
0 0.4270000202814117 0.4752252367325127 0.03800000180490315 0.058558559976518154
0 0.45300002151634544 0.4519519628956914 0.028000001329928637 0.051051052287220955
0 0.44500002113636583 0.4264264367520809 0.02200000104494393 0.039039039984345436
0 0.46900002227630466 0.3926426521502435 0.02200000104494393 0.043543544597923756
0 0.5190000246511772 0.38963964907452464 0.028000001329928637 0.043543544597923756
0 0.5160000245086849 0.42792793828994036 0.026000001234933734 0.042042043060064316
0 0.4955000235349871 0.5270270397886634 0.05300000251736492 0.09009009227156639
0 0.5120000243186951 0.5052552674897015 0.03000000142492354 0.07057057227939367
0 0.45900002180133015 0.5908408551476896 0.08400000398978591 0.16066066455096006
0 0.4285000203526579 0.8678678888827562 0.15900000755209476 0.2642642706632614
0 0.5660000268835574 0.39789790753275156 0.01600000075995922 0.036036036908626556
0 0.5845000277622603 0.4211711813695729 0.025000001187436283 0.037537538446485996
0 0.5870000278810039 0.45045046135783195 0.02400000113993883 0.045045046135783195
0 0.6000000284984708 0.5000000121071935 0.03200000151991844 0.07507507689297199
0 0.6340000301133841 0.5300300428643823 0.05600000265985727 0.10810811072587967
0 0.652500030992087 0.4677177290432155 0.027000001282431185 0.046546547673642635
0 0.6505000308970921 0.436936947517097 0.02300000109244138 0.036036036908626556
0 0.647000030730851 0.39714715676382184 0.026000001234933734 0.037537538446485996
0 0.6265000297571532 0.39414415368810296 0.01500000071246177 0.037537538446485996
0 0.6885000327019952 0.5112612736411393 0.035000001662410796 0.058558559976518154
0 0.7070000335806981 0.6043543689884245 0.09200000436976552 0.1276276307180524
0 0.7685000365017913 0.5518018151633441 0.05100000242237002 0.10060060303658247
0 0.7300000346731395 0.5030030151829123 0.04600000218488276 0.06906907074153423
0 0.7335000348393805 0.4699699813500047 0.0390000018524006 0.051051052287220955
0 0.7240000343881547 0.4286786890588701 0.02400000113993883 0.040540541522204876
0 0.7480000355280936 0.40840841829776764 0.028000001329928637 0.042042043060064316
0 0.7335000348393805 0.38213214138522744 0.02300000109244138 0.043543544597923756
0 0.7820000371430069 0.42342343367636204 0.028000001329928637 0.051051052287220955
0 0.8120000385679305 0.4474474582821131 0.03800000180490315 0.06606606766581535
0 0.8200000389479101 0.5127627751789987 0.050000002374872565 0.08258258458226919
0 0.8460000401828438 0.49624625826254487 0.034000001614913344 0.058558559976518154
0 0.878500041726511 0.3776276367716491 0.027000001282431185 0.040540541522204876
0 0.9415000447188504 0.4114114213734865 0.029000001377426088 0.057057058438658714
0 0.94950004509883 0.38288289215415716 0.02300000109244138 0.045045046135783195
0 0.9645000458112918 0.5885886028409004 0.07100000337231904 0.15015015378594398
0 0.9125000433414243 0.8235735935159028 0.17500000831205398 0.29879880603402853
