1 0.5111111234873533 0.20888889394700527 0.06444444600492716 0.15111111477017403
1 0.6627777938265353 0.22444444987922907 0.13444444769993424 0.2622222285717726
1 0.9133333554491401 0.14666667021811008 0.09333333559334278 0.17777778208255768
1 0.4827777894679457 0.2533333394676447 0.04111111210659146 0.08888889104127884
1 0.4305555659811944 0.24777778377756476 0.05000000121071935 0.10888889152556658
1 0.2822222290560603 0.29555556271225214 0.11111111380159855 0.2133333384990692
1 0.06388889043591917 0.24777778377756476 0.07222222397103906 0.13555555883795023
0 0.7916666858363897 0.22444444987922907 0.045555556658655405 0.10222222469747066
0 0.7288889065384865 0.24888889491558075 0.033333334140479565 0.08000000193715096
0 0.18000000435858965 0.31111111864447594 0.04444444552063942 0.1066666692495346
0 0.2138888940680772 0.2833333401940763 0.027777778450399637 0.06444444600492716
0 0.14388889237307012 0.27222222881391644 0.018888889346271753 0.04666666779667139
0 0.12722222530283034 0.2911111181601882 0.021111111622303724 0.04444444552063942
0 0.10111111355945468 0.29555556271225214 0.02222222276031971 0.04000000096857548
