0 0.03182179760187864 0.42082111397758126 0.023866348201408982 0.05571847502142191
0 0.23269689496373758 0.3431085040792823 0.019888623501174152 0.041055718436837196
0 0.2581543330452405 0.35703812283463776 0.023070803261362016 0.051319648046046495
0 0.2856006334768608 0.3760997063945979 0.020684168441221118 0.04838709672912955
0 0.2820206812466495 0.31598240439780056 0.019888623501174152 0.03665689146146178
0 0.3333333298796788 0.36730205244384706 0.02863961784169078 0.06304985331371427
0 0.37430389429209754 0.357771260663867 0.019888623501174152 0.03519061580300331
0 0.36674621736165136 0.3313782988116145 0.017501988681033254 0.03225806448608637
0 0.351630863500759 0.2983870964962989 0.019093078561127186 0.039589442778378725
0 0.4005568773136474 0.3519061580300331 0.023070803261362016 0.049853372387588024
0 0.44669848383637145 0.3497067445423454 0.02466189314145595 0.04545454541221261
0 0.3818615712225437 0.2668621698394418 0.01431980892084539 0.041055718436837196
0 0.39498806273331866 0.28299120208248496 0.015115353860892355 0.03519061580300331
0 0.40413682954385877 0.30498533695936203 0.01591089880093932 0.038123167119920254
0 0.42124104575486854 0.2895894425455481 0.015115353860892355 0.030791788827627897
0 0.43317421985557303 0.31598240439780056 0.01829753362108022 0.03665689146146178
0 0.46101829275721684 0.3123167152516544 0.016706443740986288 0.038123167119920254
0 0.41845663846470416 0.267595307668671 0.01431980892084539 0.030791788827627897
0 0.4498806635965593 0.2507331375963986 0.011933174100704491 0.03519061580300331
0 0.46101829275721684 0.2404692079871893 0.011933174100704491 0.029325513169169426
0 0.46300715510733426 0.2668621698394418 0.01591089880093932 0.03225806448608637
0 0.4904534555389546 0.2712609968148172 0.016706443740986288 0.03519061580300331
0 0.503977719519753 0.28885630471631885 0.01829753362108022 0.038123167119920254
0 0.5107398515101522 0.32404692051932216 0.017501988681033254 0.041055718436837196
0 0.5497215535724536 0.29545454517938197 0.02227525832131505 0.04252199409529567
0 0.5250596604309976 0.2617302050348371 0.01591089880093932 0.03665689146146178
0 0.5067621268099174 0.24926686193794012 0.01591089880093932 0.03519061580300331
0 0.5409705592319369 0.23313782969489694 0.01591089880093932 0.029325513169169426
0 0.5592680928530172 0.24780058627948165 0.01591089880093932 0.03225806448608637
0 0.5588703203829937 0.2280058648902923 0.013524263980798423 0.027859237510710955
0 0.5910898904548958 0.25439882674254477 0.01591089880093932 0.039589442778378725
0 0.5918854353949428 0.22727272706106305 0.01431980892084539 0.03225806448608637
0 0.6284805026371032 0.255131964571774 0.01591089880093932 0.03519061580300331
0 0.5998408847954124 0.21334310830570757 0.012728719040751457 0.03372434014454484
0 0.61097851395607 0.22140762442722917 0.012728719040751457 0.029325513169169426
0 0.6233094605267979 0.23020527837798 0.011933174100704491 0.029325513169169426
0 0.6420047666179016 0.22067448659799993 0.012728719040751457 0.024926686193794012
0 0.6392203593277372 0.23826979449950159 0.010342084220610559 0.024926686193794012
0 0.6547334856586531 0.23313782969489694 0.012728719040751457 0.029325513169169426
0 0.6698488395195454 0.2346041053533554 0.01431980892084539 0.03225806448608637
0 0.4904534555389546 0.4046920817345381 0.03261734254192561 0.07038123160600662
0 0.5326173373614438 0.41642228700220585 0.027844072901643813 0.061583577655255795
0 0.5298329300712794 0.3760997063945979 0.023866348201408982 0.04838709672912955
0 0.5839299859944731 0.33651026361621916 0.023866348201408982 0.04838709672912955
0 0.6197295082965866 0.3130498530808836 0.019093078561127186 0.04252199409529567
0 0.634049317217432 0.34017595276236534 0.019093078561127186 0.04692082107067108
0 0.5982497949153185 0.3841642225161195 0.025457438081502914 0.05278592370450497
0 0.5966587050352246 0.4420821110252291 0.03659506724216044 0.0718475072644651
0 0.6527446233085357 0.46407624590210617 0.03420843242201954 0.06891495594754815
0 0.643993628968019 0.3739002929069102 0.02625298302154988 0.061583577655255795
0 0.6758154265698977 0.35923753632232547 0.023070803261362016 0.05865102633833885
0 0.6567223480087705 0.2815249264240265 0.016706443740986288 0.038123167119920254
0 0.6865552832605317 0.25806451588869095 0.017501988681033254 0.03519061580300331
0 0.714797128632199 0.255131964571774 0.013524263980798423 0.03225806448608637
0 0.7056483618216589 0.2998533721547574 0.019093078561127186 0.039589442778378725
0 0.7287191650830209 0.2771260994486511 0.012728719040751457 0.038123167119920254
0 0.7251392128528096 0.22873900271952152 0.013524263980798423 0.029325513169169426
0 0.7474144711741246 0.2873900290578604 0.016706443740986288 0.03519061580300331
0 0.7621320525649935 0.23533724318258464 0.01431980892084539 0.03372434014454484
0 0.7895783529966138 0.24999999976716936 0.015115353860892355 0.039589442778378725
0 0.7442322914139368 0.25806451588869095 0.011933174100704491 0.02346041053533554
0 0.7549721481045708 0.2668621698394418 0.012728719040751457 0.03519061580300331
0 0.7227525780326687 0.41202346002683043 0.02625298302154988 0.05865102633833885
0 0.7000795472413301 0.5197947209235281 0.03818615712225437 0.0865102638490498
0 0.8134447011980228 0.5483870962634683 0.03579952230211347 0.07624633423984051
0 0.7700875019654632 0.4171554248314351 0.02863961784169078 0.05718475067988038
0 0.7911694428767078 0.3760997063945979 0.02625298302154988 0.05718475067988038
0 0.8253778752987273 0.4567448676098138 0.03261734254192561 0.06598240463063121
0 0.8886236980324611 0.47360703768208623 0.03500397736206651 0.07331378292292356
0 0.8898170154425316 0.4068914952222258 0.023070803261362016 0.06304985331371427
0 0.854813038080465 0.3665689146146178 0.02466189314145595 0.05278592370450497
0 0.833333324699197 0.4171554248314351 0.02466189314145595 0.05425219936296344
0 0.7923627602867782 0.3108504395931959 0.017501988681033254 0.038123167119920254
0 0.8229912404785864 0.3167155422270298 0.016706443740986288 0.041055718436837196
0 0.8329355522291735 0.292521993862465 0.01591089880093932 0.03372434014454484
0 0.8206046056584455 0.26612903201021254 0.013524263980798423 0.03665689146146178
0 0.8377088218694553 0.27052785898558795 0.012728719040751457 0.027859237510710955
0 0.8496419959701598 0.2529325510840863 0.012728719040751457 0.03372434014454484
0 0.8703261644113809 0.29545454517938197 0.01591089880093932 0.039589442778378725
0 0.8504375409102067 0.3225806448608637 0.017501988681033254 0.041055718436837196
0 0.902545734483283 0.3636363632977009 0.016706443740986288 0.041055718436837196
0 0.9005568721331656 0.3306451609823853 0.01431980892084539 0.03372434014454484
0 0.9108989563537762 0.2903225803747773 0.012728719040751457 0.026392961852252483
0 0.9089100940036587 0.32184750703163445 0.011933174100704491 0.03372434014454484
