0 0.25555556174367666 0.5692567705409601 0.06222222372889519 0.11824324610643089
0 0.07333333510905504 0.8479729935061187 0.09333333559334278 0.15540540916845202
0 0.384444453753531 0.8682432642672211 0.07555555738508701 0.1283783814869821
0 0.47777778934687376 0.9493243473116308 0.08888889104127884 0.10135135380551219
0 0.2666666731238365 0.8986486704088748 0.09333333559334278 0.1351351384073496
0 0.5611111246980727 0.8665540750371292 0.08222222421318293 0.12500000302679837
0 0.6488889046013355 0.9239865088602528 0.06666666828095913 0.13851351686753333
0 0.7055555726401508 0.9324324550107121 0.07333333510905504 0.1351351384073496
0 0.845555576030165 0.9172297519398853 0.08222222421318293 0.15202703070826828
0 0.9344444670714438 0.9273648873204365 0.09555555786937475 0.12500000302679837
