0 0.08740234375 0.27598828700138256 0.1083984375 0.18887262081261724
0 0.1474609375 0.14275256224209443 0.05859375 0.09809663251508027
0 0.24072265625 0.14348462666384876 0.0537109375 0.09663250367157161
0 0.310546875 0.24450951686594635 0.10546875 0.1610541727859527
0 0.4921875 0.37481698393821716 0.134765625 0.26647144951857626
0 0.427734375 0.16983894584700465 0.068359375 0.1083455344196409
0 0.50634765625 0.13543191802455112 0.0634765625 0.11273792095016688
0 0.6787109375 0.31405563693260774 0.123046875 0.2240117130568251
0 0.70263671875 0.19180087849963456 0.0830078125 0.1346998536027968
0 0.82470703125 0.15519765741191804 0.0791015625 0.1229868228547275
