0 0.08437499811407179 0.5212499883491546 0.04624999896623194 0.10749999759718776
0 0.08312499814201146 0.3462499922607094 0.04124999907799065 0.09249999793246388
0 0.16062499640975147 0.2512499943841249 0.038749999133870006 0.09749999782070518
0 0.18187499593477696 0.5324999880976975 0.05124999885447323 0.10499999765306711
0 0.27562499383930117 0.5262499882373959 0.04874999891035259 0.0874999980442226
0 0.3637499918695539 0.5487499877344817 0.047499998938292265 0.09749999782070518
0 0.4518749898998067 0.5412499879021198 0.04124999907799065 0.10749999759718776
0 0.5406249879160896 0.5324999880976975 0.038749999133870006 0.09499999787658453
0 0.6412499856669456 0.5049999887123704 0.03999999910593033 0.10499999765306711
0 0.7324999836273491 0.5162499884609133 0.04999999888241291 0.09749999782070518
0 0.8187499816995114 0.5387499879579991 0.047499998938292265 0.11749999737367034
0 0.9137499795760959 0.5424999878741801 0.042499999050050974 0.10499999765306711
0 0.8824999802745879 0.3724999916739762 0.03749999916180968 0.09999999776482582
0 0.7999999821186066 0.3362499924842268 0.03749999916180968 0.0874999980442226
0 0.728124983725138 0.356249992037192 0.04124999907799065 0.0824999981559813
0 0.6443749855970964 0.3887499913107604 0.04624999896623194 0.11249999748542905
0 0.5474999877624214 0.37124999170191586 0.03249999927356839 0.0874999980442226
0 0.47812498931307346 0.4124999907799065 0.04124999907799065 0.1099999975413084
0 0.40249999100342393 0.3787499915342778 0.04499999899417162 0.0874999980442226
0 0.31187499302905053 0.38749999133870006 0.05374999879859388 0.10499999765306711
0 0.21562499518040568 0.391249991254881 0.038749999133870006 0.10249999770894647
0 0.22937499487306923 0.24999999441206455 0.04124999907799065 0.09999999776482582
0 0.317499992903322 0.24374999455176294 0.03749999916180968 0.0874999980442226
0 0.36624999181367457 0.23874999466352165 0.03749999916180968 0.09749999782070518
0 0.4243749905144796 0.21749999513849616 0.04124999907799065 0.08499999810010195
0 0.4899999890476465 0.22749999491497874 0.03749999916180968 0.07499999832361937
0 0.5562499875668436 0.21624999516643584 0.042499999050050974 0.0824999981559813
0 0.6262499860022217 0.2312499948311597 0.03999999910593033 0.09249999793246388
0 0.6956249844515696 0.23874999466352165 0.038749999133870006 0.09249999793246388
0 0.7293749836971983 0.15624999650754035 0.04124999907799065 0.07749999826774001
0 0.7981249821605161 0.10874999756924808 0.0437499990221113 0.0874999980442226
0 0.5831249869661406 0.10749999759718776 0.038749999133870006 0.08499999810010195
0 0.5118749885587022 0.14124999684281647 0.03624999918974936 0.10249999770894647
0 0.42812499043066055 0.12749999715015292 0.03624999918974936 0.08499999810010195
0 0.3268749926937744 0.10874999756924808 0.04124999907799065 0.0874999980442226
0 0.26312499411869794 0.11249999748542905 0.04124999907799065 0.08499999810010195
0 0.20999999530613422 0.11124999751336873 0.03499999921768904 0.0824999981559813
