0 0.31700001505669206 0.4738562146667391 0.0780000037048012 0.13725490355864167
0 0.36000001709908247 0.6176470660138875 0.09600000455975533 0.16339869471266866
0 0.34000001614913344 0.3741830108920112 0.04400000208988786 0.08823529514484107
0 0.5070000240812078 0.6290849746437743 0.08200000389479101 0.14052287745289505
0 0.5840000277385116 0.604575170436874 0.09600000455975533 0.16339869471266866
0 0.5900000280234963 0.35947712836787105 0.06400000303983688 0.11111111240461469
0 0.7010000332957134 0.5147058883449063 0.10200000484474003 0.2058823553379625
0 0.7930000376654789 0.6552287657978013 0.11800000560469925 0.2058823553379625
0 0.6920000328682363 0.32026144163683057 0.06800000322982669 0.14379085134714842
0 0.7450000353856012 0.3415032719494775 0.042000001994892955 0.09477124293334782
