0 0.06289307959377766 0.5521126566454768 0.041928719729185104 0.05633802618831396
0 0.07651991350576282 0.4647887160535902 0.027253667823970318 0.03943661833181977
0 0.1331236851401627 0.4732394199818373 0.03144653979688883 0.04507042095065117
0 0.16142557095736265 0.5183098409324884 0.029350103810429573 0.050704223569482565
0 0.19077567476779222 0.6366196959279478 0.046121591702103615 0.06760563142597675
0 0.1593291349709034 0.6746478636050597 0.041928719729185104 0.07042253273539245
0 0.24004192044958472 0.5957746269414201 0.03563941176980734 0.05915492749772966
0 0.27987420419231057 0.45774646278005093 0.027253667823970318 0.036619717022404075
0 0.39727461943402886 0.4591549134347588 0.023060795851051807 0.03943661833181977
0 0.4182389792986214 0.5098591370042413 0.023060795851051807 0.03380281571298838
0 0.5020964187569916 0.45492956147063524 0.023060795851051807 0.04225351964123547
0 0.5167714706622064 0.5014084330759943 0.027253667823970318 0.04507042095065117
0 0.5387840485200286 0.5521126566454768 0.029350103810429573 0.03943661833181977
0 0.6352201038971543 0.494366179802455 0.029350103810429573 0.04225351964123547
0 0.6855345675721765 0.5478873046813533 0.033542975783348083 0.04788732226006687
0 0.7903563668951392 0.49295772914774716 0.041928719729185104 0.06197182880714536
0 0.9098532181233168 0.7450703963404521 0.06289307959377766 0.09859154582954943
