0 0.10498046875 0.7401961002324242 0.0390625 0.06601307383971289
0 0.133544921875 0.7313725705607794 0.03076171875 0.052287583239376545
0 0.22314453125 0.7784313954762183 0.0751953125 0.09281046024989337
0 0.255126953125 0.7232026356796268 0.05322265625 0.06993464258266613
0 0.4130859375 0.7003268180123996 0.033203125 0.05947712593479082
0 0.454833984375 0.7019608049886301 0.03369140625 0.052287583239376545
0 0.509033203125 0.7150327007984743 0.04443359375 0.06274509988725185
0 0.57958984375 0.7094771450792905 0.0458984375 0.0673202634206973
0 0.617431640625 0.7091503476840444 0.04052734375 0.06274509988725185
0 0.68212890625 0.7500000220898073 0.0634765625 0.09346405504038557
0 0.6611328125 0.6898693013645243 0.0302734375 0.04248366138199344
0 0.7099609375 0.7065359685220756 0.044921875 0.06928104779217392
0 0.782470703125 0.6977124388504308 0.03662109375 0.050326798867899925
0 0.8017578125 0.7277777992130723 0.0458984375 0.07516340090660378
0 0.8369140625 0.7555555778089911 0.0673828125 0.09150327066890895
0 0.970947265625 0.717320282565197 0.05810546875 0.09738562378333881
