0 0.5908333476400003 0.824999981559813 0.08833333547227085 0.14999999664723873
0 0.5975000144680962 0.6824999847449362 0.06500000157393515 0.1149999974295497
0 0.6325000153155997 0.592499986756593 0.04500000108964741 0.06999999843537807
0 0.6550000158604234 0.5474999877624214 0.04000000096857548 0.07999999821186066
0 0.5641666803276166 0.5387499879579991 0.031666667433455586 0.05749999871477485
0 0.532500012894161 0.588749986840412 0.0383333342615515 0.06249999860301614
0 0.535000012954697 0.5562499875668436 0.033333334140479565 0.052499998826533556
0 0.4533333443105221 0.6562499853316694 0.06666666828095913 0.11249999748542905
0 0.46250001119915396 0.6162499862257391 0.041666667675599456 0.06749999849125743
0 0.4291666770586744 0.43624999024905264 0.01833333377726376 0.03749999916180968
0 0.37000000895932317 0.4399999901652336 0.023333333898335695 0.03999999910593033
0 0.4116666766349226 0.5274999882094562 0.02666666731238365 0.03999999910593033
0 0.3458333417074755 0.5374999879859388 0.03500000084750354 0.0549999987706542
0 0.31083334085997194 0.5562499875668436 0.03500000084750354 0.052499998826533556
0 0.2825000068405643 0.5649999873712659 0.04500000108964741 0.07999999821186066
0 0.23250000562984496 0.5512499876786023 0.031666667433455586 0.052499998826533556
0 0.21583333855960518 0.5737499871756881 0.0383333342615515 0.052499998826533556
0 0.20916667173150927 0.5249999882653356 0.0383333342615515 0.04999999888241291
0 0.14166667009703815 0.6387499857228249 0.06333333486691117 0.0824999981559813
0 0.12833333644084632 0.5712499872315675 0.04000000096857548 0.05749999871477485
0 0.15000000363215804 0.5562499875668436 0.033333334140479565 0.052499998826533556
0 0.07333333510905504 0.5424999878741801 0.033333334140479565 0.04499999899417162
0 0.022500000544823706 0.5837499869521707 0.03500000084750354 0.06249999860301614
0 0.25750000623520464 0.8774999803863466 0.11833333619870245 0.19499999564141035
0 0.8116666863206774 0.5387499879579991 0.030000000726431608 0.06249999860301614
0 0.8375000202795491 0.5399999879300594 0.0383333342615515 0.06999999843537807
0 0.9175000222167 0.6424999856390059 0.05500000133179128 0.1099999975413084
0 0.9566666898317635 0.6562499853316694 0.06333333486691117 0.10749999759718776
0 0.9766666903160512 0.5987499866168946 0.043333334382623434 0.07749999826774001
