0 0.6613150067278184 0.3283410135190934 0.14220183959696442 0.2788018430583179
0 0.3998471081140451 0.37903225771151483 0.11467890290077776 0.14516129018738866
0 0.22324159764684737 0.33294930844567716 0.08256881008855999 0.1267281104810536
0 0.17201835435116664 0.33294930844567716 0.06574923766311258 0.08525345614179969
0 0.13532110542291775 0.355990783078596 0.044342509121634066 0.08064516121521592
0 0.10550459066871554 0.3283410135190934 0.039755353005602956 0.05760368658229709
0 0.5665137803298421 0.355990783078596 0.03211009281221777 0.07142857136204839
0 0.5137614849954844 0.36866359412670135 0.01834862446412444 0.036866359412670135
0 0.4785932881059125 0.36866359412670135 0.030581040773540735 0.05990783404558897
0 0.7370030826423317 0.38479262636974454 0.05504587339237332 0.11981566809117794
0 0.7859327478799969 0.36635944666340947 0.039755353005602956 0.07373271882534027
0 0.9013761768001132 0.3698156678583473 0.0749235498951748 0.12211981555446982
