0 0.17345132678747177 0.4416167829185724 0.04955752193927765 0.08682635053992271
0 0.22743362747132778 0.6646706834435463 0.12920353934168816 0.23952096700668335
0 0.26991150341928005 0.45658684335649014 0.047787610441446304 0.08682635053992271
0 0.46194690093398094 0.5284431334584951 0.0672566369175911 0.12275449559092522
0 0.44513274170458317 0.4685628917068243 0.044247787445783615 0.07485030218958855
0 0.4955752193927765 0.3697604928165674 0.04247787594795227 0.07485030218958855
0 0.5982300862669945 0.5419161878526211 0.0672566369175911 0.12574850767850876
0 0.623893802985549 0.4940119944512844 0.047787610441446304 0.10179641097784042
0 0.739823006093502 0.49700600653886795 0.04955752193927765 0.08982036262750626
0 0.8053097315132618 0.30239522084593773 0.03539822995662689 0.071856290102005
0 0.9176991116255522 0.28742516040802 0.051327433437108994 0.08383233845233917
