0 0.32437812467105687 0.1972318401094526 0.017910448601469398 0.03460207721218467
0 0.3497512601898052 0.1548442955245264 0.020895523368380964 0.0363321810727939
0 0.49104479915695265 0.19896194397006184 0.026865672902204096 0.05536332353949547
0 0.5626865935628302 0.1972318401094526 0.020895523368380964 0.0415224926546216
0 0.605970177683048 0.24653980013681576 0.02587064797990024 0.0467128042364493
0 0.6104477898334153 0.1972318401094526 0.020895523368380964 0.0415224926546216
0 0.6542288864147849 0.17474048992153257 0.028855722746811807 0.06574394670315087
0 0.6786069970112294 0.21366782678524032 0.02388059813529253 0.05017301195766777
0 0.74328361696098 0.2742214619065635 0.029850747669115663 0.053633219678886235
0 0.7781094892416149 0.2915225005126558 0.037810947047546506 0.07439446600619704
0 0.7945274004596286 0.2577854752307758 0.024875623057596385 0.051903115818277
0 0.8149254113668576 0.21885813836706802 0.02388059813529253 0.053633219678886235
0 0.8313433225848712 0.2603806310216896 0.020895523368380964 0.05017301195766777
0 0.9019900920684449 0.2785467215580866 0.028855722746811807 0.058823531260713935
0 0.9144279035972431 0.32439447386423126 0.035820897202938795 0.07439446600619704
