0 0.16416667064186186 0.1812499959487468 0.12500000302679837 0.21749999513849616
0 0.19250000466126949 0.07749999826774001 0.06833333498798311 0.09999999776482582
0 0.2516666727606207 0.07374999835155904 0.05000000121071935 0.07749999826774001
0 0.3508333418285474 0.04499999899417162 0.0383333342615515 0.0549999987706542
0 0.38666667602956295 0.09749999782070518 0.05666666803881526 0.09999999776482582
0 0.43916667730081826 0.06374999857507646 0.051666667917743325 0.0824999981559813
0 0.4141666766954586 0.026249999413266778 0.031666667433455586 0.042499999050050974
0 0.4916666785720736 0.042499999050050974 0.030000000726431608 0.06499999854713678
0 0.537500013015233 0.20499999541789293 0.13500000326894224 0.2799999937415123
0 0.5916666809935123 0.038749999133870006 0.043333334382623434 0.06749999849125743
0 0.537500013015233 0.07999999821186066 0.061666668159887195 0.08999999798834324
0 0.6425000155577436 0.056249998742714524 0.0383333342615515 0.09249999793246388
0 0.8825000213691965 0.3787499915342778 0.23500000569038093 0.49749998888000846
