0 0.21213809080654755 0.3606719512026757 0.05011136003304273 0.09683794854208827
0 0.3290645975503139 0.1996047510765493 0.01893095823470503 0.03557312395423651
0 0.36804009979823604 0.12252964917570353 0.01893095823470503 0.03162055462598801
0 0.4114699451602064 0.18577075842767954 0.014476615120656788 0.027667985297739506
0 0.43040090339491144 0.17193676577880979 0.01670378667768091 0.03557312395423651
0 0.44042317540152 0.14328063814900815 0.012249443563632667 0.03359683929011226
0 0.45267261896515265 0.14426878048107028 0.010022272006608546 0.023715415969491005
0 0.4716035771998577 0.15513834613375366 0.014476615120656788 0.03359683929011226
0 0.46158130519324914 0.17094862344674766 0.01670378667768091 0.029644269961863756
0 0.4649220625287853 0.20158103574067354 0.01893095823470503 0.03162055462598801
0 0.46380847675027326 0.14031621115282178 0.014476615120656788 0.023715415969491005
0 0.4866369852097705 0.14624506514519453 0.015590200899168849 0.027667985297739506
0 0.5094654936692677 0.14426878048107028 0.012249443563632667 0.023715415969491005
0 0.4972160501056351 0.13636364182457328 0.010022272006608546 0.019762846641242504
0 0.5222717301221564 0.13043478783220053 0.013363029342144728 0.027667985297739506
0 0.5222717301221564 0.18675890075974166 0.015590200899168849 0.03359683929011226
0 0.5434298599138856 0.1956521817483008 0.02004454401321709 0.03557312395423651
0 0.5439866528031416 0.1571146307978779 0.012249443563632667 0.029644269961863756
0 0.570155918598175 0.13438735716044903 0.013363029342144728 0.03162055462598801
0 0.5796213977155276 0.12845850316807628 0.01670378667768091 0.03162055462598801
0 0.5991091488394886 0.13833992648869753 0.01781737245619297 0.03162055462598801
0 0.5851893266080879 0.16205534245818853 0.01670378667768091 0.03557312395423651
0 0.6208240715204738 0.17094862344674766 0.01893095823470503 0.03359683929011226
0 0.6169265212956816 0.10671937186270952 0.011135857785120606 0.023715415969491005
0 0.642538994201459 0.12252964917570353 0.013363029342144728 0.027667985297739506
0 0.6520044733188115 0.1413043534848839 0.014476615120656788 0.025691700633615255
0 0.6586859879898839 0.11462451051920652 0.010022272006608546 0.023715415969491005
0 0.6692650528857484 0.1175889375153929 0.011135857785120606 0.021739131305366755
0 0.6904231826774776 0.11264822585508227 0.013363029342144728 0.03162055462598801
0 0.7110245195799507 0.1215415068436414 0.012249443563632667 0.025691700633615255
0 0.5957683915039524 0.2430830136872828 0.022271715570241213 0.05138340126723051
0 0.6330735150841065 0.2114624590612948 0.023385301348753273 0.05138340126723051
0 0.660913159546908 0.22035574004985392 0.021158129791729152 0.05335968593135476
0 0.6675946742179804 0.20652174740098417 0.01893095823470503 0.03359683929011226
0 0.6887528040097095 0.1729249081108719 0.01893095823470503 0.03359683929011226
0 0.7099109338014387 0.18181818909943104 0.01670378667768091 0.03162055462598801
0 0.7416481284890324 0.20652174740098417 0.024498887127265334 0.04545454727485776
0 0.7405345427105203 0.17490119277499616 0.015590200899168849 0.03754940861836076
0 0.7550111578311771 0.14328063814900815 0.013363029342144728 0.025691700633615255
0 0.7594655009452254 0.1333992148283869 0.011135857785120606 0.021739131305366755
0 0.7689309800625779 0.1798419044353068 0.01670378667768091 0.03952569328248501
0 0.7800668378476985 0.14426878048107028 0.014476615120656788 0.03557312395423651
0 0.7978842103038915 0.16699605411849916 0.014476615120656788 0.03359683929011226
0 0.807349689421244 0.15810277312994003 0.013363029342144728 0.03162055462598801
0 0.8273942334344611 0.1333992148283869 0.013363029342144728 0.029644269961863756
0 0.826280647655949 0.1808300467673689 0.015590200899168849 0.03754940861836076
0 0.8407572627766058 0.1877470430918038 0.015590200899168849 0.03162055462598801
0 0.8095768609782681 0.2035573204047978 0.01781737245619297 0.03557312395423651
0 0.788975524075795 0.21837945538572967 0.01893095823470503 0.04150197794660926
0 0.715478862693999 0.16798419645056129 0.01670378667768091 0.027667985297739506
0 0.8697104930179194 0.2905138456262648 0.02004454401321709 0.05138340126723051
0 0.8853006939170882 0.23023716337047517 0.01781737245619297 0.04150197794660926
0 0.8925390014774166 0.20553360506892204 0.021158129791729152 0.03952569328248501
0 0.8736080432427116 0.1571146307978779 0.010022272006608546 0.029644269961863756
0 0.8502227418939583 0.15217391913756728 0.012249443563632667 0.03162055462598801
0 0.9170378886046819 0.17885376210324466 0.014476615120656788 0.03359683929011226
0 0.9381960183964111 0.19466403941623867 0.012249443563632667 0.029644269961863756
0 0.9376392255071551 0.17193676577880979 0.011135857785120606 0.019762846641242504
0 0.917594681493938 0.2667984296567738 0.01781737245619297 0.04743083193898201
