0 0.40727273002266884 0.3728571388637647 0.13454545545391738 0.23142856894992292
0 0.28181818372104317 0.49285713757853955 0.04727272759191692 0.08285714196972549
0 0.18000000121537596 0.4714285663794726 0.04727272759191692 0.07999999914318323
0 0.2045454559265636 0.46857142355293036 0.03090909111779183 0.06285714218392968
0 0.21909091057023033 0.4114285670220852 0.03090909111779183 0.06285714218392968
0 0.17454545572400093 0.40857142419554293 0.03636363660916686 0.057142856530845165
0 0.17000000114785507 0.3342857107054442 0.03090909111779183 0.057142856530845165
0 0.12000000081025064 0.3785714245168492 0.025454545626416802 0.04857142805121839
0 0.1118181825731881 0.35142856766469777 0.020000000135041773 0.039999999571591616
0 0.0990909097599797 0.37428571027703583 0.02363636379595846 0.04571428522467613
0 0.07909090962493792 0.4014285671291873 0.03454545477870852 0.059999999357387424
0 0.05363636399852112 0.4171428526751697 0.03090909111779183 0.05142857087776065
0 0.057272727659437805 0.4714285663794726 0.038181818439625204 0.0685714278370142
0 0.016363636474125087 0.45857142366003245 0.02909090928733349 0.07714285631664097
0 0.015454545558895916 0.398571424302645 0.02363636379595846 0.04857142805121839
0 0.04272727301577106 0.3971428528893739 0.02363636379595846 0.04571428522467613
0 0.2590909108403139 0.2842857112409547 0.020000000135041773 0.042857142398133874
0 0.2681818199926056 0.40428570995572954 0.027272727456875145 0.05428571370430291
0 0.30545454751700163 0.43857142387423664 0.04000000027008355 0.09428571327589452
0 0.3418181841261685 0.42857142398133874 0.032727272948250175 0.07428571349009871
0 0.32090909307589754 0.3928571386495605 0.020000000135041773 0.042857142398133874
0 0.29818182019516826 0.3628571389708668 0.021818181965500116 0.05142857087776065
0 0.344545456871856 0.3585714247310534 0.016363636474125087 0.042857142398133874
0 0.4763636395800859 0.37428571027703583 0.02909090928733349 0.057142856530845165
0 0.4945454578846693 0.4328571382211521 0.03636363660916686 0.07142857066355646
0 0.46727273042779416 0.475714280619286 0.050909091252833605 0.07714285631664097
0 0.48000000324100256 0.40999999560881406 0.02909090928733349 0.059999999357387424
0 0.5327272763242945 0.4114285670220852 0.02909090928733349 0.06285714218392968
0 0.5218181853415444 0.28142856841441244 0.021818181965500116 0.04857142805121839
0 0.4827272759866901 0.32714285363908857 0.020000000135041773 0.042857142398133874
0 0.6509090953040868 0.4357142810476944 0.04727272759191692 0.07714285631664097
0 0.6381818224908784 0.4014285671291873 0.02909090928733349 0.05428571370430291
0 0.6163636405253783 0.39428571006283164 0.025454545626416802 0.06285714218392968
0 0.6409090952365659 0.29285713972058147 0.027272727456875145 0.04857142805121839
0 0.6390909134061076 0.24285714025609195 0.027272727456875145 0.05142857087776065
0 0.6827272773371078 0.2857142826542258 0.027272727456875145 0.06285714218392968
0 0.6900000046589412 0.25285714014898986 0.02363636379595846 0.04857142805121839
0 0.7009090956416912 0.3371428535319865 0.03090909111779183 0.05142857087776065
0 0.7390909140813164 0.35142856766469777 0.027272727456875145 0.057142856530845165
0 0.7681818233686499 0.3914285672362894 0.045454545761458576 0.07428571349009871
0 0.7936363689950667 0.36142856755759567 0.03090909111779183 0.059999999357387424
0 0.8018181872321293 0.3328571392921731 0.025454545626416802 0.04857142805121839
0 0.7700000051991083 0.26714285428170115 0.02363636379595846 0.04857142805121839
0 0.7400000049965456 0.30714285385329276 0.021818181965500116 0.042857142398133874
0 0.8381818238412961 0.23285714036319405 0.025454545626416802 0.04857142805121839
0 0.8209090964519419 0.23857142601627856 0.02363636379595846 0.04857142805121839
0 0.8700000058743171 0.29285713972058147 0.04181818210054189 0.07714285631664097
0 0.874545460450463 0.254285711562261 0.04000000027008355 0.057142856530845165
0 0.9345454608555883 0.25285714014898986 0.032727272948250175 0.07142857066355646
0 0.9872727339388803 0.2499999973224476 0.025454545626416802 0.05428571370430291
