0 0.11509785876842216 0.47083334473427385 0.04566635692026466 0.09833333571441472
0 0.25582479540025815 0.2908333403756842 0.01397949701640755 0.025000000605359674
0 0.27120224211830646 0.27916667342651635 0.014911463484168053 0.02833333401940763
0 0.3033550852560438 0.2616666730027646 0.015843429951928556 0.033333334140479565
0 0.31453868286916986 0.2841666735475883 0.015843429951928556 0.02833333401940763
0 0.35181734157959 0.25666667288169265 0.015843429951928556 0.030000000726431608
0 0.31733458227245137 0.22583333880174905 0.01397949701640755 0.031666667433455586
0 0.3410997272003442 0.22083333868067712 0.013047530548647046 0.025000000605359674
0 0.35321529128123075 0.22750000550877303 0.013047530548647046 0.02833333401940763
0 0.36952470446703956 0.24083333916496485 0.017707362887449563 0.031666667433455586
0 0.41192917875014246 0.23250000562984496 0.01677539641968906 0.0383333342615515
0 0.4319664578069933 0.2758333400124684 0.021435228758491576 0.041666667675599456
0 0.38676608412060887 0.20166667154990137 0.014911463484168053 0.02666666731238365
0 0.40447344700805843 0.17833333765156567 0.014911463484168053 0.023333333898335695
0 0.42264679312938824 0.1908333379542455 0.015843429951928556 0.021666667191311717
0 0.44268407218623906 0.20500000496394932 0.01677539641968906 0.030000000726431608
0 0.4645852841786109 0.2508333394071087 0.023299161694012582 0.0383333342615515
0 0.4673811835818924 0.20416667161043733 0.01957129582297057 0.03500000084750354
0 0.4492078374605626 0.17333333753049374 0.013047530548647046 0.030000000726431608
0 0.45153775362996385 0.14333333680406213 0.01397949701640755 0.02666666731238365
0 0.4790307644288987 0.1683333374094218 0.013047530548647046 0.02666666731238365
0 0.47064306621905416 0.15166667033918202 0.013047530548647046 0.023333333898335695
0 0.48695247940486297 0.13666666997596622 0.01397949701640755 0.030000000726431608
0 0.48695247940486297 0.2000000048428774 0.015843429951928556 0.030000000726431608
0 0.5400745680672117 0.2058333383174613 0.015843429951928556 0.02833333401940763
0 0.5419385010027327 0.16250000393483788 0.01397949701640755 0.031666667433455586
0 0.5563839812530205 0.14833333692513406 0.013047530548647046 0.030000000726431608
0 0.5773532267776318 0.1675000040559098 0.015843429951928556 0.03500000084750354
0 0.5172413896070793 0.14333333680406213 0.013047530548647046 0.023333333898335695
0 0.5288909704540856 0.13666666997596622 0.012115564080886543 0.023333333898335695
0 0.5065237752278335 0.17083333746995777 0.01397949701640755 0.02833333401940763
0 0.5587138974224217 0.11333333607763052 0.012115564080886543 0.023333333898335695
0 0.5834110088180751 0.13500000326894224 0.01118359761312604 0.023333333898335695
0 0.5904007573262788 0.12416666967328638 0.010251631145365536 0.021666667191311717
0 0.5936626399634406 0.10250000248197466 0.013047530548647046 0.02833333401940763
0 0.6104380363831297 0.11416666943114251 0.01118359761312604 0.025000000605359674
0 0.6192917178268544 0.13916667003650218 0.01397949701640755 0.025000000605359674
0 0.6225536004640162 0.10250000248197466 0.01118359761312604 0.025000000605359674
0 0.6356011310126632 0.11000000266358256 0.013047530548647046 0.030000000726431608
0 0.6491146447951905 0.11416666943114251 0.01397949701640755 0.025000000605359674
0 0.6626281585777178 0.12750000308733433 0.013047530548647046 0.02833333401940763
0 0.6938490352476947 0.1000000024214387 0.010251631145365536 0.030000000726431608
0 0.48415658000158146 0.305000007385388 0.021435228758491576 0.05666666803881526
0 0.5428704674704932 0.2975000072037801 0.027027027565054595 0.05500000133179128
0 0.561043813591823 0.24916667270008475 0.020503262290731072 0.04500000108964741
0 0.6081081202137284 0.25666667288169265 0.021435228758491576 0.05000000121071935
0 0.6230195836978965 0.21166667179204524 0.017707362887449563 0.043333334382623434
0 0.6593662759405561 0.21083333843853325 0.01957129582297057 0.0383333342615515
0 0.6472507118596695 0.18166667106561363 0.015843429951928556 0.033333334140479565
0 0.6794035549974069 0.153333337046206 0.014911463484168053 0.04000000096857548
0 0.714818280772306 0.13916667003650218 0.01118359761312604 0.02833333401940763
0 0.6589002927066758 0.25500000617466867 0.020503262290731072 0.043333334382623434
0 0.6775396220618859 0.35500000859610736 0.026095061097294092 0.05666666803881526
0 0.5820130591164343 0.3758333424339071 0.03075489343609661 0.05500000133179128
0 0.714818280772306 0.2900000070221722 0.026095061097294092 0.04666666779667139
0 0.7749301179428585 0.2916666737291962 0.02516309462953359 0.0533333346247673
0 0.7576887382892892 0.24000000581145287 0.024231128161773086 0.043333334382623434
0 0.7311276939581148 0.21250000514555722 0.017707362887449563 0.03500000084750354
0 0.6985088675864972 0.22500000544823706 0.01957129582297057 0.043333334382623434
0 0.6905871526105329 0.18583333783317357 0.014911463484168053 0.03500000084750354
0 0.7278658113209531 0.1691666707629338 0.013047530548647046 0.031666667433455586
0 0.7465051406761631 0.14333333680406213 0.014911463484168053 0.033333334140479565
0 0.7362535095307976 0.12000000290572643 0.013047530548647046 0.030000000726431608
0 0.7469711239100434 0.11666666949167848 0.012115564080886543 0.030000000726431608
0 0.7590866879909299 0.12750000308733433 0.015843429951928556 0.031666667433455586
0 0.766542419733014 0.16250000393483788 0.015843429951928556 0.03500000084750354
0 0.77772601734614 0.12750000308733433 0.012115564080886543 0.031666667433455586
0 0.7945014137658291 0.17833333765156567 0.021435228758491576 0.033333334140479565
0 0.7935694472980686 0.14000000339001417 0.01397949701640755 0.030000000726431608
0 0.8075489443144761 0.13333333656191826 0.01397949701640755 0.030000000726431608
0 0.8294501563068479 0.13916667003650218 0.014911463484168053 0.03500000084750354
0 0.8289841730729677 0.17500000423751771 0.01397949701640755 0.030000000726431608
0 0.8429636700893752 0.18750000454019755 0.015843429951928556 0.031666667433455586
0 0.849953418597579 0.15583333710674196 0.013047530548647046 0.03500000084750354
0 0.8620689826784655 0.13333333656191826 0.013047530548647046 0.02666666731238365
0 0.8797763455659151 0.18916667124722153 0.014911463484168053 0.031666667433455586
0 0.8634669323801063 0.23166667227633297 0.015843429951928556 0.04000000096857548
0 0.922180819849018 0.2925000070827082 0.02516309462953359 0.04833333450369537
0 0.9193849204457365 0.20916667173150927 0.015843429951928556 0.041666667675599456
0 0.8914259264129214 0.17083333746995777 0.01397949701640755 0.02833333401940763
0 0.9016775575582869 0.1375000033294782 0.010251631145365536 0.025000000605359674
0 0.9245107360184193 0.1608333372278139 0.014911463484168053 0.031666667433455586
