0 0.03057982595055364 0.41550278110662475 0.02303415461210534 0.05167597613763064
0 0.23073868671781383 0.3344971968908794 0.015091342676896602 0.03491620009299368
0 0.2561556849104818 0.36312848096713424 0.018268467450980097 0.04189944011159241
0 0.2851469484739937 0.29958099679788575 0.015885623870417476 0.03212290408555418
0 0.3292295547144022 0.3505586489336565 0.019857029838021845 0.036312848096713424
0 0.35146942813298665 0.3303072528797202 0.01667990506393835 0.02932960807811469
0 0.3522637093265075 0.2905027847737074 0.01667990506393835 0.030726256081834435
0 0.38284353527706116 0.25488826067885384 0.014297061483375728 0.026536312070675194
0 0.39872915914747864 0.27025138871977106 0.014297061483375728 0.02932960807811469
0 0.40190628392156214 0.29399440478300676 0.01270849909633398 0.026536312070675194
0 0.3788721293094568 0.3219273648574017 0.017474186257459223 0.03212290408555418
0 0.4003177215345204 0.33379887288901955 0.017474186257459223 0.03351955208927393
0 0.421763313759584 0.24650837265653536 0.01270849909633398 0.0237430160632357
0 0.4249404385336675 0.29678770079044625 0.015885623870417476 0.03212290408555418
0 0.44718031195225194 0.33659216889645904 0.01906274864450097 0.03351955208927393
0 0.43844321882352233 0.2590782046900131 0.014297061483375728 0.026536312070675194
0 0.46108023283886723 0.2960893767885864 0.015091342676896602 0.02793296007439494
0 0.46664020119351335 0.2639664727030322 0.011914217902813107 0.022346368059515953
0 0.4567116862745024 0.23812848463421687 0.011119936709292233 0.020949720055796206
0 0.5174741975788493 0.23603351262863725 0.01032565551577136 0.01955307205207646
0 0.5003971519181505 0.2639664727030322 0.01270849909633398 0.022346368059515953
0 0.5297855560784228 0.2632681487011723 0.014297061483375728 0.026536312070675194
0 0.5476568829326425 0.28072624874766916 0.015091342676896602 0.02793296007439494
0 0.5250198689172976 0.347765352926217 0.022239873418584466 0.0474860321264714
0 0.4940429023699835 0.3163407728425227 0.017474186257459223 0.026536312070675194
0 0.547259742335882 0.22555865260073915 0.011119936709292233 0.020949720055796206
0 0.5619539444160182 0.2213687085895799 0.013502780289854854 0.020949720055796206
0 0.5710881781415083 0.2534916126751341 0.011119936709292233 0.026536312070675194
0 0.5861795208184049 0.24581004865467548 0.01270849909633398 0.025139664066955447
0 0.5897537861892488 0.21857541258214042 0.011914217902813107 0.026536312070675194
0 0.5957108951406553 0.20530725654680282 0.011119936709292233 0.022346368059515953
0 0.6123908002045937 0.21578211657470092 0.011119936709292233 0.0237430160632357
0 0.6235107369138859 0.2269553006044589 0.01270849909633398 0.020949720055796206
0 0.6413820637681056 0.21019552455982193 0.01032565551577136 0.020949720055796206
0 0.6616362342028879 0.2269553006044589 0.014297061483375728 0.02932960807811469
0 0.682684685831191 0.2213687085895799 0.011914217902813107 0.0237430160632357
0 0.689038935379358 0.25139664066955447 0.013502780289854854 0.03351955208927393
0 0.6612390936061274 0.2618715006974526 0.015091342676896602 0.026536312070675194
0 0.6243050181074068 0.24371507664909586 0.011119936709292233 0.020949720055796206
0 0.6175536279624794 0.2905027847737074 0.013502780289854854 0.025139664066955447
0 0.5865766614151653 0.32821228087414056 0.015091342676896602 0.02793296007439494
0 0.5965051763341762 0.35265362093923613 0.02065131103154272 0.04329608811531216
0 0.598093738721218 0.414106133102905 0.023828435805626214 0.05167597613763064
0 0.6425734855583869 0.36312848096713424 0.022239873418584466 0.03910614410415292
0 0.6711676085251383 0.3456703809206374 0.01906274864450097 0.040502792107872665
0 0.6632247965899296 0.43086590914754197 0.02541699819266796 0.05167597613763064
0 0.5329626808525063 0.39455306105082855 0.02541699819266796 0.04608938412275165
0 0.6985703097016085 0.4622904892312363 0.030976966547314078 0.06983240018598735
0 0.7136616523785051 0.3931564130471088 0.021445592225063592 0.04608938412275165
0 0.7728356012958102 0.40502792107872665 0.02541699819266796 0.044692736119031906
0 0.8030182866496034 0.4937150693149306 0.02700556057970971 0.054469272145070136
0 0.8236695976811461 0.4245809931308031 0.022239873418584466 0.050279328133910894
0 0.8923749209207017 0.4594971932237968 0.02303415461210534 0.0474860321264714
0 0.8788721406308468 0.3903631170396693 0.019857029838021845 0.03770949610043317
0 0.8415409245353658 0.36592177697457373 0.019857029838021845 0.050279328133910894
0 0.792692631133832 0.358938536955975 0.02065131103154272 0.04189944011159241
0 0.7966640371014364 0.3275139568722807 0.017474186257459223 0.03212290408555418
0 0.8224781758908648 0.30237429280532524 0.01667990506393835 0.03491620009299368
0 0.7982525994884782 0.29678770079044625 0.014297061483375728 0.03212290408555418
0 0.7529785714577883 0.28072624874766916 0.014297061483375728 0.030726256081834435
0 0.7100873870076612 0.2856145167606883 0.014297061483375728 0.02932960807811469
0 0.723590167297516 0.2590782046900131 0.014297061483375728 0.03491620009299368
0 0.7303415574424434 0.23533518862677738 0.011914217902813107 0.0237430160632357
0 0.7430500565387774 0.23044692061375827 0.011914217902813107 0.025139664066955447
0 0.7450357595225796 0.2527932886732742 0.014297061483375728 0.02793296007439494
0 0.7605242427962366 0.23533518862677738 0.011914217902813107 0.026536312070675194
0 0.7696584765217267 0.24441340065095574 0.011119936709292233 0.02793296007439494
0 0.7954726153111551 0.2632681487011723 0.013502780289854854 0.0237430160632357
0 0.8220810352941044 0.24999999266583472 0.01270849909633398 0.025139664066955447
0 0.8304209878260735 0.2716480367234908 0.011914217902813107 0.02932960807811469
0 0.8383637997612823 0.2632681487011723 0.013502780289854854 0.026536312070675194
0 0.8514694394543767 0.2506983166676946 0.011119936709292233 0.03212290408555418
0 0.8737093128729612 0.28072624874766916 0.014297061483375728 0.036312848096713424
0 0.8617950949701481 0.3163407728425227 0.01270849909633398 0.03212290408555418
0 0.8558379860187415 0.3407821129076183 0.015091342676896602 0.036312848096713424
0 0.8911834991304204 0.3191340688499622 0.01270849909633398 0.03212290408555418
0 0.90905482598464 0.3407821129076183 0.015091342676896602 0.036312848096713424
0 0.9094519665814005 0.2932960807811469 0.014297061483375728 0.02793296007439494
0 0.9082605447911192 0.27513965673279017 0.011914217902813107 0.025139664066955447
0 0.4543288426939398 0.4057262450805865 0.023828435805626214 0.05167597613763064
