1 0.4302477103192359 0.34572490327991545 0.1303780940361321 0.4832713701762259
1 0.4928291954565793 0.37732341594528407 0.02868318068794906 0.21189590846188366
1 0.7118643934372813 0.4535315935499966 0.08344198018312454 0.3048327104188502
1 0.8539765159366652 0.5743494360940531 0.03650586633011699 0.1524163552094251
1 0.9035201916703954 0.4033457204932347 0.05215123761445284 0.1895910759922117
1 0.9758800338604487 0.41635687276721 0.03780964727047831 0.16356877144426107
1 0.8402868160628714 0.3791821519844234 0.048239894793368876 0.1338289948180318
1 0.29465449252165854 0.47955389809794724 0.05736636137589812 0.25278810132294893
1 0.23989569302648306 0.4572490656282753 0.07822685642167926 0.26022304547950625
1 0.046284223382826895 0.48698884225450456 0.0743155136005953 0.2676579896360636
0 0.6147327133803628 0.42565055296290666 0.07170795171987265 0.21933085261844099
0 0.7933507022098638 0.4591078016674146 0.02737939974758774 0.10037174611352384
