0 0.07833333523012698 0.687777794431895 0.05000000121071935 0.06444444600492716
0 0.17500000423751771 0.687777794431895 0.03666666755452752 0.055555556900799274
0 0.24833333934657276 0.7111111283302307 0.030000000726431608 0.06222222372889519
0 0.2966666738502681 0.7133333506062627 0.033333334140479565 0.06222222372889519
0 0.3291666746372357 0.6066666813567281 0.0383333342615515 0.057777779176831245
0 0.12750000308733433 0.536666679661721 0.0383333342615515 0.060000001452863216
0 0.19666667142882943 0.5277777905575931 0.03666666755452752 0.05111111234873533
0 0.2366666723974049 0.47888890048488975 0.030000000726431608 0.05111111234873533
0 0.25666667288169265 0.5155555680394173 0.033333334140479565 0.0533333346247673
0 0.2991666739108041 0.536666679661721 0.03500000084750354 0.060000001452863216
0 0.3675000088987872 0.5177777903154492 0.041666667675599456 0.04444444552063942
0 0.3733333423733711 0.5688889026641846 0.033333334140479565 0.04888889007270336
0 0.42500001029111445 0.5622222358360887 0.03666666755452752 0.0533333346247673
0 0.4308333437656984 0.5177777903154492 0.031666667433455586 0.04000000096857548
0 0.5133333457633853 0.43222223268821836 0.03666666755452752 0.060000001452863216
0 0.5083333456423134 0.5311111239716411 0.033333334140479565 0.057777779176831245
0 0.5675000137416646 0.534444457385689 0.031666667433455586 0.05111111234873533
0 0.6025000145891681 0.5266666794195771 0.031666667433455586 0.0533333346247673
0 0.6616666826885194 0.5411111242137849 0.03666666755452752 0.060000001452863216
0 0.6650000161025673 0.48666667845100164 0.04000000096857548 0.04888889007270336
0 0.7316666843835264 0.5222222348675132 0.04000000096857548 0.06222222372889519
0 0.7550000182818621 0.4888889007270336 0.03666666755452752 0.06222222372889519
0 0.3900000094436109 0.7433333513326943 0.04000000096857548 0.0688888905569911
0 0.4300000104121864 0.7044444615021348 0.04000000096857548 0.06222222372889519
0 0.4808333449764177 0.6666666828095913 0.03500000084750354 0.057777779176831245
0 0.5200000125914812 0.6300000152550638 0.030000000726431608 0.060000001452863216
0 0.5608333469135687 0.6488889046013355 0.0383333342615515 0.07111111283302307
0 0.6391666821436957 0.6777777941897511 0.0383333342615515 0.057777779176831245
0 0.7200000174343586 0.7011111280880868 0.04000000096857548 0.060000001452863216
0 0.7958333526039496 0.7100000171922147 0.03500000084750354 0.06444444600492716
0 0.8300000200979412 0.6400000154972076 0.033333334140479565 0.06222222372889519
0 0.9075000219745561 0.6755555719137192 0.051666667917743325 0.08000000193715096
0 0.9508333563571796 0.6600000159814954 0.04500000108964741 0.06666666828095913
