0 0.101019463094417 0.39967105560936034 0.03521779447328299 0.07565789530053735
0 0.26042632228927687 0.2812500020954758 0.01853568130172789 0.03289473708719015
0 0.2886932362744119 0.2598684229888022 0.013901760976295918 0.03289473708719015
0 0.30120482115307823 0.2631578966975212 0.02038924943190068 0.036184210795909166
0 0.3438368881470524 0.26809210726059973 0.01853568130172789 0.03289473708719015
0 0.3206672865198925 0.22286184376571327 0.012974976911209524 0.031250000232830644
0 0.34522706424468197 0.21134868578519672 0.015755329106468707 0.031250000232830644
0 0.3748841543274466 0.22286184376571327 0.017608897236641496 0.02796052652411163
0 0.43049119823263027 0.2689144756877795 0.019462465366814286 0.04111842135898769
0 0.41751622132142074 0.22121710691135377 0.019462465366814286 0.03453947394154966
0 0.37905468262033537 0.20394736994057894 0.011121408781036735 0.023026315961033106
0 0.38276181888068095 0.19325658038724214 0.011121408781036735 0.0213815791066736
0 0.4105653408332728 0.16776315914466977 0.011121408781036735 0.02631578966975212
0 0.4240037097770255 0.18174342240672559 0.015755329106468707 0.024671052815392613
0 0.46570899270591326 0.19819079095032066 0.015755329106468707 0.02796052652411163
0 0.45366079985979013 0.19490131724160165 0.013901760976295918 0.031250000232830644
0 0.45319740782724693 0.16694079071749002 0.012974976911209524 0.02796052652411163
0 0.45227062376216054 0.1422697379020974 0.012974976911209524 0.024671052815392613
0 0.4796107536822092 0.16282894858159125 0.013901760976295918 0.02631578966975212
0 0.4717330891289748 0.14473684318363667 0.011121408781036735 0.02631578966975212
0 0.48748841823544353 0.13240131677594036 0.011121408781036735 0.024671052815392613
0 0.5092678437649738 0.1940789488144219 0.013901760976295918 0.023026315961033106
0 0.4967562588863075 0.22861842275597155 0.02038924943190068 0.036184210795909166
0 0.48470806604018435 0.29440789693035185 0.027803521952591836 0.04605263192206621
0 0.5259499569365289 0.13569079048465937 0.015755329106468707 0.031250000232830644
0 0.5477293824660592 0.15542763273697346 0.016682113171555102 0.031250000232830644
0 0.5820203928742558 0.15378289588261396 0.014828545041382313 0.03453947394154966
0 0.5458758143358864 0.19161184353288263 0.016682113171555102 0.031250000232830644
0 0.5676552398654167 0.11101973766926676 0.012048192846123129 0.0213815791066736
0 0.6163114032824524 0.13980263262055814 0.012974976911209524 0.02631578966975212
0 0.6292863801936619 0.12417763250414282 0.011121408781036735 0.024671052815392613
0 0.6135310510871932 0.1208881587954238 0.011121408781036735 0.0213815791066736
0 0.61306765905465 0.0978618428343907 0.012048192846123129 0.0213815791066736
0 0.6394810049096122 0.10444079025182873 0.012974976911209524 0.02796052652411163
0 0.5949953697854653 0.11595394823234528 0.014828545041382313 0.0213815791066736
0 0.6691380949923769 0.1208881587954238 0.012974976911209524 0.02796052652411163
0 0.685820208163932 0.13651315891183913 0.012974976911209524 0.023026315961033106
0 0.7043558894656599 0.13486842205747962 0.012974976911209524 0.029605263378471136
0 0.6913809125544503 0.10032894811592996 0.011121408781036735 0.02631578966975212
0 0.6468952774303034 0.17023026442620903 0.016682113171555102 0.02796052652411163
0 0.648285453527933 0.2080592120764777 0.015755329106468707 0.037828947650268674
0 0.6070435626315884 0.21217105421237648 0.02224281756207347 0.03289473708719015
0 0.608433738729218 0.25328947557136416 0.023169601627159864 0.0427631582133472
0 0.5602409673447255 0.29111842322163284 0.025023169757332653 0.04934210563078523
0 0.5630213195399847 0.24424342287238687 0.021316033496987075 0.04111842135898769
0 0.5982391140132677 0.33552631828933954 0.02873030601767823 0.05592105304822326
0 0.6686747029598337 0.3437500025611371 0.025023169757332653 0.05921052675694227
0 0.707136241660919 0.2886513179400936 0.024096385692246258 0.04769736877642572
0 0.6728452312527224 0.23930921230930835 0.01853568130172789 0.04111842135898769
0 0.7001853611727711 0.20970394893083721 0.017608897236641496 0.04111842135898769
0 0.6867469922290184 0.17927631712518632 0.012974976911209524 0.029605263378471136
0 0.7275254910928197 0.1529605274554342 0.014828545041382313 0.029605263378471136
0 0.7432808201992884 0.18092105397954583 0.014828545041382313 0.029605263378471136
0 0.7488415245898068 0.23519737017340958 0.01853568130172789 0.05263157933950424
0 0.7771084385749418 0.28371710737701505 0.023169601627159864 0.057565789902582765
0 0.8614457884978037 0.2154605279210955 0.017608897236641496 0.036184210795909166
0 0.923076928826049 0.26562500197906047 0.01853568130172789 0.04111842135898769
0 0.8730305893113837 0.1940789488144219 0.014828545041382313 0.02631578966975212
0 0.8466172434564214 0.18914473825134337 0.012048192846123129 0.03289473708719015
0 0.8461538514238782 0.1546052643097937 0.014828545041382313 0.029605263378471136
0 0.8632993566279765 0.14802631689235568 0.012048192846123129 0.02631578966975212
0 0.8623725725628901 0.12417763250414282 0.01019462471595034 0.024671052815392613
0 0.8897127024829388 0.12582236935850233 0.009267840650863945 0.024671052815392613
0 0.8864689582551364 0.17927631712518632 0.013901760976295918 0.023026315961033106
0 0.8869323502876796 0.15542763273697346 0.014828545041382313 0.024671052815392613
0 0.9258572810213082 0.1620065801544115 0.014828545041382313 0.037828947650268674
0 0.7974976880068425 0.1743421065621078 0.017608897236641496 0.036184210795909166
0 0.8076923127227928 0.15625000116415322 0.012048192846123129 0.029605263378471136
0 0.8271547780896071 0.13569079048465937 0.013901760976295918 0.031250000232830644
0 0.8067655286577065 0.1282894746400416 0.012048192846123129 0.02631578966975212
0 0.7900834154861514 0.1315789483487606 0.012048192846123129 0.02631578966975212
0 0.7766450465423986 0.11677631665952504 0.014828545041382313 0.02631578966975212
0 0.751621876785066 0.1529605274554342 0.014828545041382313 0.029605263378471136
0 0.7405004680040292 0.14144736947491765 0.014828545041382313 0.02631578966975212
0 0.753938836947782 0.12582236935850233 0.012048192846123129 0.024671052815392613
0 0.7488415245898068 0.10279605339746922 0.012974976911209524 0.024671052815392613
0 0.7326228034507949 0.110197369242087 0.012048192846123129 0.03289473708719015
