0 0.21583333855960518 0.5428994153626263 0.17166667082346976 0.32248521130532026
0 0.09083333553280681 0.0710059180855751 0.07500000181607902 0.13609467633068562
0 0.23583333904389292 0.1789940851740539 0.08833333547227085 0.19230769481509924
0 0.31000000750645995 0.08727810764685273 0.06666666828095913 0.1449704160913825
0 0.42500001029111445 0.18047337513417006 0.07000000169500709 0.17751479521393776
0 0.4908333452185616 0.3757396498695016 0.1150000027846545 0.25443787313997746
0 0.4841666783904657 0.12573964660987258 0.041666667675599456 0.11538461688905954
0 0.5491666799644008 0.09467455744743347 0.041666667675599456 0.09467455744743347
0 0.5883333475794643 0.1760355052538216 0.06333333486691117 0.1449704160913825
0 0.7366666845045984 0.19822485465556383 0.0533333346247673 0.13017751649022102
0 0.6966666835360229 0.39349112939089537 0.09000000217929482 0.19526627473533154
0 0.8258333533303812 0.3239645012654364 0.07500000181607902 0.16272189561277628
0 0.9508333563571796 0.33727811090648174 0.07833333523012698 0.1479289960116148
