0 0.11755952599924058 0.40453687170520425 0.03273809584788978 0.05293005798012018
0 0.1316964310244657 0.4385633375495672 0.028273810050450265 0.056710776407271624
0 0.1592261934420094 0.4158790269866586 0.03869047691114247 0.060491494834423065
0 0.19419643218861893 0.41115312895271927 0.0372023816453293 0.06616257247515023
0 0.22991071856813505 0.40642723091877997 0.043154762708581984 0.06805293168872595
0 0.2745535765425302 0.41209830855950713 0.04613095324020833 0.07939508697018027
0 0.3340773871750571 0.44045369676314294 0.052083334303461015 0.08695652382448316
0 0.40476191230118275 0.4508506724378094 0.05357142956927419 0.10396975674666464
0 0.4657738181995228 0.43100190069526434 0.05059523903764784 0.10207939753308892
0 0.5491071530850604 0.413043488166295 0.03273809584788978 0.05103969876654446
0 0.5848214394645765 0.41398866777308285 0.03273809584788978 0.05293005798012018
0 0.6443452500971034 0.413043488166295 0.035714286379516125 0.062381854047998786
0 0.6897321557044052 0.39508507563732564 0.03125000058207661 0.0453686211258173
0 0.7514881092356518 0.42155010462738574 0.035714286379516125 0.0642722132615745
0 0.792410729045514 0.40642723091877997 0.04613095324020833 0.0642722132615745
0 0.866071444703266 0.4442344151902944 0.0476190485060215 0.07561436854302883
