0 0.03738317871466279 0.612500014831312 0.04859813232906163 0.07500000181607902
0 0.2532710357918404 0.4763889004243538 0.03925233765039593 0.06388889043591917
0 0.1635514068766497 0.8208333532093093 0.11401869507972151 0.1694444485474378
0 0.3579439361928962 0.5486111243953928 0.03925233765039593 0.05277777905575931
0 0.7065420777071267 0.1458333368645981 0.08598131104372442 0.12500000302679837
0 0.9271028321236372 0.458333344431594 0.052336450200527906 0.10555555811151862
0 0.9598131134989671 0.7138889061752707 0.080373834236525 0.17777778208255768
0 0.8177570343832485 0.7819444633787498 0.1327102844370529 0.18055555992759764
0 0.7663551636505872 0.5750000139232725 0.04485981445759535 0.06666666828095913
0 0.7831775940721855 0.5263889016350731 0.022429907228797674 0.041666667675599456
0 0.8158878754475154 0.538888901937753 0.03925233765039593 0.0611111125908792
0 0.7261682465323247 0.6750000163447112 0.06542056275065988 0.1000000024214387
0 0.61028039251687 0.7361111289355904 0.10280374146532267 0.15000000363215804
0 0.5850467468844727 0.6444444600492716 0.052336450200527906 0.07777777966111898
0 0.6448598328279331 0.609722236986272 0.04859813232906163 0.07500000181607902
0 0.6112149719847366 0.5458333465503529 0.04112149658612907 0.06944444612599909
0 0.588785064755939 0.5819444585358724 0.04485981445759535 0.06388889043591917
0 0.575700952205807 0.5527777911629528 0.029906542971730232 0.06666666828095913
0 0.5551402039127424 0.5694444582331926 0.04112149658612907 0.07222222397103906
0 0.5252336609410122 0.6263889040565118 0.04859813232906163 0.06944444612599909
0 0.4794392670155503 0.6222222372889519 0.06542056275065988 0.08888889104127884
0 0.48224300541915 0.5402777908602729 0.03364486084319651 0.06388889043591917
0 0.45887851872248575 0.5708333471557125 0.03551401977892965 0.05833333474583924
0 0.4205607605399564 0.6013889034511521 0.04485981445759535 0.06944444612599909
0 0.4196261810720898 0.5583333468530327 0.03551401977892965 0.055555556900799274
0 0.08317757264012471 0.7736111298436299 0.08411215210799128 0.152777781477198
0 0.10654205933678895 0.6722222384996712 0.056074768071994185 0.08333333535119891
0 0.12897196656558663 0.6222222372889519 0.052336450200527906 0.08333333535119891
