0 0.14364364155335352 0.2662565930513665 0.021021020715124905 0.036906854482367635
0 0.37287286744685844 0.2003514957614243 0.017017016769386828 0.03514938522130251
0 0.41491490887710825 0.22495606541633606 0.019019018742255867 0.03866432374343276
0 0.45345344685483724 0.22583480004686862 0.020020019728690386 0.036906854482367635
0 0.6266266175080091 0.07820738211739808 0.018018017755821347 0.036906854482367635
0 0.5695695612812415 0.16608084517065436 0.01601601578295231 0.036906854482367635
0 0.5665665583219379 0.18453427241183817 0.01601601578295231 0.03514938522130251
0 0.6306306214537472 0.22056239226367325 0.020020019728690386 0.04745167004875839
0 0.622622613562271 0.2688927969429642 0.022022021701559424 0.04920913930982351
0 0.6451451357570477 0.29789103975053877 0.031031030579470098 0.0685413011815399
0 0.6816816717619076 0.1722319875843823 0.018018017755821347 0.04569420078769326
0 0.688188178173732 0.21792618837207556 0.023023022687993944 0.059753954876214266
0 0.9454454316874035 0.23989455413538963 0.021021020715124905 0.05096660857088864
