0 0.036363635212183 0.6090908898040652 0.042424241080880165 0.072727270424366
0 0.11060605710372329 0.7159090682398528 0.08181817922741175 0.13181817764416337
0 0.17121211579069495 0.888636335497722 0.09393939096480608 0.12272726884111762
0 0.20454544806852937 0.6613636154215783 0.05757575575262308 0.09545454243198037
0 0.24848484061658382 0.7545454306527972 0.072727270424366 0.11818181443959475
0 0.3075757478363812 0.8181817922741175 0.09999999683350325 0.1636363584548235
0 0.29696968756616116 0.6795454330276698 0.06666666455566883 0.10454545123502612
0 0.39090907853096724 0.618181798607111 0.04848484694957733 0.072727270424366
0 0.4151515020057559 0.72727270424366 0.07878787629306316 0.145454540848732
0 0.44090907694771886 0.6522727066185325 0.06363636162132025 0.10454545123502612
0 0.47727271215990186 0.6295454346109182 0.03939393814653158 0.06818181602284312
0 0.5590908913873136 0.6272727074101567 0.03939393814653158 0.0909090880304575
0 0.5075757415033877 0.42954544094391167 0.03939393814653158 0.07727272482588887
0 0.592424223665148 0.654545433819294 0.051515149883925915 0.0909090880304575
0 0.5954545265994966 0.74318179464899 0.07575757335871458 0.12272726884111762
0 0.6696969484910369 0.6227272530086339 0.0545454528182745 0.0909090880304575
0 0.7287878557108343 0.6613636154215783 0.06363636162132025 0.13181817764416337
0 0.8015151261352003 0.6136363442055881 0.051515149883925915 0.0909090880304575
0 0.8424242157489061 0.6727272514253855 0.0545454528182745 0.0909090880304575
0 0.9242423949763179 0.6386363434139639 0.04848484694957733 0.07727272482588887
