0 0.18888889346271753 0.6534810290904716 0.08888889104127884 0.18037975137121975
0 0.20222222711890936 0.5015822910936549 0.07555555738508701 0.16139240912161767
0 0.41111112106591463 0.6170886231120676 0.11111111380159855 0.1772151943296194
0 0.41777778789401054 0.47151899919845164 0.08000000193715096 0.12658228166401386
0 0.4444444552063942 0.4082278583664447 0.057777779176831245 0.10126582533121109
0 0.4433333440683782 0.34651899605523795 0.05111111234873533 0.09177215420641005
0 0.47222223365679383 0.26424051297362894 0.05111111234873533 0.09177215420641005
0 0.3311111191287637 0.3496835530968383 0.06222222372889519 0.09810126828961074
0 0.2533333394676447 0.4082278583664447 0.07111111283302307 0.0949367112480104
0 0.09444444673135877 0.49367089848965406 0.07333333510905504 0.11392405349761248
0 0.04111111210659146 0.237341778120026 0.055555556900799274 0.07594936899840832
0 0.02444444503635168 0.32911393232643604 0.04444444552063942 0.12025316758081317
0 0.15222222590819 0.35759494570083916 0.055555556900799274 0.0949367112480104
0 0.18777778232470155 0.22626582847442478 0.055555556900799274 0.08544304012320936
0 0.3122222297824919 0.2420886136824265 0.04666666779667139 0.08544304012320936
0 0.35000000847503543 0.16297468764241785 0.04222222324460745 0.060126583790406585
0 0.5911111254245043 0.49525317701045424 0.09333333559334278 0.1424050668720156
0 0.613333348184824 0.4161392509704456 0.06666666828095913 0.10443038237281144
0 0.5811111251823604 0.36392405978403986 0.060000001452863216 0.10759493941441178
0 0.7044444615021348 0.3607595027424395 0.06222222372889519 0.10126582533121109
0 0.7466666847467422 0.42405064357444644 0.06666666828095913 0.12025316758081317
0 0.7877777968533337 0.4857595058856532 0.0688888905569911 0.1297468387056142
0 0.7200000174343586 0.6598101431736723 0.1066666692495346 0.18670886545442045
0 0.8944444661028683 0.63924052240327 0.10444444697350264 0.1772151943296194
0 0.8922222438268363 0.4272152006160468 0.055555556900799274 0.10759493941441178
0 0.9788889125920832 0.3670886168256402 0.04222222324460745 0.0949367112480104
0 0.8511111317202449 0.37658228795044124 0.0533333346247673 0.10759493941441178
0 0.8188889087177813 0.23575949959922582 0.04666666779667139 0.07278481195680797
0 0.9366666893474758 0.27373418409843 0.04222222324460745 0.07911392604000866
0 0.8977777995169163 0.1898734224960208 0.04000000096857548 0.08227848308160901
0 0.8622222431004047 0.1250000031432137 0.04000000096857548 0.06645569787360728
0 0.7533333515748382 0.10759493941441178 0.04000000096857548 0.06329114083200693
0 0.1455555590800941 0.12025316758081317 0.05111111234873533 0.07594936899840832
0 0.20333333825692534 0.14398734539281577 0.04666666779667139 0.07278481195680797
0 0.1911111157387495 0.05854430526960641 0.035555556416511536 0.060126583790406585
0 0.1311111142858863 0.01898734224960208 0.031111111864447594 0.031645570416003466
0 0.24777778377756476 0.09335443272721022 0.03777777869254351 0.07911392604000866
0 0.2688888953998685 0.050632912665605545 0.031111111864447594 0.05696202674880624
0 0.38000000920146704 0.05221519118640572 0.031111111864447594 0.07278481195680797
0 0.3977777874097228 0.030063291895203292 0.031111111864447594 0.0474683556240052
0 0.4822222338989377 0.12183544610161334 0.04888889007270336 0.07911392604000866
0 0.37000000895932317 0.118670889060013 0.03777777869254351 0.060126583790406585
0 0.47222223365679383 0.060126583790406585 0.04222222324460745 0.05696202674880624
0 0.4733333447948098 0.02848101337440312 0.04000000096857548 0.050632912665605545
0 0.5755555694922805 0.10601266089361161 0.04000000096857548 0.06645569787360728
0 0.5588889024220407 0.1724683587672189 0.05111111234873533 0.06645569787360728
0 0.5833333474583924 0.25158228480722755 0.05111111234873533 0.09177215420641005
0 0.6688889050856233 0.16930380172561854 0.04000000096857548 0.07278481195680797
0 0.6677777939476073 0.10601266089361161 0.033333334140479565 0.060126583790406585
0 0.6422222377732396 0.0474683556240052 0.031111111864447594 0.05696202674880624
0 0.5655555692501366 0.030063291895203292 0.033333334140479565 0.0474683556240052
0 0.5555555690079927 0.07911392604000866 0.031111111864447594 0.050632912665605545
0 0.7355555733665824 0.06803797639440745 0.035555556416511536 0.05379746970720589
