0 0.03124999930150807 0.615000014891848 0.05749999871477485 0.09666666900739074
0 0.06499999854713678 0.49333334527909756 0.04499999899417162 0.06666666828095913
0 0.026249999413266778 0.4666666779667139 0.03749999916180968 0.0533333346247673
0 0.10874999756924808 0.46166667784564197 0.03749999916180968 0.05000000121071935
0 0.12874999712221324 0.5066666789352894 0.047499998938292265 0.07333333510905504
0 0.19624999561347067 0.47833334491588175 0.03749999916180968 0.05000000121071935
0 0.2312499948311597 0.5183333458844572 0.047499998938292265 0.07000000169500709
0 0.29874999332241714 0.44666667748242617 0.03749999916180968 0.0533333346247673
0 0.3624999918974936 0.43333334382623434 0.03999999910593033 0.060000001452863216
0 0.2799999937415123 0.4116666766349226 0.024999999441206455 0.03666666755452752
0 0.43749999022111297 0.4350000105332583 0.024999999441206455 0.030000000726431608
0 0.4562499898020178 0.4283333437051624 0.02249999949708581 0.03666666755452752
0 0.472499989438802 0.4216666768770665 0.019999999552965164 0.030000000726431608
0 0.4274999904446304 0.4133333433419466 0.024999999441206455 0.033333334140479565
0 0.3837499914225191 0.40833334322087467 0.0274999993853271 0.030000000726431608
0 0.4999999888241291 0.3966666762717068 0.029999999329447746 0.04666666779667139
0 0.43749999022111297 0.5916666809935123 0.05999999865889549 0.10333333583548665
0 0.5049999887123704 0.5600000135600567 0.04499999899417162 0.08000000193715096
0 0.5674999873153865 0.5150000124704093 0.04499999899417162 0.06333333486691117
0 0.6162499862257391 0.5683333470951766 0.052499998826533556 0.076666668523103
0 0.5799999870359898 0.4766666782088578 0.03999999910593033 0.04666666779667139
0 0.6037499865051359 0.45666667772457004 0.03249999927356839 0.04666666779667139
0 0.6212499861139804 0.43166667711921036 0.02249999949708581 0.030000000726431608
0 0.6587499852757901 0.45500001101754606 0.0274999993853271 0.043333334382623434
0 0.6712499849963933 0.48000001162290573 0.03249999927356839 0.04666666779667139
0 0.6724999849684536 0.44166667736135423 0.019999999552965164 0.03666666755452752
0 0.6587499852757901 0.42500001029111445 0.02249999949708581 0.030000000726431608
0 0.6962499844375998 0.4683333446737379 0.03249999927356839 0.05000000121071935
0 0.7149999840185046 0.48500001174397767 0.03499999921768904 0.05000000121071935
0 0.7212499838788062 0.5216666792985052 0.03749999916180968 0.05000000121071935
0 0.747499983292073 0.5850000141654164 0.04999999888241291 0.076666668523103
0 0.8224999816156924 0.5483333466108888 0.04999999888241291 0.076666668523103
0 0.786249982425943 0.49500001198612154 0.03249999927356839 0.05000000121071935
0 0.7612499829847366 0.4500000108964741 0.0274999993853271 0.04666666779667139
0 0.8049999820068479 0.4733333447948098 0.024999999441206455 0.04666666779667139
0 0.8162499817553908 0.4366666772402823 0.02249999949708581 0.033333334140479565
0 0.8374999812804163 0.45666667772457004 0.019999999552965164 0.033333334140479565
0 0.867499980609864 0.47166667808778584 0.029999999329447746 0.043333334382623434
0 0.8749999804422259 0.49333334527909756 0.03499999921768904 0.0533333346247673
0 0.944999978877604 0.5466666799038649 0.04999999888241291 0.07333333510905504
0 0.9862499779555947 0.6250000151339918 0.0274999993853271 0.076666668523103
0 0.9387499790173024 0.7850000190082937 0.09249999793246388 0.13666666997596622
0 0.7287499837111682 0.7300000176765025 0.06749999849125743 0.12000000290572643
