0 0.8100600796751678 0.4990000237012282 0.022522523067891598 0.03800000180490315
0 0.7567567750811577 0.5640000267885625 0.021021021530032158 0.028000001329928637
0 0.710210227407515 0.5420000257436186 0.018018018454313278 0.028000001329928637
0 0.6764264428056777 0.5870000278810039 0.028528529219329357 0.03800000180490315
0 0.6156156305223703 0.6170000293059275 0.039039039984345436 0.050000002374872565
0 0.6201201351359487 0.5890000279759988 0.024024024605751038 0.03000000142492354
0 0.6328828982077539 0.5460000259336084 0.022522523067891598 0.02400000113993883
0 0.6013513659127057 0.5580000265035778 0.022522523067891598 0.02400000113993883
0 0.5825825966894627 0.5840000277385116 0.027027027681469917 0.03600000170990825
0 0.568318332079798 0.576000027358532 0.028528529219329357 0.03200000151991844
0 0.5322822951711714 0.5810000275960192 0.028528529219329357 0.03000000142492354
0 0.5450450582429767 0.5620000266935676 0.027027027681469917 0.028000001329928637
0 0.5330330459401011 0.6230000295909122 0.045045046135783195 0.05400000256486237
0 0.48048049211502075 0.5920000281184912 0.036036036908626556 0.04000000189989805
0 0.4864864982664585 0.56500002683606 0.030030030757188797 0.03800000180490315
0 0.4264264367520809 0.5940000282134861 0.036036036908626556 0.04400000208988786
0 0.4594594705849886 0.6900000327732414 0.07207207381725311 0.06800000322982669
0 0.4031531629152596 0.5560000264085829 0.019519519992172718 0.03600000170990825
0 0.31906907679513097 0.6960000330582261 0.061561563052237034 0.09200000436976552
0 0.2702702768146992 0.729000034625642 0.07807807996869087 0.10200000484474003
0 0.2560060122050345 0.6030000286409631 0.03453453537076712 0.050000002374872565
0 0.28378379065543413 0.5830000276910141 0.027027027681469917 0.03800000180490315
0 0.31081081833690405 0.6380000303033739 0.045045046135783195 0.06000000284984708
0 0.3348348429426551 0.6070000288309529 0.042042043060064316 0.05400000256486237
0 0.13063063379377127 0.7450000353856012 0.08108108304440975 0.11400000541470945
0 0.17267267685383558 0.6880000326782465 0.054054055362939835 0.0800000037997961
0 0.20870871376246214 0.6560000311583281 0.048048049211502075 0.06800000322982669
0 0.16666667070239782 0.5970000283559784 0.039039039984345436 0.050000002374872565
0 0.23573574144393206 0.56500002683606 0.030030030757188797 0.03800000180490315
0 0.09984985226765275 0.5910000280709937 0.03153153229504824 0.04600000218488276
0 0.054804806131869555 0.6030000286409631 0.037537538446485996 0.050000002374872565
0 0.056306307669728994 0.6940000329632312 0.07657657843083143 0.11200000531971455
0 0.062312313821166754 0.8680000412277877 0.11261261533945799 0.14000000664964318
