0 0.0874999980442226 0.7061769410502166 0.07999999821186066 0.10684473812580109
0 0.05999999865889549 0.6627712661866099 0.05999999865889549 0.0834724516607821
0 0.023749999469146132 0.6385642552049831 0.042499999050050974 0.05843071616254747
0 0.021249999525025487 0.6135225197067484 0.03999999910593033 0.05843071616254747
0 0.13312499702442437 0.6185308668063954 0.04124999907799065 0.0717863084282726
0 0.17749999603256583 0.4891485667321831 0.047499998938292265 0.05676126712933183
0 0.1762499960605055 0.6969949713675305 0.07499999832361937 0.12854757555760443
0 0.24374999455176294 0.7654423817293718 0.12499999720603228 0.21535892528481781
0 0.1893749957671389 0.6185308668063954 0.03624999918974936 0.06510851229541004
0 0.24062499462161213 0.6519198474707082 0.0437499990221113 0.06844741036184132
0 0.2924999934621155 0.6686143378028646 0.052499998826533556 0.07512520649470389
0 0.3481249922187999 0.6727879603859037 0.05874999868683517 0.10016694199293852
0 0.48624998913146555 0.8363939656410366 0.1149999974295497 0.1869782917201519
0 0.47812498931307346 0.7095158391166478 0.06874999846331775 0.11018363619223237
0 0.5981249866308644 0.6719532358692959 0.07624999829567969 0.10183639102615416
0 0.6818749847589061 0.7545909630134702 0.09124999796040356 0.13689482072368264
0 0.6881249846192077 0.661936541670002 0.056249998742714524 0.09849749295972288
0 0.7312499836552888 0.6752921339357272 0.06749999849125743 0.10517528909258544
0 0.848124981042929 0.6602670926367864 0.07374999835155904 0.11185308522544801
