0 0.10191846507950686 0.5511204611393623 0.05835331726120785 0.10504201927687973
0 0.22142286138841882 0.34803922387072816 0.019184652250260115 0.035014006425626576
0 0.25979216588893905 0.34103642258560285 0.020783373271115124 0.04621848848182708
0 0.2853717022226192 0.29621849436080083 0.019184652250260115 0.0378151269396767
0 0.2845723417121917 0.3704481879831292 0.022382094291970134 0.049019608995877206
0 0.3173461226397194 0.3795518296537921 0.025579536333680153 0.04761904873885214
0 0.35291766535374336 0.32563025975832716 0.01998401276068762 0.043417367967776954
0 0.35451638637459837 0.29201681358972564 0.01838529173983261 0.0378151269396767
0 0.3836930450052023 0.3284313802723773 0.014388489187695086 0.035014006425626576
0 0.40687449980759993 0.33193278091493994 0.019184652250260115 0.04201680771075189
0 0.4044764182763174 0.2955182142322883 0.015987210208550096 0.03361344616860151
0 0.4380495597142726 0.3291316604008898 0.020783373271115124 0.03641456668265164
0 0.4372501992038451 0.2997198950033635 0.019184652250260115 0.03641456668265164
0 0.4668265380896628 0.29411765397526324 0.019184652250260115 0.03641456668265164
0 0.508393284631893 0.3088235366740264 0.017585931229405105 0.0378151269396767
0 0.4028776972554624 0.23599440330872312 0.014388489187695086 0.035014006425626576
0 0.42925659409957007 0.2605042078066617 0.012789768166840076 0.02801120514050126
0 0.4432454030320514 0.2443977648508735 0.013589128677267581 0.029411765397526324
0 0.45643485145410523 0.2710084097343497 0.014388489187695086 0.03221288591157645
0 0.46282973553752527 0.23669468343723565 0.012789768166840076 0.025210084626451135
0 0.49000799289206043 0.25910364754963666 0.014388489187695086 0.02801120514050126
0 0.5231814540748019 0.2598039276781492 0.01518784969812259 0.03221288591157645
0 0.5139888082048856 0.233193282794673 0.014388489187695086 0.026610644883476198
0 0.5283772973925807 0.24789916549343616 0.012789768166840076 0.025210084626451135
0 0.5447641878563445 0.28291317191906273 0.01518784969812259 0.03361344616860151
0 0.5695443636795972 0.2485994456219487 0.013589128677267581 0.029411765397526324
0 0.5419664260698482 0.22338936099549755 0.012789768166840076 0.029411765397526324
0 0.5631494795961771 0.2156862795818597 0.013589128677267581 0.025210084626451135
0 0.5883293356746435 0.2401960840797983 0.012789768166840076 0.026610644883476198
0 0.592326138226781 0.22128852060995996 0.014388489187695086 0.02801120514050126
0 0.6039168656279799 0.19817927636904642 0.013589128677267581 0.026610644883476198
0 0.6191047153261025 0.2044817975256592 0.01518784969812259 0.02801120514050126
0 0.627897680940805 0.23739496356574818 0.01518784969812259 0.03221288591157645
0 0.6502797752327751 0.21428571932483464 0.013589128677267581 0.02801120514050126
0 0.6622701828891877 0.22338936099549755 0.011990407656412572 0.029411765397526324
0 0.6754596313112415 0.22338936099549755 0.012789768166840076 0.03221288591157645
0 0.6946442835615017 0.24299720459384844 0.015987210208550096 0.035014006425626576
0 0.4724220616626553 0.3914565918385051 0.03037569939624518 0.06302521156612784
0 0.5239808145852294 0.3648459469550289 0.027977617864962667 0.05462185002397746
0 0.5383693037729245 0.39705883286660537 0.032773780927527696 0.06302521156612784
0 0.5787370095495135 0.42507003800710663 0.03517186245881021 0.07142857310827821
0 0.6087130286905449 0.3403361424570903 0.02318145480239764 0.04761904873885214
0 0.5915267777163535 0.32072829885873944 0.023980815312825143 0.053221289766952395
0 0.6290967217064463 0.2927170937182382 0.017585931229405105 0.04201680771075189
0 0.6382893675763626 0.3263305398868397 0.01998401276068762 0.04761904873885214
0 0.6562749790609814 0.3641456668265164 0.025579536333680153 0.05602241028100252
0 0.6766586720768828 0.3466386636137031 0.026378896844107658 0.06302521156612784
0 0.6302957624720875 0.4446778816054575 0.037569943990092725 0.07142857310827821
0 0.6870503587124404 0.5035014124005102 0.04236610705265775 0.09383753722067922
0 0.6662669854413252 0.25910364754963666 0.01838529173983261 0.03361344616860151
0 0.7114308542804793 0.2801120514050126 0.014388489187695086 0.030812325654551387
0 0.7194244593847543 0.255602246907074 0.019184652250260115 0.04061624745372683
0 0.7302158262755256 0.24159664433682337 0.013589128677267581 0.0378151269396767
0 0.7430055944423657 0.22338936099549755 0.0167865707189776 0.03221288591157645
0 0.7677857702656183 0.2352941231802106 0.01518784969812259 0.03641456668265164
0 0.7561950428644195 0.2738095302483998 0.017585931229405105 0.04061624745372683
0 0.7513988798018545 0.255602246907074 0.014388489187695086 0.03221288591157645
0 0.7278177447442431 0.3949579924810678 0.027977617864962667 0.05882353079505265
0 0.7581934441404883 0.4348739598062821 0.027977617864962667 0.06862745259422809
0 0.795763388130581 0.5070028130430728 0.039168665010947734 0.07843137439340353
0 0.831334930844605 0.4404762008343823 0.028776978375390172 0.06302521156612784
0 0.8968824926996604 0.46988796623190865 0.0335731414379552 0.06862745259422809
0 0.794164667109726 0.3508403443847783 0.01838529173983261 0.05462185002397746
0 0.8025579524692148 0.34593838348519057 0.020783373271115124 0.04481792822480202
0 0.8485211818187963 0.3711484681116417 0.02158273378154263 0.05882353079505265
0 0.8613109499856364 0.3690476277261041 0.0167865707189776 0.04061624745372683
0 0.8896882481058128 0.38515407068189234 0.020783373271115124 0.053221289766952395
0 0.9108713016321417 0.3445378232281655 0.0167865707189776 0.04201680771075189
0 0.9212629882676993 0.3200280187302269 0.0167865707189776 0.0378151269396767
0 0.9124700226529967 0.2871148526901379 0.011990407656412572 0.02801120514050126
0 0.9180655462259892 0.26540616870624945 0.0167865707189776 0.035014006425626576
0 0.8820943232567515 0.288515412947163 0.01518784969812259 0.03361344616860151
0 0.8661071130482014 0.31652661808766425 0.01838529173983261 0.04481792822480202
0 0.8289368493133225 0.30532213603146374 0.019184652250260115 0.03641456668265164
0 0.7985611499170773 0.30112045526038855 0.019184652250260115 0.03361344616860151
0 0.8105515575734898 0.266106448834762 0.017585931229405105 0.03361344616860151
0 0.8245403665059712 0.2605042078066617 0.013589128677267581 0.03361344616860151
0 0.7977617894066498 0.255602246907074 0.014388489187695086 0.029411765397526324
0 0.8437250187562313 0.26540616870624945 0.01518784969812259 0.03221288591157645
0 0.8557154264126439 0.2528011263930239 0.013589128677267581 0.03221288591157645
