0 0.21474654629128054 0.3533772572991438 0.042396313860081136 0.0840197674697265
0 0.2788018465798814 0.26606259698746726 0.019354838936123997 0.03459637484047562
0 0.32903226191410795 0.2841845076181926 0.020276497933082283 0.03789126768242568
0 0.33963134037912823 0.2578253648825921 0.013824884954374284 0.03789126768242568
0 0.4202765026129782 0.2858319540391676 0.023963133920915425 0.03789126768242568
0 0.36129032680764794 0.21663920435821638 0.01658986194524914 0.03459637484047562
0 0.37649770025745966 0.22570015967357904 0.013824884954374284 0.03294892841950059
0 0.3801843362452928 0.2018121865694411 0.015668202948290855 0.03130148199852556
0 0.4165898666251451 0.2232289900421165 0.014746543951332569 0.03130148199852556
0 0.4373271940567065 0.23228994535747916 0.017511520942207426 0.02965403557755053
0 0.4589861804852262 0.22075782041065395 0.011059907963499427 0.02965403557755053
0 0.46267281647305936 0.1960461240960285 0.01843317993916571 0.02965403557755053
0 0.4350230465643108 0.19275123125407845 0.014746543951332569 0.02965403557755053
0 0.4188940141175408 0.18286655272822827 0.015668202948290855 0.02635914273560047
0 0.44976959051564336 0.16886325814994052 0.012903225957415998 0.0280065891565755
0 0.4396313415491022 0.16474464209750295 0.011059907963499427 0.02635914273560047
0 0.4672811114578508 0.1672158117289655 0.014746543951332569 0.03130148199852556
0 0.48433180290157907 0.17545304383384064 0.013824884954374284 0.03130148199852556
0 0.47972350791678764 0.1342668833094649 0.010138248966541141 0.024711696314625442
0 0.5050691303331405 0.14744645467726514 0.012903225957415998 0.0280065891565755
0 0.5244239692692645 0.21004941867431626 0.01658986194524914 0.024711696314625442
0 0.5373271952266805 0.16886325814994052 0.012903225957415998 0.0280065891565755
0 0.5622119881445542 0.168039534939453 0.014746543951332569 0.03294892841950059
0 0.5267281167616602 0.13920922257239 0.013824884954374284 0.024711696314625442
0 0.5506912506825756 0.12685337441507727 0.011981566960457712 0.02635914273560047
0 0.5834101450745948 0.11285007983678952 0.012903225957415998 0.021416803472675383
0 0.6041474725061562 0.1227347583626397 0.013824884954374284 0.021416803472675383
0 0.6792626807582565 0.10790774057386443 0.012903225957415998 0.0280065891565755
0 0.4751152129319962 0.32784183777403086 0.02488479291787371 0.042833606945350766
0 0.5428571492084302 0.3121910967747681 0.023963133920915425 0.051070839050225914
0 0.561751158646075 0.2561779184616171 0.019354838936123997 0.04118616052437574
0 0.600460836518323 0.2570016416721046 0.021198156930040568 0.03953871410340071
0 0.6110599149833433 0.2125205883057788 0.023963133920915425 0.042833606945350766
0 0.6594470123236533 0.2067545258323662 0.017511520942207426 0.04118616052437574
0 0.674654385773465 0.32125205209013075 0.027649769908748567 0.05930807115510106
0 0.5898617580533028 0.3467874716152437 0.023963133920915425 0.047775946208275855
0 0.7032258146791719 0.21087314188480377 0.01843317993916571 0.03624382126145065
0 0.7046083031746093 0.2841845076181926 0.02488479291787371 0.05766062473412603
0 0.6700460907886736 0.16639208851847798 0.01658986194524914 0.02965403557755053
0 0.7000000081898179 0.14827017788775265 0.017511520942207426 0.02965403557755053
0 0.694009224709589 0.18698516878066584 0.014746543951332569 0.03459637484047562
0 0.7442396400438156 0.19439867767505348 0.017511520942207426 0.03953871410340071
0 0.7313364140863996 0.1672158117289655 0.011981566960457712 0.024711696314625442
0 0.7419354925514199 0.15321251715067774 0.011059907963499427 0.02635914273560047
0 0.7267281191016082 0.13261943688848987 0.010138248966541141 0.024711696314625442
0 0.7437788105453365 0.10790774057386443 0.012903225957415998 0.0280065891565755
0 0.758525354496669 0.13509060651995242 0.012903225957415998 0.03294892841950059
0 0.7898617603932507 0.14250411541434005 0.014746543951332569 0.03130148199852556
0 0.8013824978552293 0.1334431600989774 0.011981566960457712 0.02635914273560047
0 0.7912442488886882 0.1902800616226159 0.017511520942207426 0.03789126768242568
0 0.7640553084784187 0.3179571592481807 0.025806451914831996 0.05271828547120094
0 0.810138258326333 0.1672158117289655 0.012903225957415998 0.03130148199852556
0 0.8382488577335607 0.18533772235969082 0.013824884954374284 0.03130148199852556
0 0.8635944801499136 0.2298187757260166 0.022119815926998854 0.051070839050225914
0 0.9138248954841401 0.280065891565755 0.02304147492395714 0.05930807115510106
0 0.9096774299978279 0.18698516878066584 0.01658986194524914 0.03459637484047562
0 0.8838709780829959 0.1507413475192152 0.012903225957415998 0.0280065891565755
0 0.8953917155449744 0.13673805294092745 0.013824884954374284 0.02965403557755053
0 0.8626728211529553 0.13756177615141496 0.011059907963499427 0.024711696314625442
0 0.8548387196788099 0.15403624036116526 0.013824884954374284 0.024711696314625442
0 0.8258064612746239 0.14415156183531508 0.012903225957415998 0.0280065891565755
0 0.8382488577335607 0.14991762430872768 0.013824884954374284 0.02965403557755053
0 0.8299539267609362 0.08154859783826396 0.011981566960457712 0.03130148199852556
