0 0.33802815712988377 0.2140319762402214 0.01408450654707849 0.033747780486010015
0 0.44366195623297244 0.22380107059143484 0.020120723638683558 0.0390763774048537
0 0.4904426386929117 0.22735346853733063 0.02313883218448609 0.03552397945895791
0 0.5070422356948256 0.18738899164600298 0.020120723638683558 0.0408525763778016
0 0.548792737245094 0.19626998651074246 0.017102615092881024 0.0408525763778016
0 0.5860160759766586 0.1767317978083156 0.015090542729012668 0.033747780486010015
0 0.7062373997177929 0.12433392810635269 0.018108651274815202 0.03552397945895791
0 0.6750502780778334 0.18738899164600298 0.016096578910946846 0.030195382540114224
0 0.638832975528203 0.25932505005039275 0.02414486836642027 0.053285969188436866
0 0.7228369967197068 0.29840142745524645 0.025150904548354447 0.06394316302612424
0 0.8189134520944208 0.13499112194404006 0.018108651274815202 0.04262877535074949
0 0.8888329667388462 0.1376554204034619 0.01911468745674938 0.04440497432369739
0 0.8340039948234335 0.2344582644291222 0.018108651274815202 0.04262877535074949
0 0.8415492661879398 0.3419183022924699 0.027162976912222803 0.05150977021548897
0 0.9295774321071804 0.2859680346446112 0.020120723638683558 0.03552397945895791
0 0.6207243242533877 0.14653641526820138 0.012072434183210135 0.026642984594218433
