0 0.45900002180133015 0.3413333296775818 0.034000001614913344 0.053333332762122154
0 0.882000041892752 0.395999995758757 0.0720000034198165 0.09866666560992599
0 0.9580000455025584 0.6626666595693678 0.08400000398978591 0.14666666509583592
0 0.7000000332482159 0.6999999925028533 0.08800000417977571 0.1413333318196237
0 0.6350000301608816 0.8893333238083869 0.1620000076945871 0.19999999785795808
0 0.6900000327732414 0.5786666604690254 0.0760000036098063 0.10133333224803209
0 0.7170000340556726 0.5279999943450093 0.050000002374872565 0.05866666603833437
0 0.7420000352431089 0.48133332817815244 0.04000000189989805 0.06133333267644048
0 0.8210000389954075 0.47866666154004633 0.042000001994892955 0.06666666595265269
0 0.8130000386154279 0.4226666621398181 0.04600000218488276 0.050666666124016047
0 0.49000002327375114 0.4799999948590994 0.04400000208988786 0.06399999931454659
0 0.4480000212788582 0.5039999946020544 0.03600000170990825 0.04799999948590994
0 0.4230000200914219 0.4773333282209933 0.034000001614913344 0.04799999948590994
0 0.3620000171940774 0.5426666608545929 0.05600000265985727 0.07733333250507712
0 0.3550000168615952 0.4919999947305769 0.04600000218488276 0.05599999940022826
0 0.26600001263432205 0.6093333268072456 0.0720000034198165 0.09333333233371377
0 0.2630000124918297 0.518666661111638 0.050000002374872565 0.07733333250507712
0 0.1910000090720132 0.4853333281353116 0.04600000218488276 0.04799999948590994
0 0.17000000807456672 0.6813333260361105 0.09600000455975533 0.13066666526719928
0 0.14100000669714063 0.570666660554707 0.0740000035148114 0.09066666569560766
0 0.12700000603217632 0.4653333283495158 0.04600000218488276 0.050666666124016047
0 0.10700000508222729 0.4919999947305769 0.042000001994892955 0.05599999940022826
0 0.02400000113993883 0.4999999946448952 0.03200000151991844 0.05599999940022826
