0 0.06768189370632172 0.4902548856334761 0.0355329941958189 0.07196401990950108
0 0.23434855695813894 0.344077970192302 0.01692047342658043 0.034482759539969265
0 0.2876480482518673 0.3163418375188485 0.01692047342658043 0.04197901161387563
0 0.25846023159101605 0.3785607297322713 0.021150591783225536 0.046476762858219445
0 0.2990693678148091 0.37181410286575556 0.021150591783225536 0.03598200995475054
0 0.3620981313288212 0.2901049552601762 0.013536378741264343 0.03748126036953181
0 0.34137055138126016 0.3628186003770679 0.021150591783225536 0.04497751244343817
0 0.3591370484791696 0.33208396687405184 0.016074449755251408 0.03148425871040672
0 0.39678510185331106 0.2728635754901916 0.018612520769238472 0.04197901161387563
0 0.3912859479896724 0.3463268458144739 0.012690355069935322 0.03598200995475054
0 0.4137055752798915 0.30509745940798894 0.015228426083922386 0.03148425871040672
0 0.4170896699652076 0.26836582424584776 0.015228426083922386 0.03298350912518799
0 0.44331640377640724 0.2361319403280504 0.013536378741264343 0.034482759539969265
0 0.45516073517501354 0.26836582424584776 0.01692047342658043 0.029985008295625448
0 0.43993230909109116 0.31409296189667657 0.021996615454554558 0.034482759539969265
0 0.414974610786885 0.3478260962292552 0.01776649709790945 0.03598200995475054
0 0.44035532092675567 0.27436282590497285 0.01776649709790945 0.03598200995475054
0 0.4691201257519424 0.24962519406108186 0.014382402412593365 0.02548725705128163
0 0.45896784169599414 0.34932534664403647 0.01776649709790945 0.05097451410256326
0 0.47588831512257457 0.4137931144796312 0.026226733811199665 0.05697151576168835
0 0.5122673329897225 0.32383808959275484 0.019458544440567493 0.03898051078431308
0 0.5181894986890256 0.27061469986801967 0.012690355069935322 0.03148425871040672
0 0.533417924772948 0.2856072040158324 0.01776649709790945 0.028485757880844176
0 0.5444162325002253 0.3620689751696773 0.02284263912588358 0.046476762858219445
0 0.5537224928848445 0.41679161530919373 0.027918781153857708 0.05097451410256326
0 0.6142131853848696 0.4497751244343817 0.032148899510502815 0.08095952239818871
0 0.6573603926226497 0.4865067595965229 0.03891708888113499 0.058470766176469624
0 0.5761421201750636 0.27661170152714476 0.0118443313986063 0.02548725705128163
0 0.5579526112414896 0.24362819240195677 0.014382402412593365 0.03148425871040672
0 0.5389170786365867 0.25337332009803504 0.018612520769238472 0.03298350912518799
0 0.7208121679723263 0.48725638480391353 0.030456852167844772 0.07196401990950108
0 0.6742808660492301 0.3725637280731462 0.02876480482518673 0.04947526368778199
0 0.6108290906995535 0.3418290945701301 0.018612520769238472 0.04197901161387563
0 0.5850253687240183 0.2196401857654564 0.012690355069935322 0.028485757880844176
0 0.6230964339338243 0.2091454328619875 0.014382402412593365 0.034482759539969265
0 0.6142131853848696 0.22038981097284704 0.0118443313986063 0.026986507466062903
0 0.6391708836890757 0.21664168493589386 0.01776649709790945 0.03148425871040672
0 0.6560913571156561 0.22488756221719086 0.016074449755251408 0.026986507466062903
0 0.6159052327275276 0.25562219572020695 0.01692047342658043 0.02548725705128163
0 0.6768189370632172 0.2173913101432845 0.008460236713290215 0.026986507466062903
0 0.709813860245049 0.2196401857654564 0.013536378741264343 0.028485757880844176
0 0.689932303968817 0.2278860630467534 0.010998307727277279 0.029985008295625448
0 0.6975465170107782 0.26011994696455076 0.01776649709790945 0.034482759539969265
0 0.7072757892310619 0.3080959602375515 0.018612520769238472 0.040479761199094355
0 0.649323167745024 0.3080959602375515 0.01776649709790945 0.03748126036953181
0 0.7415397479198873 0.2893553300527856 0.016074449755251408 0.03298350912518799
0 0.7508460083045065 0.25337332009803504 0.01776649709790945 0.03598200995475054
0 0.7000845880247653 0.37331335328053683 0.021150591783225536 0.05697151576168835
0 0.7364636058919132 0.41679161530919373 0.026226733811199665 0.05697151576168835
0 0.8024534522555768 0.4325337446643971 0.027918781153857708 0.06146926700603217
0 0.7774957539513707 0.2256371874245815 0.015228426083922386 0.03148425871040672
0 0.8003383930772543 0.2421289419871755 0.01692047342658043 0.028485757880844176
0 0.7787647894583642 0.26836582424584776 0.019458544440567493 0.03298350912518799
0 0.7990693575702608 0.29460270650452003 0.019458544440567493 0.0434782620286569
0 0.8142977836541831 0.2383808159502223 0.012690355069935322 0.020989505806937814
0 0.8401015056297183 0.2713643250754103 0.01692047342658043 0.03298350912518799
0 0.865482215769589 0.25112444447586313 0.015228426083922386 0.028485757880844176
0 0.8320642807520926 0.3643178507918492 0.021150591783225536 0.05097451410256326
0 0.8430625884793699 0.5187406435143203 0.027918781153857708 0.06296851742081344
0 0.869712334126234 0.467766129411757 0.02876480482518673 0.06896551907993853
0 0.8544839080423117 0.35082459705881774 0.025380710139870644 0.059970016591250896
0 0.8785955826751888 0.38380810618400574 0.024534686468541622 0.05697151576168835
0 0.9293570029549301 0.4820090083521791 0.027918781153857708 0.058470766176469624
0 0.8984771389514208 0.36506747599923983 0.01692047342658043 0.040479761199094355
0 0.967428068164736 0.3643178507918492 0.02284263912588358 0.04197901161387563
0 0.9289339911192656 0.32833584083709866 0.015228426083922386 0.04197901161387563
0 0.8946700324304402 0.25787107134237885 0.014382402412593365 0.02398800663650036
0 0.9162436360493302 0.2818590779788792 0.01692047342658043 0.03598200995475054
0 0.8705583577975631 0.2901049552601762 0.013536378741264343 0.034482759539969265
0 0.8989001507870853 0.3125937114818953 0.012690355069935322 0.028485757880844176
0 0.9585448196157813 0.3163418375188485 0.010152284055948257 0.029985008295625448
0 0.9424703698605299 0.32233883917797357 0.013536378741264343 0.03298350912518799
0 0.9581218077801168 0.28485757880844176 0.012690355069935322 0.02398800663650036
0 0.6586294281296432 0.24737631843890995 0.019458544440567493 0.03298350912518799
0 0.7182740969583392 0.2466266932315193 0.015228426083922386 0.028485757880844176
0 0.8354483754374087 0.311094461067114 0.01776649709790945 0.034482759539969265
0 0.5943316291086376 0.2593703217571601 0.01776649709790945 0.026986507466062903
0 0.570642966311425 0.22488756221719086 0.014382402412593365 0.02398800663650036
0 0.5799492266960442 0.4122938640648499 0.027918781153857708 0.05097451410256326
0 0.6620135228149593 0.3500749718514271 0.024534686468541622 0.04947526368778199
0 0.8756344998255372 0.26986507466062903 0.015228426083922386 0.03298350912518799
