0 0.1843749958788976 0.6000000145286322 0.09624999784864485 0.16444444842636585
0 0.03312499925959855 0.5044444566592574 0.04124999907799065 0.08888889104127884
0 0.3512499921489507 0.40888889878988266 0.03249999927356839 0.06666666828095913
0 0.43124999036081135 0.4122222322039306 0.024999999441206455 0.04666666779667139
0 0.48312498920131475 0.4122222322039306 0.04124999907799065 0.0688888905569911
0 0.5531249876366928 0.48000001162290573 0.05374999879859388 0.09333333559334278
0 0.5868749868823215 0.4377777883782983 0.03624999918974936 0.0844444464892149
0 0.6943749844795093 0.4055555653758347 0.038749999133870006 0.07333333510905504
0 0.7674999828450382 0.5455555687658489 0.07749999826774001 0.16222222615033388
0 0.7256249837810174 0.6822222387418151 0.10624999762512743 0.19555556029081345
0 0.8699999805539846 0.41777778789401054 0.0274999993853271 0.06666666828095913
0 0.9231249793665484 0.461111122276634 0.0437499990221113 0.08666666876524687
0 0.9424999789334834 0.4000000096857548 0.03749999916180968 0.0844444464892149
