0 0.3060699495836161 0.21167883044108748 0.027777776937000453 0.047445255098864436
0 0.32613167737144977 0.19434306415496394 0.016460904851555824 0.038321167579852045
0 0.3420781789463945 0.19616788165876642 0.01954732451122254 0.03102189756464213
0 0.5344650043989532 0.15784671407891437 0.017489711404778063 0.041970802587457
0 0.5658436042722315 0.2965328443679027 0.04320987523533404 0.0930656926939264
0 0.6147119155502878 0.23631386674242094 0.02160493761766702 0.049270072602666914
0 0.61111109261401 0.209854012937285 0.018518517958000302 0.04014598508365452
0 0.6815843415097333 0.17791970662074164 0.017489711404778063 0.041970802587457
0 0.6702674694242887 0.21806569170439616 0.02160493761766702 0.04562043759506196
0 0.6702674694242887 0.25547445053234696 0.025720163830555975 0.058394160121679306
0 0.7263374265749007 0.2837591218412854 0.02263374417088926 0.060218977625481784
0 0.7505143805756234 0.2819343043374829 0.02983539004344493 0.08211678767111152
0 0.7824073837255128 0.35492700448958203 0.05041152110788971 0.11496350273955613
0 0.7160493610426784 0.19525547290686518 0.018518517958000302 0.036496350076049566
0 0.8374485343229026 0.26916058181086555 0.02263374417088926 0.05656934261787683
