0 0.261216355022043 0.3761140729766339 0.04386839549988508 0.09982174448668957
0 0.28315055277198553 0.22727272182237357 0.017946161795407534 0.040998216485604644
0 0.3090727864764631 0.23440284642856568 0.019940179772675037 0.040998216485604644
0 0.3125623179366812 0.21925133164040744 0.018943170784041286 0.032085560727864504
0 0.3604187493911013 0.26559714158065617 0.024925224715843797 0.04278074763715267
0 0.36739781231153756 0.22549019067082554 0.02093718876130879 0.040998216485604644
0 0.3703888392774388 0.18627450533676893 0.018943170784041286 0.03743315418250859
0 0.40279163140803576 0.22727272182237357 0.019940179772675037 0.040998216485604644
0 0.413758730283007 0.21212120703421533 0.01595214381814003 0.032085560727864504
0 0.4122632168000564 0.254901954671368 0.024925224715843797 0.04634580994024873
0 0.4666002066805959 0.2103386758826673 0.019940179772675037 0.04634580994024873
0 0.47507478308398277 0.18983956763986498 0.018943170784041286 0.03743315418250859
0 0.46111665724311024 0.15686274133622646 0.014955134829506278 0.03565062303096056
0 0.4601196482544765 0.14438502327539027 0.016949152806773782 0.024955436121672392
0 0.4227318111807108 0.15508021018467844 0.017946161795407534 0.028520498424768448
0 0.4790628190385178 0.13190730521455407 0.01096709887497127 0.028520498424768448
0 0.49002991791348904 0.13547236751765013 0.014955134829506278 0.024955436121672392
0 0.4935194493737072 0.16221033479087055 0.01595214381814003 0.032085560727864504
0 0.522432710044086 0.16666666266974062 0.017946161795407534 0.040998216485604644
0 0.5024925302714109 0.12566844618413597 0.013958125840872526 0.030303029576316476
0 0.5179461695952341 0.1336898363661021 0.012961116852238774 0.028520498424768448
0 0.530408781953156 0.13636363309342414 0.013958125840872526 0.02673796727322042
0 0.5538384931860492 0.1345811019418761 0.01096709887497127 0.02673796727322042
0 0.5643070875667036 0.18003564630635083 0.023928215727210045 0.049910872243344784
0 0.578763717901893 0.1399286953965202 0.018943170784041286 0.03386809187941253
0 0.5877367987995967 0.1212121183052659 0.014955134829506278 0.021390373818576336
0 0.6011964201461524 0.14973261673003435 0.019940179772675037 0.03565062303096056
0 0.6365902392426506 0.15686274133622646 0.016949152806773782 0.028520498424768448
0 0.6321036987937987 0.13279857079032809 0.017946161795407534 0.030303029576316476
0 0.6176470684586093 0.11229946254752576 0.01096709887497127 0.032085560727864504
0 0.6041874471120536 0.06951871491037309 0.013958125840872526 0.028520498424768448
0 0.639082761714235 0.061497324728406966 0.013958125840872526 0.02673796727322042
0 0.66699901339598 0.06417112145572901 0.011964107863605022 0.028520498424768448
0 0.6814556437311694 0.06060605915263295 0.01096709887497127 0.032085560727864504
0 0.6480558426119387 0.12032085272949189 0.013958125840872526 0.030303029576316476
0 0.594715861720033 0.2156862693373114 0.024925224715843797 0.04634580994024873
0 0.6211365999188274 0.26470587600488216 0.027916251681745052 0.048128341091796756
0 0.6256231403676793 0.20766487915534526 0.024925224715843797 0.048128341091796756
0 0.6679960223846138 0.2290552529739216 0.02193419774994254 0.05169340339489281
0 0.7008973190095276 0.17468805285170674 0.017946161795407534 0.039215685334056616
0 0.719341985299252 0.18003564630635083 0.022931206738576293 0.049910872243344784
0 0.739282165071927 0.17379678727593273 0.016949152806773782 0.048128341091796756
0 0.7328016066458076 0.14171122654806823 0.013958125840872526 0.02673796727322042
0 0.7427716965321451 0.23351158085279167 0.023928215727210045 0.049910872243344784
0 0.7686939302366227 0.23885917430743575 0.02592223370447755 0.049910872243344784
0 0.7781655156286433 0.30926915479358286 0.028913260670378804 0.06595365260727704
0 0.9147557470714673 0.3324420597637072 0.024925224715843797 0.058823528001084924
0 0.7991027043899521 0.20142602012492716 0.02093718876130879 0.04634580994024873
0 0.7652043987764046 0.190730833215639 0.016949152806773782 0.04634580994024873
0 0.7517447774298489 0.12299464945681393 0.01595214381814003 0.032085560727864504
0 0.7676969212479889 0.11942958715371788 0.01595214381814003 0.032085560727864504
0 0.7841475695604458 0.1345811019418761 0.016949152806773782 0.040998216485604644
0 0.7936191549524665 0.16042780363932252 0.013958125840872526 0.032085560727864504
0 0.8070787762990221 0.12834224291145802 0.014955134829506278 0.03565062303096056
0 0.823529424611479 0.1336898363661021 0.013958125840872526 0.032085560727864504
0 0.8290129740489647 0.17647058400325477 0.02093718876130879 0.039215685334056616
0 0.8424725953955203 0.14527628885116428 0.013958125840872526 0.03386809187941253
0 0.8544367032591254 0.1399286953965202 0.011964107863605022 0.03386809187941253
0 0.8673978201113641 0.17023172497283667 0.01595214381814003 0.040998216485604644
0 0.8574277302250266 0.20855614473111928 0.017946161795407534 0.04634580994024873
0 0.843968108878471 0.23172904970124364 0.016949152806773782 0.057040996849536896
0 0.8883350088726729 0.23351158085279167 0.019940179772675037 0.04278074763715267
0 0.8963110807817429 0.20677361357957125 0.013958125840872526 0.039215685334056616
0 0.8808574414579198 0.16131906921509653 0.012961116852238774 0.03743315418250859
0 0.9012961257249117 0.17468805285170674 0.013958125840872526 0.03565062303096056
0 0.9112662156112492 0.18003564630635083 0.013958125840872526 0.03565062303096056
0 0.9187437830260023 0.1524064134573564 0.014955134829506278 0.03743315418250859
0 0.9332004133611917 0.20231728570070118 0.017946161795407534 0.03743315418250859
0 0.940179476281628 0.17379678727593273 0.011964107863605022 0.030303029576316476
0 0.9237288279691711 0.25668448582291603 0.022931206738576293 0.049910872243344784
0 0.920239296508953 0.20677361357957125 0.017946161795407534 0.04278074763715267
