0 0.17095736620831303 0.484572226065211 0.04424778890097514 0.0659186530392617
0 0.2940466698782984 0.26577839895617217 0.021721641824115068 0.04067321144975722
0 0.30973452230682597 0.2237026629736647 0.01609010505490005 0.02664796612225473
0 0.33547869039466605 0.2265077120391652 0.01930812606588006 0.029453015187755227
0 0.3608206058561336 0.21669004030991346 0.016894610307645053 0.02664796612225473
0 0.37087692151544616 0.2468443177640438 0.017699115560390055 0.033660588786005974
0 0.3262268799880985 0.26858344802167267 0.021721641824115068 0.03506311331875622
0 0.39742559485603124 0.25105189136229455 0.02252614707686007 0.03646563785150647
0 0.3938053212186787 0.2833099556155503 0.026548673340585083 0.05049088317900896
0 0.3857602686912287 0.22159887617453933 0.016894610307645053 0.030855539720505476
0 0.40305713162524626 0.22019635164178908 0.017699115560390055 0.03927068691700697
0 0.4139179525373038 0.19565217231865972 0.016894610307645053 0.03786816238425672
0 0.44006437325151637 0.16690041939727962 0.01287208404392004 0.030855539720505476
0 0.4505229415372014 0.17391304206103086 0.014481094549410045 0.02524544158950448
0 0.45897024669102393 0.1402524532750249 0.013676589296665043 0.030855539720505476
0 0.477473867504159 0.14446002687327564 0.012067578791175038 0.02524544158950448
0 0.486323425284354 0.1402524532750249 0.013676589296665043 0.030855539720505476
0 0.5148833617568016 0.13253856834489852 0.01287208404392004 0.02664796612225473
0 0.5329847299435642 0.1290322570130229 0.012067578791175038 0.02524544158950448
0 0.5703942241962068 0.11290322488639504 0.01287208404392004 0.02664796612225473
0 0.5945293817785569 0.10799438902176917 0.01609010505490005 0.028050490655004978
0 0.5671762031852268 0.1346423551440239 0.01609010505490005 0.03646563785150647
0 0.5241351721633691 0.157784009934403 0.016894610307645053 0.029453015187755227
0 0.5378117614600342 0.1774193533929065 0.024939662835095078 0.029453015187755227
0 0.5096540776139591 0.18863954965490848 0.021721641824115068 0.03786816238425672
0 0.4493161836580839 0.21598877804353833 0.023330652329605073 0.03927068691700697
0 0.4746580991195515 0.24474053096491843 0.027353178593330085 0.04067321144975722
0 0.5888978450093418 0.16269284579902887 0.020917136571370065 0.03646563785150647
0 0.6130330025916919 0.14095371554140002 0.017699115560390055 0.03786816238425672
0 0.6202735498663969 0.10729312675539404 0.011263073538430035 0.021037867991253734
0 0.627514097141102 0.0918653568951413 0.01287208404392004 0.021037867991253734
0 0.646017717954237 0.0974754550261423 0.014481094549410045 0.021037867991253734
0 0.6496379915915895 0.1290322570130229 0.018503620813135058 0.022440392524003983
0 0.6737731491739396 0.09537166822701693 0.013676589296665043 0.019635343458503485
0 0.6777956754376646 0.12131837208289653 0.016894610307645053 0.03506311331875622
0 0.6958970436244272 0.10098176635801792 0.01287208404392004 0.016830294393002987
0 0.7554304323275574 0.10939691355451941 0.01609010505490005 0.028050490655004978
0 0.7964602002175525 0.10729312675539404 0.011263073538430035 0.02664796612225473
0 0.8181818420416676 0.11921458528377116 0.01287208404392004 0.030855539720505476
0 0.8427192522503901 0.12973351927939802 0.013676589296665043 0.029453015187755227
0 0.8487530416459776 0.12272089661564678 0.011263073538430035 0.02664796612225473
0 0.8801287465030327 0.1318373060785234 0.01287208404392004 0.028050490655004978
0 0.8732904518547002 0.14726507593877614 0.013676589296665043 0.033660588786005974
0 0.8620273783162702 0.15708274766802788 0.018503620813135058 0.03927068691700697
0 0.8262268945691176 0.1605890589999035 0.017699115560390055 0.03506311331875622
0 0.78640388455824 0.15287517406977713 0.015285599802155048 0.03927068691700697
0 0.8069187685032375 0.17882187792565674 0.017699115560390055 0.03506311331875622
0 0.7284795063605998 0.13043478154577315 0.016894610307645053 0.030855539720505476
0 0.7473853798001073 0.1430575023405254 0.017699115560390055 0.033660588786005974
0 0.7357200536353048 0.1753155665937811 0.020112631318625063 0.033660588786005974
0 0.6934835278661922 0.15708274766802788 0.017699115560390055 0.02524544158950448
0 0.6934835278661922 0.1865357628557831 0.017699115560390055 0.03927068691700697
0 0.7075623697892297 0.21669004030991346 0.021721641824115068 0.04908835864625871
0 0.6757844123058021 0.22159887617453933 0.020917136571370065 0.033660588786005974
0 0.6673371071519796 0.2601683008251712 0.024939662835095078 0.043478260515257716
0 0.6263073392619845 0.2061711063142866 0.018503620813135058 0.044880785048007965
0 0.6138375078444369 0.2440392686985433 0.02574416808784008 0.04768583411350846
0 0.5691874663170893 0.24824684229679406 0.024939662835095078 0.03927068691700697
0 0.5394207719655242 0.29733520094305277 0.0313757048570551 0.056100981310009956
0 0.6142397604708094 0.3239831670653075 0.0313757048570551 0.05329593224450946
0 0.7566371902066749 0.2265077120391652 0.024939662835095078 0.057503505842760205
0 0.7839903688000049 0.19985974591691047 0.015285599802155048 0.03786816238425672
0 0.7739340531406924 0.2868162669474259 0.027353178593330085 0.05189340771175921
0 0.8246178840636276 0.25315567816141993 0.020917136571370065 0.043478260515257716
0 0.8407079891185276 0.21178120444528759 0.017699115560390055 0.030855539720505476
0 0.9143202197446954 0.13604487967677414 0.013676589296665043 0.028050490655004978
0 0.9074819250963628 0.15007012500427663 0.01609010505490005 0.033660588786005974
0 0.9400643878325354 0.15427769860252738 0.015285599802155048 0.028050490655004978
0 0.8990346199425403 0.18162692699115723 0.016894610307645053 0.032258064253255725
0 0.8805309991294052 0.21388499124441296 0.015285599802155048 0.03506311331875622
0 0.9292035669204779 0.2293127611046657 0.01930812606588006 0.043478260515257716
0 0.9408688930852804 0.2033660572487861 0.016894610307645053 0.033660588786005974
0 0.8938053357996978 0.2517531536286697 0.024135157582350075 0.04067321144975722
0 0.8584071046789177 0.287517529213801 0.027353178593330085 0.044880785048007965
0 0.9139179671183228 0.32889200292993337 0.024135157582350075 0.05469845677725971
0 0.81858409466804 0.3583450181176886 0.03620273637352511 0.0659186530392617
0 0.8857602832722478 0.41444599942769855 0.037007241626270115 0.0715287511702627
