0 0.052499998826533556 0.7133333506062627 0.09499999787658453 0.153333337046206
0 0.13999999687075615 0.6800000164657831 0.07499999832361937 0.1066666692495346
0 0.19499999564141035 0.7833333523012698 0.11999999731779099 0.19333333801478148
0 0.24249999457970262 0.6800000164657831 0.05999999865889549 0.08000000193715096
0 0.2974999933503568 0.690000016707927 0.08999999798834324 0.14000000339001417
0 0.28874999354593456 0.6250000151339918 0.06249999860301614 0.08333333535119891
0 0.3612499919254333 0.688333350000903 0.07249999837949872 0.11666666949167848
0 0.38124999147839844 0.6400000154972076 0.06249999860301614 0.08000000193715096
0 0.4349999902769923 0.6350000153761357 0.0549999987706542 0.08333333535119891
0 0.40874999086372554 0.4350000105332583 0.03749999916180968 0.07000000169500709
0 0.5024999887682498 0.8300000200979412 0.20999999530613422 0.28666667360812426
0 0.549999987706542 0.6650000161025673 0.09999999776482582 0.14333333680406213
0 0.7699999827891588 0.690000016707927 0.08999999798834324 0.14000000339001417
0 0.7762499826494604 0.6266666818410158 0.06249999860301614 0.08666666876524687
0 0.9174999794922769 0.838333353633061 0.1649999963119626 0.21000000508502126
0 0.9087499796878546 0.690000016707927 0.06249999860301614 0.07333333510905504
0 0.9737499782349914 0.6983333502430469 0.047499998938292265 0.10333333583548665
