0 0.06583198870066553 0.4307909612543881 0.039579968666657805 0.07062146905809641
0 0.2932148699183017 0.2690677971113473 0.02261712495237589 0.04661016957834363
0 0.3327948385849595 0.2655367236584425 0.019386107102036476 0.042372881434857845
0 0.31704362656455487 0.23516949196346104 0.018578352639451623 0.04096045205369592
0 0.35137319122441113 0.20974576310254633 0.019386107102036476 0.03813559329137206
0 0.3582391041563824 0.22669491567648947 0.018578352639451623 0.03248587576672435
0 0.373990316176787 0.25494350329972804 0.019386107102036476 0.043785310816019773
0 0.409935389761813 0.2846045203041285 0.021809370489791036 0.043785310816019773
0 0.4010500906733796 0.26624293834902346 0.018578352639451623 0.03813559329137206
0 0.3857027558842674 0.22740113036707044 0.02019386156462133 0.042372881434857845
0 0.4054927402175963 0.22387005691416562 0.01777059817686677 0.03248587576672435
0 0.41558967099990696 0.1949152546003461 0.016962843714281917 0.03672316391021013
0 0.44911148119717836 0.216101695317775 0.019386107102036476 0.03954802267253399
0 0.45920841197948903 0.19138418114744127 0.016962843714281917 0.03813559329137206
0 0.49273022217676044 0.22316384222358465 0.021001616027206182 0.042372881434857845
0 0.4361874097958207 0.17867231671698391 0.019386107102036476 0.04096045205369592
0 0.4709208516869694 0.16172316414304078 0.014539580326527357 0.026836158242076635
0 0.4721324833808467 0.14265536749735475 0.013731825863942504 0.025423728860914707
0 0.48061390523798764 0.13912429404444993 0.011308562476187944 0.026836158242076635
0 0.5121163292787969 0.18926553707569838 0.019386107102036476 0.03954802267253399
0 0.516962856054306 0.16384180821478367 0.019386107102036476 0.033898305147886276
0 0.5084814341971651 0.1497175144031644 0.013731825863942504 0.025423728860914707
0 0.5149434698978439 0.13488700590096414 0.01534733478911221 0.026836158242076635
0 0.5258481551427394 0.14265536749735475 0.01292407140135765 0.03107344638556242
0 0.5464458939386532 0.13206214713864028 0.013731825863942504 0.026836158242076635
0 0.5496769117889926 0.1751412432640791 0.018578352639451623 0.03672316391021013
0 0.5686591416597366 0.1398305087350309 0.016155089251697063 0.03107344638556242
0 0.5957189161563292 0.1610169494524598 0.02019386156462133 0.033898305147886276
0 0.5880452487617731 0.1454802262596786 0.014539580326527357 0.03107344638556242
0 0.5726979139726609 0.11864406801760197 0.016155089251697063 0.028248587623238564
0 0.5985460567753762 0.12288135616108775 0.016155089251697063 0.03672316391021013
0 0.6320678669726476 0.13841807935386896 0.016962843714281917 0.03672316391021013
0 0.6231825678842142 0.11935028270818293 0.013731825863942504 0.03248587576672435
0 0.6256058312719688 0.09675141260959208 0.013731825863942504 0.021186440717428923
0 0.6449919383740053 0.12288135616108775 0.012116316938772798 0.03107344638556242
0 0.6643780454760417 0.12641242961399257 0.013731825863942504 0.03248587576672435
0 0.6607431503944099 0.09745762730017304 0.01292407140135765 0.028248587623238564
0 0.6781098713399842 0.09745762730017304 0.01534733478911221 0.025423728860914707
0 0.6809370119590312 0.12146892677992582 0.011308562476187944 0.03107344638556242
0 0.7128433132311329 0.10946327704004943 0.01534733478911221 0.026836158242076635
0 0.5516962979454547 0.2846045203041285 0.03392568742856383 0.06355932215228677
0 0.5698707733536139 0.23728813603520393 0.02504038834013045 0.05367231648415327
0 0.6114701281767339 0.3220338989049196 0.03231017850339413 0.06779661029577255
0 0.6264135857345536 0.24435028294101357 0.023424879414960742 0.05367231648415327
0 0.6268174629658461 0.21398305124603212 0.024232633877545595 0.043785310816019773
0 0.6898223110474646 0.21963276877067983 0.01777059817686677 0.049435028340667486
0 0.6825525208842009 0.2796610174700618 0.02261712495237589 0.06214689277112484
0 0.7245557529386133 0.22457627160474658 0.024232633877545595 0.05649717524647713
0 0.6910339427413419 0.18361581955105066 0.016962843714281917 0.033898305147886276
0 0.717689840006642 0.14689265564084053 0.016962843714281917 0.03954802267253399
0 0.7411147194216028 0.18785310769453645 0.021809370489791036 0.0451977401971817
0 0.7758481613127515 0.29378531128168106 0.02504038834013045 0.06779661029577255
0 0.7693861256120726 0.23940678010694683 0.026655897265300155 0.06073446338996291
0 0.7883683554828167 0.20762711903080344 0.019386107102036476 0.042372881434857845
0 0.7491922640474513 0.13276836182922125 0.013731825863942504 0.03107344638556242
0 0.8602585026528686 0.2401129947975278 0.02261712495237589 0.04802259895950556
0 0.847334431251511 0.31991525483317673 0.027463651727885008 0.06355932215228677
0 0.8303715875372291 0.38629943574778736 0.037156705278903246 0.08615819225087762
0 0.9046849980950356 0.43220339063555 0.03069466957822442 0.08192090410739183
0 0.8295638330746442 0.2478813563939184 0.01777059817686677 0.043785310816019773
0 0.9232633507344872 0.33757062209770083 0.03069466957822442 0.07344632782042027
0 0.9337641587480903 0.23728813603520393 0.019386107102036476 0.0451977401971817
0 0.951534756924957 0.29025423782877624 0.024232633877545595 0.04661016957834363
0 0.8925686811562628 0.21963276877067983 0.019386107102036476 0.043785310816019773
0 0.907916015945375 0.1850282489322126 0.014539580326527357 0.03107344638556242
0 0.9119547882582992 0.15960452007129788 0.016155089251697063 0.033898305147886276
0 0.9252827368909493 0.13700564997270703 0.013731825863942504 0.03672316391021013
0 0.9491114935372025 0.15042372909374535 0.01292407140135765 0.02966101700440049
0 0.8546042214147747 0.18926553707569838 0.016155089251697063 0.03954802267253399
0 0.869143801741302 0.16242937883362174 0.016155089251697063 0.03107344638556242
0 0.871970942360349 0.13418079121038318 0.013731825863942504 0.03107344638556242
0 0.775444284081459 0.14477401156909764 0.016155089251697063 0.04096045205369592
0 0.7956381456460804 0.15607344661839306 0.016155089251697063 0.035310734529048204
0 0.7948303911834955 0.11935028270818293 0.014539580326527357 0.03248587576672435
0 0.8154281299794093 0.11158192111179233 0.01534733478911221 0.033898305147886276
0 0.8247173062991351 0.14689265564084053 0.01292407140135765 0.033898305147886276
0 0.8186591478297487 0.17372881388291717 0.013731825863942504 0.033898305147886276
0 0.8368336232379079 0.12288135616108775 0.011308562476187944 0.033898305147886276
0 0.8517770807957277 0.1278248589951545 0.013731825863942504 0.02966101700440049
0 0.8857027682242915 0.13841807935386896 0.012116316938772798 0.028248587623238564
