0 0.2983539004344493 0.17000000114785507 0.02057613106444478 0.038181818439625204
0 0.33847735601011664 0.20000000135041773 0.016460904851555824 0.03636363660916686
0 0.5344650043989532 0.18454545579152182 0.02160493761766702 0.04181818210054189
0 0.6116254958906211 0.20636363775702193 0.01954732451122254 0.04181818210054189
0 0.6244855778058991 0.21545454690931365 0.02057613106444478 0.04181818210054189
0 0.6383744662743993 0.2300000015529804 0.03189300314988941 0.056363636744208634
0 0.6723250825307332 0.20909091050270945 0.017489711404778063 0.04363636393100023
0 0.6779835185734555 0.1790909103001468 0.018518517958000302 0.038181818439625204
0 0.710390924999956 0.19272727402858436 0.017489711404778063 0.04000000027008355
0 0.6815843415097333 0.24363636528141797 0.027777776937000453 0.050909091252833605
0 0.7175925708725117 0.30818182026268914 0.02983539004344493 0.056363636744208634
0 0.8163579999818467 0.23363636521389708 0.02160493761766702 0.04909090942237526
0 0.8472221965785138 0.22727272880729288 0.025720163830555975 0.05454545491375029
0 0.8734567636856809 0.25636363809462637 0.02263374417088926 0.05818181857466698
0 0.8914608783670701 0.3218181839911267 0.03395061625633389 0.08727272786200047
