0 0.17271293717203662 0.373452547530178 0.036277603241615 0.06464924395550042
0 0.16443217991036363 0.3383768938947469 0.02760252420557663 0.04126547486521304
0 0.2231861242908053 0.310178819403518 0.033123029046691954 0.05364511732477695
0 0.23186120332684368 0.2675378287094645 0.025236593559384346 0.0398899590363726
0 0.28115142512251623 0.24552957544801757 0.01971608871826902 0.03713892737869173
0 0.34936909208772704 0.5151306779007427 0.0583596226060763 0.10041265550535172
0 0.36514196306234226 0.44360385480104014 0.04889590002130717 0.07840440224390477
0 0.32689275094890036 0.34456671512452886 0.0402208209852688 0.07840440224390477
0 0.30244480093824677 0.22145804844330996 0.022870662913192064 0.046767538180574775
0 0.3237381767539773 0.24071527004707605 0.01971608871826902 0.046767538180574775
0 0.3517350227339193 0.23383769090287387 0.023659306461922824 0.049518569838255644
0 0.3765772945189383 0.22008253261446953 0.02760252420557663 0.05502063315361738
0 0.39747634856030345 0.21389271138468757 0.025236593559384346 0.04814305400941521
