0 0.20280084054684266 0.3631284961011261 0.04045643366407603 0.08193668629974127
0 0.2935684801777825 0.21694599895272404 0.016597511246800423 0.035381750902161
0 0.33143155270954594 0.22253259120043367 0.019709544605575502 0.035381750902161
0 0.34336101391818374 0.20391061704140157 0.018672200152650476 0.03165735607035458
0 0.34751039172988385 0.18249534675851464 0.016597511246800423 0.02607076382264495
0 0.3573651640326716 0.2271880847401917 0.01763485569972545 0.03351955348625779
0 0.3812240864499472 0.2467411576071754 0.021784233511425555 0.03910614573396742
0 0.37966806977055967 0.2253258873242885 0.018672200152650476 0.03351955348625779
0 0.3915975309791975 0.1918063338380307 0.01763485569972545 0.03351955348625779
0 0.41078840335831046 0.20484171574935317 0.016597511246800423 0.03724394831806421
0 0.4159751256229356 0.1918063338380307 0.016597511246800423 0.03724394831806421
0 0.41493778117001057 0.16294227389153093 0.016597511246800423 0.035381750902161
0 0.4434647536254488 0.16759776743128896 0.01763485569972545 0.03724394831806421
0 0.4387967035872862 0.23184357827994972 0.02074688905850053 0.046554935397580266
0 0.4445020980783738 0.21601490024477243 0.019709544605575502 0.040968343149870634
0 0.4839211872895248 0.21880819636862725 0.021784233511425555 0.03910614573396742
0 0.4828838428365998 0.1731843596789986 0.013485477888025343 0.02979515865445137
0 0.4714730538544245 0.15176908939611167 0.013485477888025343 0.02793296123854816
0 0.4553942148340866 0.14525139844045043 0.01452282234095037 0.02979515865445137
0 0.4683610204956494 0.13221601652912796 0.01141078898217529 0.02607076382264495
0 0.49221994291292503 0.13500931265298277 0.009336100076325238 0.020484171574935317
0 0.49273861513938755 0.1573556816438213 0.016597511246800423 0.03165735607035458
0 0.5217842598212883 0.1741154583869502 0.01452282234095037 0.03910614573396742
0 0.5347510654828511 0.18994413642212749 0.015560166793875396 0.03724394831806421
0 0.5025933874421753 0.11918063461780548 0.013485477888025343 0.02979515865445137
0 0.5243776209536009 0.12756052298936993 0.01141078898217529 0.02793296123854816
0 0.5409751322004013 0.14432029973249882 0.015560166793875396 0.03165735607035458
0 0.5544606100884266 0.16108007647562772 0.015560166793875396 0.03910614573396742
0 0.5466805266914889 0.12849162169732153 0.012448133435100317 0.02607076382264495
0 0.5850622714497149 0.1741154583869502 0.02074688905850053 0.035381750902161
0 0.5809128936380148 0.11918063461780548 0.012448133435100317 0.02979515865445137
0 0.5928423548466526 0.10986964753828943 0.009336100076325238 0.02979515865445137
0 0.6037344716023654 0.12011173332575709 0.012448133435100317 0.02793296123854816
0 0.6146265883580782 0.11080074624624103 0.01141078898217529 0.02420856640674174
0 0.6260373773402534 0.11266294366214424 0.01141078898217529 0.02793296123854816
0 0.6167012772639282 0.14990689198020846 0.015560166793875396 0.03165735607035458
0 0.5715767935616896 0.2458100588992238 0.024896266870200634 0.0521415276452899
0 0.5819502380909398 0.27839851367753 0.026970955776050687 0.05772811989299953
0 0.49221994291292503 0.28677840204909444 0.028008300228975713 0.06331471214070916
0 0.610477210546378 0.32402235036715865 0.03215767804067582 0.06331471214070916
0 0.6317427718313411 0.22067039378453046 0.02074688905850053 0.046554935397580266
0 0.6447095774929039 0.2281191834481433 0.021784233511425555 0.05400372506119311
0 0.6473029386252165 0.12942272040527314 0.01452282234095037 0.03165735607035458
0 0.6649377943249419 0.10148975916672498 0.012448133435100317 0.02793296123854816
0 0.665975138777867 0.1405959049006924 0.016597511246800423 0.03165735607035458
0 0.6830913222511299 0.12942272040527314 0.015560166793875396 0.02793296123854816
0 0.6908714056480676 0.10148975916672498 0.010373444529250264 0.02793296123854816
0 0.7147303280653432 0.11359404237009585 0.016597511246800423 0.02979515865445137
0 0.6970954723656178 0.15176908939611167 0.016597511246800423 0.03165735607035458
0 0.6732365499483421 0.18156424805056304 0.016597511246800423 0.03910614573396742
0 0.6815353055717424 0.2458100588992238 0.024896266870200634 0.05586592247709632
0 0.6924274223274551 0.30260708008427173 0.030082989134825766 0.06145251472480595
0 0.724585100368131 0.2998137839604169 0.023858922417275608 0.05586592247709632
0 0.7489626950118691 0.37802607542835176 0.0352697113994509 0.07448789663612843
0 0.7391079227090813 0.22998138086404651 0.023858922417275608 0.046554935397580266
0 0.7188797058770433 0.176908754510805 0.02074688905850053 0.040968343149870634
0 0.747925350558944 0.16759776743128896 0.02074688905850053 0.03724394831806421
0 0.7567427784088068 0.18063314934261143 0.019709544605575502 0.044692737981677055
0 0.7531120728235692 0.12662942428141832 0.01452282234095037 0.02607076382264495
0 0.7785270119202323 0.1405959049006924 0.015560166793875396 0.035381750902161
0 0.8008299176581204 0.17225326097104698 0.01452282234095037 0.035381750902161
0 0.7987552287522703 0.22439478861633688 0.02074688905850053 0.042830540565773845
0 0.7707469285232946 0.24767225631512702 0.02074688905850053 0.04841713281348348
0 0.7982365565258078 0.28957169817294925 0.02593361132312566 0.05400372506119311
0 0.8184647733578458 0.25325884856283665 0.024896266870200634 0.0521415276452899
0 0.8329875956987962 0.313780264579691 0.024896266870200634 0.07635009405203164
0 0.8158714122255333 0.39292365475557745 0.03423236694652587 0.070763501804322
0 0.8988589684595354 0.4404096888611093 0.04045643366407603 0.0875232785474509
0 0.9185685130651109 0.33798883098643273 0.03215767804067582 0.06517690955661237
0 0.9211618741974235 0.2932960930047557 0.02282157796435058 0.046554935397580266
0 0.9268672686885111 0.2262569860322401 0.01763485569972545 0.042830540565773845
0 0.88329880166566 0.2281191834481433 0.023858922417275608 0.046554935397580266
0 0.8698133237776347 0.2793296123854816 0.021784233511425555 0.0521415276452899
