0 0.19835906961816363 0.40807560726534575 0.041505790723022074 0.0807560149114579
0 0.2620656321232673 0.2723367736907676 0.014478764205705374 0.03608247474767268
0 0.29633204074343666 0.24484536435920745 0.01351351325865835 0.025773196248337626
0 0.3011582954786718 0.2585910690249875 0.01351351325865835 0.025773196248337626
0 0.3248069436813239 0.250000003608875 0.014478764205705374 0.029209622414782643
0 0.3248069436813239 0.21305842231959105 0.014478764205705374 0.027491409331560135
0 0.3431467116752174 0.21048110269475728 0.012548262311611325 0.025773196248337626
0 0.3556949739868287 0.250000003608875 0.016409266099799424 0.03608247474767268
0 0.38416987692471594 0.2646048148162663 0.0193050189409405 0.0412371139973402
0 0.4174710345978383 0.27663230639882386 0.020270269887987524 0.04467354016378522
0 0.3836872514511924 0.20360825036186725 0.014478764205705374 0.03608247474767268
0 0.40781852512736805 0.17783505411352962 0.012548262311611325 0.025773196248337626
0 0.41940153649193235 0.18470790644641966 0.014478764205705374 0.03264604858122766
0 0.43822392995934933 0.1632302429061383 0.01351351325865835 0.03436426166445017
0 0.4604247017414309 0.15979381673969328 0.01351351325865835 0.030927835498005152
0 0.46573358195018955 0.14862543169874698 0.010617760417517275 0.02233677008189261
0 0.4787644697353244 0.1408934728242457 0.01351351325865835 0.027491409331560135
0 0.48214284804998897 0.21735395502764732 0.016409266099799424 0.03608247474767268
0 0.4300192969094496 0.24484536435920745 0.020270269887987524 0.03264604858122766
0 0.4985521141497884 0.19072165223769844 0.018339767993893474 0.03436426166445017
0 0.5077219981467351 0.12457044853363186 0.0115830113645643 0.025773196248337626
0 0.5231660132994875 0.1331615139497444 0.01351351325865835 0.02233677008189261
0 0.5275096425611991 0.20876288961153477 0.018339767993893474 0.03608247474767268
0 0.559362923813751 0.1408934728242457 0.010617760417517275 0.030927835498005152
0 0.5786679427546915 0.13230240740813315 0.014478764205705374 0.0206185569986701
0 0.5883204522251617 0.13917525974102318 0.012548262311611325 0.0206185569986701
0 0.6003860890632495 0.10481099807657301 0.01351351325865835 0.0206185569986701
0 0.6240347372659016 0.11168385040946305 0.012548262311611325 0.0206185569986701
0 0.6278957410540897 0.13573883357457817 0.014478764205705374 0.030927835498005152
0 0.6138996023219079 0.15292096440680325 0.01737451704684645 0.030927835498005152
0 0.6462355090479832 0.11683848965913057 0.014478764205705374 0.024054983165115118
0 0.6655405279889237 0.12285223545040935 0.012548262311611325 0.02233677008189261
0 0.6549227675714064 0.1615120298229158 0.018339767993893474 0.03436426166445017
0 0.618725857057143 0.19931271765381098 0.01737451704684645 0.0412371139973402
0 0.5719111861253623 0.1726804148638621 0.014478764205705374 0.03608247474767268
0 0.5376447775051929 0.18041237373836339 0.0193050189409405 0.030927835498005152
0 0.5024131179379765 0.2929553306894377 0.022200771782081574 0.05670103174634278
0 0.5521235417108983 0.31443299422971904 0.0270270265173167 0.048109966330230236
0 0.5733590625459328 0.23797251202631742 0.02123552083503455 0.04295532708056271
0 0.6085907221131492 0.25601374940015376 0.022200771782081574 0.048109966330230236
0 0.657335894939024 0.20360825036186725 0.0193050189409405 0.039518900914117694
0 0.6684362808300648 0.24828179052565247 0.018339767993893474 0.04639175324700773
0 0.6824324195622467 0.30498282227199525 0.02509652462322265 0.07044673641212285
0 0.7046331913443282 0.22079038119409233 0.0154440151527524 0.039518900914117694
0 0.7234555848117452 0.2551546428585425 0.020270269887987524 0.049828179413452744
0 0.7427606037526857 0.3341924446867779 0.031853281252551824 0.06357388407923281
0 0.7784748887934256 0.2886597979813814 0.022200771782081574 0.05154639249667525
0 0.7480694839614443 0.2422680447343737 0.01737451704684645 0.037800687830895185
0 0.7466216075408738 0.202749143820256 0.018339767993893474 0.037800687830895185
0 0.7176640791294631 0.1950171849457547 0.018339767993893474 0.03608247474767268
0 0.696911183767952 0.1537800709484145 0.0154440151527524 0.03608247474767268
0 0.7306949669145979 0.152061857865192 0.01351351325865835 0.03608247474767268
0 0.7485521094349679 0.15292096440680325 0.016409266099799424 0.03436426166445017
0 0.7726833831111435 0.12714776815846562 0.012548262311611325 0.030927835498005152
0 0.7668918774288613 0.1743986279470846 0.010617760417517275 0.03264604858122766
0 0.8021235369960777 0.13058419432491064 0.01351351325865835 0.03436426166445017
0 0.793918903946178 0.18642611952964216 0.016409266099799424 0.039518900914117694
0 0.811776046466548 0.1709622017806396 0.0154440151527524 0.03608247474767268
0 0.7987451586814132 0.15807560365647078 0.014478764205705374 0.03436426166445017
0 0.8402509494044352 0.13917525974102318 0.012548262311611325 0.03436426166445017
0 0.8745173580246046 0.14347079244907945 0.01351351325865835 0.03608247474767268
0 0.8465250805602409 0.1838487999048084 0.0154440151527524 0.037800687830895185
0 0.8407335748779587 0.22079038119409233 0.0193050189409405 0.04295532708056271
0 0.8223938068840653 0.23539519240148365 0.0193050189409405 0.048109966330230236
0 0.8947876279125921 0.19845361111219972 0.01737451704684645 0.039518900914117694
0 0.8822393656009808 0.2457044709008187 0.0193050189409405 0.061855670996010303
0 0.9179536506417207 0.27319588023237884 0.0193050189409405 0.048109966330230236
