0 0.2576601627515629 0.21612902893684804 0.01578458654694259 0.0387096768245101
0 0.2943361138459295 0.1999999969266355 0.01857010181993246 0.045161289628595114
0 0.2855153154814616 0.2564516089623794 0.03064066800288856 0.058064515236765146
0 0.31615598348435014 0.21048386773327366 0.019498606910929084 0.04032258002553135
0 0.3458681463962421 0.21048386773327366 0.028783657820895314 0.053225805633701384
0 0.3834726025816053 0.20967741613276303 0.0241411323659122 0.0387096768245101
0 0.397864431492053 0.1669354813056998 0.025069637456908822 0.04677419282961637
0 0.4563602522248402 0.1911290293210186 0.025069637456908822 0.053225805633701384
0 0.5496750138700008 0.20241935172816738 0.0241411323659122 0.053225805633701384
0 0.6114206024212763 0.24274193175369874 0.026926647638902068 0.05645161203574389
0 0.5167130831396207 0.2830645117792301 0.0362116985488683 0.06935483764391392
