0 0.05416666797827929 0.335416684160009 0.06944444612599909 0.10833333898335695
0 0.13541666994569823 0.5135416934499517 0.1291666697943583 0.21458334452472627
0 0.2618055618950166 0.4708333578892052 0.10138889134395868 0.18333334289491177
0 0.2138888940680772 0.3343750174390152 0.05833333474583924 0.09791667177341878
0 0.3611111198551953 0.3645833523478359 0.06388889043591917 0.10000000521540642
0 0.4500000108964741 0.4385416895383969 0.09444444673135877 0.147916674381122
0 0.6298611263628118 0.35625001857988536 0.056944445823319256 0.11250000586733222
0 0.6027777923736721 0.34270835120696574 0.05000000121071935 0.09375000488944352
0 0.7833333523012698 0.3270833503920585 0.05000000121071935 0.08750000456348062
0 0.8083333529066294 0.46041669067926705 0.08611111319623888 0.1666666753590107
0 0.8986111328704283 0.5166666936129332 0.1222222251817584 0.22500001173466444
0 0.9520833563874476 0.4197916885605082 0.09027777996379882 0.147916674381122
