0 0.9000000217929482 0.5523076928220689 0.02666666731238365 0.05230769235640764
0 0.840833353693597 0.6015384620986879 0.021666667191311717 0.04615384619683027
0 0.8158333530882373 0.5815384620800614 0.021666667191311717 0.04307692311704159
0 0.76250001846347 0.5630769236013293 0.02833333401940763 0.05538461543619633
0 0.8600000208243728 0.5461538466624916 0.02000000048428774 0.04615384619683027
0 0.9316666892264038 0.5969230774790049 0.016666667070239782 0.04307692311704159
0 0.6491666823858395 0.5553846159018576 0.015000000363215804 0.027692307718098164
0 0.5575000134995207 0.556923077441752 0.01833333377726376 0.03692307695746422
0 0.5491666799644008 0.5723076928406954 0.015000000363215804 0.02461538463830948
0 0.4916666785720736 0.566153846681118 0.013333333656191826 0.02461538463830948
0 0.47000001138076186 0.5830769236199558 0.01000000024214387 0.021538461558520794
0 0.45666667772457004 0.5784615390002728 0.01000000024214387 0.01846153847873211
0 0.40166667639277875 0.566153846681118 0.01000000024214387 0.01846153847873211
0 0.2758333400124684 0.5769230774603784 0.021666667191311717 0.0400000000372529
0 0.4383333439473063 0.566153846681118 0.01000000024214387 0.02461538463830948
0 0.4133333433419466 0.5630769236013293 0.01000000024214387 0.01846153847873211
0 0.02916666737291962 0.5738461543805897 0.015000000363215804 0.027692307718098164
0 0.07750000187661499 0.5969230774790049 0.015000000363215804 0.02461538463830948
0 0.1000000024214387 0.5892307697795331 0.013333333656191826 0.027692307718098164
0 0.11583333613816649 0.5769230774603784 0.011666666949167848 0.03384615387767553
0 0.12833333644084632 0.5738461543805897 0.013333333656191826 0.027692307718098164
0 0.1683333374094218 0.5800000005401671 0.013333333656191826 0.027692307718098164
