0 0.0993055579601787 0.2203663784894161 0.15138889255467802 0.27909482654649764
0 0.03298611190984957 0.05064655153546482 0.06458333489717916 0.0926724134478718
0 0.2986111183417961 0.17995689588133246 0.0916666688863188 0.15086206840351224
0 0.5031250121828634 0.266702585213352 0.1076388914952986 0.1993534475332126
0 0.6416666822042316 0.22359913709806278 0.07916666858363897 0.1454741373891011
0 0.7427083513175603 0.16810344764962792 0.06180555705213919 0.12068965472280979
0 0.7906250191444997 0.14493534428765997 0.06319444597465917 0.11530172370839864
0 0.8649305764993187 0.1066810340853408 0.054861112439539284 0.10991379269398749
0 0.8045139083696995 0.5188577566877939 0.22013889421941712 0.3566810331540182
0 0.9493055785424076 0.18588361999718472 0.10138889134395868 0.19073275791015476
