0 0.06213163287611678 0.3563536030560499 0.042239687172695994 0.0747697999177035
0 0.10866896263905801 0.34106815134873614 0.03855599352391437 0.0758747723302804
0 0.14022593823028728 0.3508287409931654 0.0540275068487972 0.0747697999177035
0 0.19990177534054965 0.3672191651130561 0.06385068991221488 0.09060773783130571
0 0.27861002963618375 0.42928178228612524 0.06802554271416739 0.09686924816924147
0 0.31016700522741303 0.48103132360847667 0.06385068991221488 0.10313075850717723
0 0.43958744208794087 0.43370167193643283 0.07023575890343636 0.11381215849542059
0 0.4988949098333251 0.4734806787892012 0.06802554271416739 0.1263351791712921
0 0.6437868600187358 0.518784547704854 0.07441061170538887 0.15359116534818895
0 0.7771365701046307 0.7198895267938497 0.10535363835515454 0.17053407567436807
0 0.9020137847983278 0.519889520117431 0.08153241942636669 0.12412523434613831
0 0.8587917793192901 0.45506447191291954 0.06385068991221488 0.09981584126944654
0 0.8202357857953757 0.4099447650660295 0.0510805519297719 0.10018416540697217
0 0.6550835205416661 0.37348067545099184 0.0645874286419712 0.09060773783130571
0 0.5519400983757805 0.36353592373779975 0.05329076811904088 0.09134438610635698
0 0.4620579733455088 0.3515653892682167 0.046414539974648505 0.06961326199234463
0 0.41711691083037294 0.346224689274095 0.05476424557855353 0.08176795853069052
0 0.3458988336205948 0.2946593100205064 0.05279960896586999 0.08618784818099812
0 0.28450393947423436 0.2725598617689684 0.044941062515135854 0.0758747723302804
0 0.23231827944982797 0.27734807555680163 0.04567780124489218 0.06629834475461394
0 0.49287821020698175 0.1484346274228301 0.049115915317088366 0.08618784818099812
0 0.4996316485630814 0.23370166526001412 0.028732810460496694 0.06961326199234463
0 0.5886542450753041 0.24254144456062932 0.04273084632586688 0.0681399654422421
0 0.6052308664948214 0.22688766871578991 0.02676817384781316 0.06408839992946014
0 0.7051817541650962 0.12891344813397154 0.035609038604889065 0.07661142060533166
0 0.7019892196694855 0.2815838031383464 0.047888017434161156 0.07697974474285729
0 0.7588408916490152 0.27992634451948106 0.043713164632208645 0.08176795853069052
0 0.7479126004909631 0.2335175031912513 0.037082516064401716 0.05672191717894748
0 0.8125000291329343 0.23885820318537299 0.04150294844293967 0.07182320681749843
0 0.8661591666168533 0.2725598617689684 0.042239687172695994 0.08839779300615191
