0 0.21509740239707753 0.6200417673680931 0.10551948042120785 0.14613779028877616
0 0.3303571425494738 0.31628393183927983 0.060064935008995235 0.08141962601803243
0 0.41314935026457533 0.5615866512525827 0.11201298690866679 0.1544885211624205
0 0.5527597397449426 0.5260960450395942 0.06980519474018365 0.1043841359205544
0 0.5925324669806287 0.8569937559077516 0.2597402594983578 0.28601253242231905
0 0.6623376617208123 0.5772442716406658 0.07467532460577786 0.10647181863896549
0 0.710227272065822 0.5386221413500607 0.05681818176526576 0.0876826741732657
0 0.6923701292253099 0.41127349552698433 0.043831168790347874 0.06263048155233264
0 0.7581168824108317 0.6127348778536543 0.10064935055561364 0.15240083844400942
0 0.8035714278230444 0.5615866512525827 0.07142857136204839 0.10020877048373222
0 0.8303571420838125 0.5031315351370722 0.060064935008995235 0.09603340504691005
0 0.9204545445973054 0.6137787192128599 0.10389610379934311 0.14196242485195398
0 0.9155844147317111 0.5313152518356219 0.08766233758069575 0.10647181863896549
