0 0.20179819618351758 0.2165775349130854 0.01598401553928852 0.03386809187941253
0 0.2917082835920155 0.21390373818576336 0.013986013596877456 0.03565062303096056
0 0.3466533370083198 0.190730833215639 0.01598401553928852 0.03565062303096056
0 0.3631368530332111 0.20142602012492716 0.016983016510494053 0.03565062303096056
0 0.39610388508299366 0.2415329710347578 0.01898101845290512 0.03743315418250859
0 0.4355644234456122 0.22459892509505153 0.025974025251343846 0.057040996849536896
0 0.4845154710346833 0.2299465185496956 0.01998001942411065 0.039215685334056616
0 0.459540446754545 0.21479500376153737 0.01598401553928852 0.03743315418250859
0 0.42407591227674857 0.17557931842748076 0.012987012625671923 0.02673796727322042
0 0.4030968918814324 0.17557931842748076 0.016983016510494053 0.030303029576316476
0 0.38411587342852727 0.1720142561243847 0.012987012625671923 0.023172904970124364
0 0.4310689190751873 0.14795008557848632 0.010989010683260858 0.024955436121672392
0 0.4930069792899303 0.18003564630635083 0.014985014568082988 0.032085560727864504
0 0.4815184681210667 0.16131906921509653 0.013986013596877456 0.02673796727322042
0 0.5159840016276576 0.17736184957902879 0.012987012625671923 0.03386809187941253
0 0.5474525322206318 0.1844919741852209 0.017982017481699586 0.030303029576316476
0 0.47352646035142243 0.13636363309342414 0.01198801165446639 0.023172904970124364
0 0.48201796860666946 0.13279857079032809 0.010989010683260858 0.023172904970124364
0 0.5824175662128255 0.1791443807305768 0.017982017481699586 0.03386809187941253
0 0.5444555293070152 0.1408199609722942 0.01198801165446639 0.024955436121672392
0 0.5209790064836852 0.1345811019418761 0.008991008740849793 0.023172904970124364
0 0.514985000656452 0.13279857079032809 0.014985014568082988 0.02673796727322042
0 0.5794205632992089 0.12655971175991 0.009990009712055326 0.024955436121672392
0 0.5884115720400587 0.13636363309342414 0.01198801165446639 0.030303029576316476
0 0.6003995836945251 0.12477718060836196 0.01198801165446639 0.024955436121672392
0 0.6238761065178551 0.1408199609722942 0.014985014568082988 0.024955436121672392
0 0.6548451366252266 0.14884135115426034 0.01898101845290512 0.030303029576316476
0 0.6618381434236653 0.11408199369907379 0.014985014568082988 0.03565062303096056
0 0.6813186623621732 0.12477718060836196 0.01198801165446639 0.032085560727864504
0 0.7167831968399696 0.11942958715371788 0.014985014568082988 0.028520498424768448
0 0.6108890938921832 0.1149732592748478 0.014985014568082988 0.023172904970124364
0 0.6358641181723215 0.12566844618413597 0.012987012625671923 0.019607842667028308
0 0.5674325516447425 0.27183600061107427 0.02797202719375491 0.06238859030418098
0 0.5779220618424006 0.24955436121672392 0.02697302622254938 0.05347593454644084
0 0.6383616206003353 0.25044562679249793 0.017982017481699586 0.05169340339489281
0 0.6383616206003353 0.2032085512764752 0.013986013596877456 0.039215685334056616
0 0.6553446371108294 0.19340462994296104 0.01598401553928852 0.030303029576316476
0 0.67532465653494 0.22549019067082554 0.01998001942411065 0.0445632787887007
0 0.6833166643045843 0.26381461042910814 0.01998001942411065 0.04634580994024873
0 0.7387612182064913 0.2736185317626223 0.02697302622254938 0.05169340339489281
0 0.7222777021816 0.23975043988320976 0.01998001942411065 0.0445632787887007
0 0.6983016788726673 0.17647058400325477 0.017982017481699586 0.032085560727864504
0 0.7002996808150783 0.2156862693373114 0.017982017481699586 0.039215685334056616
0 0.74575422500493 0.18627450533676893 0.016983016510494053 0.030303029576316476
0 0.7542457332601771 0.2103386758826673 0.017982017481699586 0.03565062303096056
0 0.7707292492850684 0.2602495481260121 0.020979020395316184 0.04278074763715267
0 0.797202775022015 0.29500890558119863 0.021978021366521716 0.05525846569798887
0 0.8436563201830722 0.32174687285441905 0.024975024280138314 0.05169340339489281
0 0.9120878867106512 0.36631015164311975 0.02397602330893278 0.058823528001084924
0 0.9280719022499397 0.3065953580662608 0.01998001942411065 0.049910872243344784
0 0.8821178575744852 0.2664884071564302 0.021978021366521716 0.048128341091796756
0 0.8401598167838529 0.24598929891362786 0.017982017481699586 0.04278074763715267
0 0.797202775022015 0.22192512836772949 0.01598401553928852 0.03386809187941253
0 0.7712287497706711 0.13012477406300604 0.013986013596877456 0.03565062303096056
0 0.7442557235481218 0.1648841315181926 0.01598401553928852 0.023172904970124364
0 0.7892107672523707 0.15686274133622646 0.009990009712055326 0.028520498424768448
0 0.7987012764788233 0.14171122654806823 0.010989010683260858 0.02673796727322042
0 0.8066932842484675 0.1657753970939666 0.010989010683260858 0.028520498424768448
0 0.8156842929893173 0.15686274133622646 0.010989010683260858 0.032085560727864504
0 0.8241758012445644 0.1408199609722942 0.013986013596877456 0.032085560727864504
0 0.844155820668675 0.21301247260998935 0.01598401553928852 0.02673796727322042
0 0.8551448313519359 0.1853832397609949 0.01598401553928852 0.032085560727864504
0 0.8341658109566197 0.18983956763986498 0.01598401553928852 0.02673796727322042
0 0.8446553211542778 0.1657753970939666 0.010989010683260858 0.032085560727864504
0 0.8561438323231414 0.1595365380635485 0.009990009712055326 0.030303029576316476
0 0.8711288468912244 0.17379678727593273 0.01198801165446639 0.03743315418250859
0 0.8866133619449101 0.1657753970939666 0.012987012625671923 0.039215685334056616
0 0.9095903842826374 0.1657753970939666 0.010989010683260858 0.032085560727864504
0 0.9055943803978153 0.2156862693373114 0.010989010683260858 0.024955436121672392
0 0.9285714027355425 0.2361853775801137 0.014985014568082988 0.040998216485604644
0 0.9475524211884476 0.2228163939435035 0.012987012625671923 0.028520498424768448
0 0.9545454279868864 0.18360070860944688 0.016983016510494053 0.032085560727864504
