0 0.04389995033852756 0.6880109189660288 0.07350689359009266 0.13896458165254444
0 0.1962736151763238 0.5930972014321014 0.04441041487734765 0.09264305443502963
0 0.2304747392772697 0.6743869403726421 0.06380806735251099 0.11898274638224393
0 0.2600816825288348 0.5445050111156888 0.042368556722067297 0.08083560632076114
0 0.30576825875323266 0.5127157277311198 0.035732517717406154 0.06085377105046064
0 0.32133742718724534 0.601725721207913 0.04338948579970747 0.10445050254929811
0 0.36217459029285237 0.5563124592299573 0.030117407790385187 0.06811989296693355
0 0.3935681594302878 0.521798380126711 0.02654415601864457 0.05722071009222418
0 0.40556407609255984 0.4922797598410398 0.026033691479824483 0.05994550581090152
0 0.3971414112020284 0.47048139409162104 0.022460439708083868 0.0454132619779557
0 0.4190913863712922 0.4455041000037454 0.02450229786336422 0.053587649133987725
0 0.5701888898620382 0.5953678645309992 0.04185809218324721 0.0971843806328252
0 0.6281266150181182 0.7120799478143454 0.06176620919723064 0.1307901944965124
0 0.5839714324101806 0.5581289897090755 0.030627872329205275 0.053587649133987725
0 0.5497703083092347 0.5213442475069314 0.02450229786336422 0.058128975331783295
0 0.5370086948387325 0.5113533298717812 0.021439510630443692 0.049046322936192155
0 0.5969882781500928 0.4845595053047873 0.01990811701398343 0.04087193578016013
0 0.609494659351185 0.5072661362937652 0.025523226941004395 0.04995458817575127
0 0.6339969572145492 0.5227066453662701 0.02654415601864457 0.06085377105046064
0 0.6607963455026038 0.5504087351728231 0.03420112410094589 0.06721162772737443
0 0.6978050245670602 0.597638527629897 0.04594180849380791 0.09809264587238431
0 0.7884124802076258 0.6975477039813995 0.07299642905127257 0.1489554992876947
0 0.7442572975996882 0.5049954731948674 0.027565085096284747 0.05267938389442861
0 0.7769270280841738 0.5240690432256088 0.025523226941004395 0.06176203629001975
0 0.7848392284358852 0.4827429748256691 0.01990811701398343 0.04813805769663304
0 0.8139357071486302 0.5045413405750878 0.02909647871274501 0.05903724057134241
0 0.8575804252177477 0.561762050667312 0.03471158863976598 0.07175295392517
0 0.864982161030639 0.5195277170278132 0.03420112410094589 0.05449591437354684
0 0.9198570989537984 0.5127157277311198 0.028586014173924923 0.07175295392517
0 0.9430832354701124 0.5490463373134844 0.03828484041150659 0.07901907584164292
0 0.9783052886486985 0.6344232698320411 0.04338948579970747 0.10263397207017988
0 0.9859622567309998 0.494096290320158 0.028075549635104835 0.05631244485266507
0 0.9277692993055098 0.4836512400652282 0.02194997516926378 0.0390554053010419
