0 0.14058107044547796 0.43327840871643275 0.048734771087765694 0.08566721389070153
0 0.2563261517789215 0.26441515056649223 0.019681349862366915 0.03459637484047562
0 0.31349578709341586 0.23558483819942921 0.02343017840757966 0.02965403557755053
0 0.3022493014577776 0.26606259698746726 0.02343017840757966 0.044481053366325796
0 0.2755388980731368 0.2693574898294173 0.02624179981648922 0.03789126768242568
0 0.33317713695578277 0.21416803472675383 0.019681349862366915 0.02635914273560047
0 0.3589503332041204 0.19851729372749105 0.0206185569986701 0.0280065891565755
0 0.3880037544295192 0.17792421346530318 0.016869728453457355 0.02965403557755053
0 0.4484536147210747 0.1672158117289655 0.017806935589760542 0.04118616052437574
0 0.4892221251502633 0.13261943688848987 0.016869728453457355 0.0280065891565755
0 0.49906280008144677 0.15321251715067774 0.019681349862366915 0.03624382126145065
0 0.40955951856449246 0.1902800616226159 0.014995314180850983 0.0280065891565755
0 0.39550141151994467 0.21911037398967892 0.024367385543882847 0.03624382126145065
0 0.3664479902945459 0.25453047204064205 0.035613871179521084 0.04118616052437574
0 0.38894096156582236 0.28830312367063016 0.02624179981648922 0.046128499787300825
0 0.4329896969720721 0.24464579351479188 0.02624179981648922 0.047775946208275855
0 0.4690721717197448 0.2397034542518668 0.021555764134973288 0.04118616052437574
0 0.43767573265358806 0.20263590977992862 0.02624179981648922 0.042833606945350766
0 0.5098406821489334 0.19439867767505348 0.024367385543882847 0.042833606945350766
0 0.5304592391476035 0.21087314188480377 0.024367385543882847 0.049423392629250884
0 0.5412371212150902 0.15733113320311531 0.02343017840757966 0.03459637484047562
0 0.5702905424404889 0.12191103515215218 0.019681349862366915 0.03624382126145065
0 0.5637300924863666 0.1515650707297027 0.021555764134973288 0.03953871410340071
0 0.580599820939824 0.1738055974128656 0.014058107044547796 0.024711696314625442
0 0.5571696425322443 0.25535419525112957 0.027179006952792406 0.05271828547120094
0 0.49250235012732446 0.3130148199852556 0.030927835498005152 0.05930807115510106
0 0.567947524599731 0.29324546293355525 0.03186504263430834 0.06589785683900118
0 0.6213683313690126 0.1565074099926278 0.0206185569986701 0.03624382126145065
0 0.6354264384135604 0.12767709762556478 0.014995314180850983 0.021416803472675383
0 0.6752577417064458 0.11861614231020212 0.014058107044547796 0.02965403557755053
0 0.65885661682114 0.1845139991492033 0.014995314180850983 0.03624382126145065
0 0.6269915741868317 0.2018121865694411 0.0206185569986701 0.04118616052437574
0 0.6213683313690126 0.24958813277771696 0.022492971271276474 0.04118616052437574
0 0.6640112560708076 0.22075782041065395 0.027179006952792406 0.05271828547120094
0 0.6771321559790522 0.26029653451405466 0.027179006952792406 0.056013178313151
0 0.6897844523191452 0.2009884633589536 0.022492971271276474 0.046128499787300825
0 0.7085285950452089 0.15403624036116526 0.01874414272606373 0.03459637484047562
0 0.7403936376795173 0.1285008208360523 0.01874414272606373 0.03294892841950059
0 0.718837873544544 0.1795716598862782 0.01874414272606373 0.02965403557755053
0 0.7235239092260599 0.22817132930504158 0.0206185569986701 0.05436573189217597
0 0.7343017912935466 0.26523887377697974 0.027179006952792406 0.05930807115510106
0 0.7778819231316447 0.2808896147762425 0.024367385543882847 0.06754530325997621
0 0.7553889518603683 0.22570015967357904 0.024367385543882847 0.042833606945350766
0 0.7656982303597033 0.17051070457091555 0.016869728453457355 0.03130148199852556
0 0.7671040410641581 0.13920922257239 0.01593252131715417 0.03459637484047562
0 0.8097469657659531 0.12602965120458975 0.014995314180850983 0.03789126768242568
0 0.7881912016309798 0.15568368678214028 0.01874414272606373 0.03459637484047562
0 0.7797563374042511 0.20263590977992862 0.01874414272606373 0.042833606945350766
0 0.8083411550614983 0.18369027593871579 0.021555764134973288 0.03459637484047562
0 0.8406748012639582 0.14332783862482756 0.024367385543882847 0.042833606945350766
0 0.8327085406053811 0.21416803472675383 0.019681349862366915 0.042833606945350766
0 0.8383317834232002 0.3187808824586682 0.025304592680186033 0.07413508894387633
0 0.8500468726269901 0.19851729372749105 0.01874414272606373 0.03789126768242568
0 0.8561387190129608 0.16639208851847798 0.01593252131715417 0.03953871410340071
0 0.8959700223058462 0.14991762430872768 0.0206185569986701 0.02965403557755053
0 0.8945642116013914 0.18533772235969082 0.021555764134973288 0.04118616052437574
0 0.8641049796715379 0.2635914273560047 0.028116214089095592 0.046128499787300825
0 0.9184629935771227 0.2586490880930796 0.024367385543882847 0.049423392629250884
0 0.9245548399630934 0.23228994535747916 0.01593252131715417 0.049423392629250884
0 0.4751640181057155 0.19851729372749105 0.02624179981648922 0.044481053366325796
0 0.34864105470478535 0.2347611149889417 0.0206185569986701 0.0280065891565755
0 0.31537020136602223 0.2907742933020927 0.02343017840757966 0.044481053366325796
0 0.8894095723517239 0.20428335620090365 0.016869728453457355 0.042833606945350766
