0 0.14477040519705042 0.3147727173054591 0.036989795160479844 0.06136363442055881
0 0.2582908110343851 0.17727272165939212 0.021683673025108874 0.036363635212183
0 0.2710459128138609 0.2306818108772859 0.026785713736899197 0.056818180019035935
0 0.2863520349492319 0.20340908446814865 0.024234693381004035 0.05227272561751306
0 0.31632652413100004 0.18522726686205715 0.01785714249126613 0.047727271215990186
0 0.36224489053711295 0.20909090247005224 0.028061223914846778 0.0545454528182745
0 0.40943876712117344 0.2249999928753823 0.020408162847161293 0.04545454401522875
0 0.49489794904366136 0.16249999485444278 0.028061223914846778 0.06136363442055881
0 0.547831621428486 0.16136363125406206 0.026785713736899197 0.05909090721979737
0 0.5644132537418045 0.27159090049099177 0.02933673409279436 0.06590908882208169
0 0.5931122327456251 0.24431817408185452 0.03061224427074194 0.06590908882208169
0 0.6288265177281573 0.20795453886967152 0.025510203558951616 0.056818180019035935
0 0.6932397817145102 0.2613636280875653 0.04719387658406049 0.09545454243198037
