1 0.9379999899538234 0.20465116202831268 0.0519999994430691 0.20930232480168343
1 0.8689999906928279 0.21511627826839685 0.04733333282638341 0.19767441786825657
1 0.8433333243010566 0.14418604597449303 0.035999999614432454 0.14883720874786377
1 0.8043333247187547 0.2360465107485652 0.04333333286922425 0.20697674341499805
1 0.3293333298061043 0.23837209213525057 0.0346666662953794 0.14186046458780766
1 0.3356666630716063 0.12558139488101006 0.029999999678693712 0.11627906933426857
1 0.4426666619256139 0.17558139469474554 0.029333333019167185 0.15581395290791988
1 0.4826666614972055 0.17674418538808823 0.03199999965727329 0.1534883715212345
1 0.5386666608974338 0.20116278994828463 0.029333333019167185 0.14186046458780766
1 0.5676666605868377 0.2104651154950261 0.031333332997746766 0.1697674412280321
1 0.5999999935738742 0.17209302261471748 0.033333332976326346 0.14883720874786377
1 0.6406666598049924 0.23023255728185177 0.03866666625253856 0.17674418538808823
1 0.6853333259932697 0.18139534816145897 0.0346666662953794 0.162790697067976
1 0.7019999924814329 0.2941860454156995 0.035999999614432454 0.17441860400140285
1 0.7373333254363388 0.1941860457882285 0.03866666625253856 0.1697674412280321
1 0.7739999917102978 0.2104651154950261 0.04133333289064467 0.1790697667747736
1 0.39566666242899373 0.21395348757505417 0.03266666631679982 0.13488372042775154
1 0.2856666636071168 0.20581395272165537 0.03266666631679982 0.12790697626769543
1 0.26333333051297814 0.2616279060021043 0.04399999952875078 0.1697674412280321
1 0.19833333120914176 0.2279069758951664 0.03666666627395898 0.162790697067976
1 0.1686666648602113 0.19186046440154314 0.033333332976326346 0.16046511568129063
1 0.13533333188388497 0.2104651154950261 0.04399999952875078 0.19302325509488583
1 0.06399999931454659 0.2197674410417676 0.046666666166856885 0.21627906896173954
