0 0.030288461566669866 0.32516026655503083 0.05096153850900009 0.07532051517046057
0 0.10132211547897896 0.35464744696218986 0.05793269236164633 0.07211538686533459
0 0.2031250001891749 0.2431089819438057 0.09759615393704735 0.14711538920528255
0 0.4382211542542791 0.4032051407848485 0.07355769237619825 0.11538461898453534
0 0.4762019235204207 0.5145833493879763 0.1149038462608587 0.17916667225654237
0 0.6128605774938478 0.3993589868186973 0.08052884622884449 0.13141026051016524
0 0.7070913468123763 0.49503206672670785 0.10216346163360868 0.1400641069340054
0 0.8074519238289213 0.4022436022933107 0.08942307700635865 0.1391025684424676
0 0.8855769239016809 0.4394230906327721 0.11346153856720775 0.14935897901887074
0 0.9587740393544664 0.33926283109758515 0.05697115389921237 0.09711538764531724
0 0.9828125009153155 0.32387821523298044 0.034375000032014214 0.09262820801814087
