0 0.08625000208849087 0.7119867052533664 0.1458333368645981 0.22752497985493392
0 0.016666667070239782 0.4839067864231765 0.031666667433455586 0.05549389752559364
0 0.07000000169500709 0.5027747115818784 0.05500000133179128 0.06437292112968862
0 0.06833333498798311 0.4605993494624272 0.04000000096857548 0.05327414162456989
0 0.12583333638031036 0.4544950207346119 0.04000000096857548 0.0366259723668918
0 0.19250000466126949 0.4728080069180578 0.04000000096857548 0.057713653426617384
0 0.25041667273035273 0.45837959356140345 0.03750000090803951 0.05549389752559364
0 0.2983333405572921 0.5948945814743638 0.08166666864417493 0.09322974784299731
0 0.32583334122318774 0.5166481859632768 0.0533333346247673 0.08102109038736671
0 0.304166674031876 0.4716981289675459 0.030000000726431608 0.04439511802047491
0 0.41083334328141063 0.4861265423242003 0.041666667675599456 0.0488346298225224
0 0.44708334415918216 0.47835739667061716 0.032500000786967576 0.03329633851535618
0 0.4458333441289142 0.4605993494624272 0.025000000605359674 0.031076582614332438
0 0.5900000142864883 0.4533851427841 0.023333333898335695 0.03884572826791555
0 0.6245833484572358 0.4822419694974087 0.03916666761506349 0.061043287278153
0 0.5995833478518762 0.4805771525716409 0.02916666737291962 0.037735850317403674
0 0.6600000159814954 0.514983369037509 0.051666667917743325 0.0732519447337836
0 0.7050000170711428 0.5826859240187332 0.06333333486691117 0.08435072423890233
0 0.9262500224285759 0.6731409769854508 0.14750000357162207 0.2119866885477677
0 0.9033333552069962 0.5432852567755617 0.05500000133179128 0.07436182268429548
0 0.9566666898317635 0.47391788486856967 0.041666667675599456 0.05549389752559364
0 0.8379166869563051 0.4805771525716409 0.04916666785720736 0.07103218883275986
0 0.7875000190688297 0.47669257974484935 0.0383333342615515 0.05882353137712926
0 0.7470833514234982 0.46448392228921875 0.024166667251847684 0.04106548416893929
