0 0.016981132328510284 0.2582417647354305 0.02641509473323822 0.038461539428681135
0 0.05283018946647644 0.26236264395993203 0.01886792480945587 0.03571428661234677
0 0.07169811427593231 0.2582417647354305 0.022641509771347046 0.0329670337960124
0 0.08962264284491539 0.2554945119190961 0.02075471729040146 0.038461539428681135
0 0.09811320900917053 0.23763736861292273 0.015094339847564697 0.0247252753470093
0 0.08584905788302422 0.232142862980254 0.016981132328510284 0.0247252753470093
0 0.11037736013531685 0.22664835734758526 0.01320754736661911 0.0247252753470093
0 0.12264151126146317 0.23489011579658836 0.01886792480945587 0.030219780979678035
0 0.1481132097542286 0.25274725910276175 0.03207547217607498 0.04395604506134987
0 0.16509434208273888 0.23626374220475554 0.02075471729040146 0.0329670337960124
0 0.146226417273283 0.2225274781230837 0.016981132328510284 0.021978022530674934
0 0.1745283044874668 0.2225274781230837 0.01320754736661911 0.021978022530674934
0 0.18490566313266754 0.2156593460822478 0.015094339847564697 0.0247252753470093
0 0.2037735879421234 0.26098901755176485 0.049056604504585266 0.07142857322469354
0 0.23207547515630722 0.25961539114359766 0.03396226465702057 0.06318681477569044
0 0.2047169841825962 0.2142857196740806 0.01320754736661911 0.021978022530674934
0 0.2216981165111065 0.21703297249041498 0.016981132328510284 0.021978022530674934
0 0.21603773906826973 0.20054945559240878 0.01320754736661911 0.021978022530674934
0 0.22924528643488884 0.20879121404141188 0.01320754736661911 0.021978022530674934
0 0.2500000037252903 0.21153846685774624 0.01320754736661911 0.021978022530674934
0 0.2481132112443447 0.20054945559240878 0.01320754736661911 0.021978022530674934
0 0.265094343572855 0.20879121404141188 0.01320754736661911 0.021978022530674934
0 0.28584906086325645 0.20192308200057596 0.016981132328510284 0.0247252753470093
0 0.2801886834204197 0.27609890804160386 0.043396227061748505 0.06868132040835917
0 0.35754717513918877 0.2829670400824398 0.04716981202363968 0.07142857322469354
0 0.3971698172390461 0.26785714959260076 0.03207547217607498 0.0576923091430217
0 0.3688679300248623 0.22664835734758526 0.016981132328510284 0.03571428661234677
0 0.34811321273446083 0.22802198375575244 0.02075471729040146 0.0329670337960124
0 0.34339623153209686 0.2060439612250775 0.011320754885673523 0.021978022530674934
0 0.3207547217607498 0.22115385171491653 0.01886792480945587 0.03571428661234677
0 0.31509434431791306 0.1978022027760744 0.011320754885673523 0.0164835168980062
0 0.33113208040595055 0.1895604443270713 0.009433962404727936 0.0164835168980062
0 0.3783018924295902 0.2074175876332447 0.01320754736661911 0.019230769714340568
0 0.3858490623533726 0.22527473093941808 0.01320754736661911 0.021978022530674934
0 0.40566038340330124 0.2225274781230837 0.022641509771347046 0.0329670337960124
0 0.3981132134795189 0.19505494995974004 0.015094339847564697 0.027472528163343668
0 0.411320760846138 0.1826923122862354 0.011320754885673523 0.019230769714340568
0 0.47452830895781517 0.26785714959260076 0.03962264209985733 0.0741758260410279
0 0.4547169879078865 0.22527473093941808 0.01886792480945587 0.0329670337960124
0 0.4226415157318115 0.2500000062864274 0.01886792480945587 0.0329670337960124
0 0.4235849119722843 0.1991758291842416 0.016981132328510284 0.0247252753470093
0 0.4424528367817402 0.19642857636790723 0.01320754736661911 0.0247252753470093
0 0.4698113277554512 0.2142857196740806 0.011320754885673523 0.021978022530674934
0 0.4726415164768696 0.19642857636790723 0.009433962404727936 0.0247252753470093
0 0.4594339691102505 0.17719780665356666 0.009433962404727936 0.013736264081671834
0 0.4820754788815975 0.1813186858780682 0.009433962404727936 0.0164835168980062
0 0.4867924600839615 0.20192308200057596 0.011320754885673523 0.019230769714340568
0 0.5084905736148357 0.22115385171491653 0.016981132328510284 0.030219780979678035
0 0.49528302624821663 0.24587912706192583 0.02075471729040146 0.0412087922450155
0 0.5047169886529446 0.19368132355157286 0.016981132328510284 0.0247252753470093
0 0.49433963000774384 0.18406593869440258 0.011320754885673523 0.021978022530674934
0 0.5273584984242916 0.18406593869440258 0.01320754736661911 0.021978022530674934
0 0.5500000081956387 0.19505494995974004 0.016981132328510284 0.027472528163343668
0 0.5556603856384754 0.26236264395993203 0.05094339698553085 0.07967033167369664
0 0.5962264239788055 0.21291209326591343 0.01886792480945587 0.0247252753470093
0 0.5858490653336048 0.1991758291842416 0.01320754736661911 0.0247252753470093
0 0.589622650295496 0.1813186858780682 0.009433962404727936 0.0164835168980062
0 0.6037735939025879 0.17032967461273074 0.011320754885673523 0.021978022530674934
0 0.6150943487882614 0.21153846685774624 0.01886792480945587 0.0329670337960124
0 0.612264160066843 0.25274725910276175 0.02075471729040146 0.04395604506134987
0 0.6584905758500099 0.25961539114359766 0.049056604504585266 0.07967033167369664
0 0.6415094435214996 0.21016484044957906 0.022641509771347046 0.03571428661234677
0 0.6330188773572445 0.19368132355157286 0.01320754736661911 0.0247252753470093
0 0.639622651040554 0.1744505538372323 0.015094339847564697 0.0247252753470093
0 0.6226415187120438 0.17857143306173384 0.011320754885673523 0.021978022530674934
0 0.653773594647646 0.19505494995974004 0.01320754736661911 0.0329670337960124
0 0.7094339728355408 0.21703297249041498 0.022641509771347046 0.0329670337960124
0 0.7254717089235783 0.26236264395993203 0.03207547217607498 0.06868132040835917
0 0.7915094457566738 0.2664835231844336 0.06603773683309555 0.09340659575536847
0 0.7264151051640511 0.1826923122862354 0.015094339847564697 0.0247252753470093
0 0.708490576595068 0.17719780665356666 0.01320754736661911 0.0247252753470093
0 0.7433962374925613 0.16895604820456356 0.015094339847564697 0.0247252753470093
0 0.76320755854249 0.1813186858780682 0.016981132328510284 0.021978022530674934
0 0.7726415209472179 0.19368132355157286 0.016981132328510284 0.0247252753470093
0 0.7867924645543098 0.17857143306173384 0.015094339847564697 0.021978022530674934
0 0.7716981247067451 0.16346154257189482 0.015094339847564697 0.0247252753470093
0 0.8037735968828201 0.164835168980062 0.015094339847564697 0.021978022530674934
0 0.8169811442494392 0.1826923122862354 0.01886792480945587 0.030219780979678035
0 0.8311320878565311 0.1744505538372323 0.01320754736661911 0.019230769714340568
0 0.909433975815773 0.21291209326591343 0.03396226465702057 0.046703297877684236
0 0.886792466044426 0.1826923122862354 0.01886792480945587 0.030219780979678035
0 0.850000012665987 0.1895604443270713 0.016981132328510284 0.027472528163343668
0 0.8518868051469326 0.17032967461273074 0.01320754736661911 0.021978022530674934
0 0.8386792577803135 0.16071428975556046 0.01320754736661911 0.019230769714340568
0 0.9122641645371914 0.1895604443270713 0.01320754736661911 0.021978022530674934
0 0.9386792592704296 0.18818681791890413 0.016981132328510284 0.030219780979678035
0 0.9613207690417767 0.20192308200057596 0.02075471729040146 0.0247252753470093
0 0.9660377502441406 0.2733516552252695 0.06792452931404114 0.11263736546970904
0 0.9792452976107597 0.22115385171491653 0.03396226465702057 0.0412087922450155
0 0.9886792600154877 0.18543956510256976 0.01886792480945587 0.0247252753470093
