0 0.9074999797157943 0.8571428786963224 0.1749999960884452 0.28571429289877415
0 0.7199999839067459 0.3759398590773344 0.13499999698251486 0.22556391544640064
0 0.5762499871198088 0.567669187206775 0.07249999837949872 0.13533834926784039
0 0.6412499856669456 0.5018797118682414 0.06249999860301614 0.11654135631397367
0 0.356249992037192 0.29887218796648085 0.10749999759718776 0.2142857196740806
0 0.4462499900255352 0.44548873300664127 0.052499998826533556 0.10150376195088029
0 0.507499988656491 0.38721805484965444 0.03499999921768904 0.06766917463392019
0 0.5599999874830246 0.38721805484965444 0.029999999329447746 0.05263158027082682
0 0.5737499871756881 0.35150376823730767 0.0274999993853271 0.04887218168005347
0 0.5099999886006117 0.3308270759880543 0.029999999329447746 0.060150377452373505
0 0.8687499805819243 0.4229323414620012 0.03749999916180968 0.06390977604314685
0 0.906249979743734 0.3571428661234677 0.02249999949708581 0.04511278308928013
0 0.9437499789055437 0.355263166828081 0.03249999927356839 0.05639097886160016
0 0.9749999782070518 0.37969925766810775 0.029999999329447746 0.060150377452373505
0 0.9574999785982072 0.5507518935482949 0.08499999810010195 0.20676692249253392
0 0.2624999941326678 0.4229323414620012 0.04999999888241291 0.07142857322469354
0 0.21499999519437551 0.4229323414620012 0.03999999910593033 0.07142857322469354
0 0.18374999589286745 0.44736843230202794 0.042499999050050974 0.06766917463392019
0 0.18249999592080712 0.5526315928436816 0.09499999787658453 0.15037594363093376
0 0.06374999857507646 0.7387218230869621 0.12249999726191163 0.25187970558181405
0 0.021249999525025487 0.43421053723432124 0.03749999916180968 0.08646616758778691
0 0.0437499990221113 0.40037594991736114 0.03749999916180968 0.05639097886160016
0 0.0712499984074384 0.3815789569634944 0.03249999927356839 0.05639097886160016
0 0.09749999782070518 0.41353384498506784 0.04499999899417162 0.06766917463392019
0 0.14749999670311809 0.3759398590773344 0.04499999899417162 0.06766917463392019
