0 0.09517045445682015 0.5744485497416463 0.07832792200497352 0.11825980810681358
0 0.18445616865938064 0.5912990405340679 0.07508116876124404 0.12867647514212877
0 0.24452110366837587 0.4966299195366446 0.050730519433273 0.08149510092334822
0 0.3429383113689255 0.5113358024100307 0.06331168825272471 0.11213235690956935
0 0.39995941521192435 0.6069240410870407 0.08806818173616193 0.15992647624807432
0 0.5040584410890006 0.5091911944909953 0.06249999994179234 0.10171568987425417
0 0.6112012981320731 0.4889706055400893 0.05925324669806287 0.12377451418433338
0 0.6860795448155841 0.46568629099056125 0.05478896098793484 0.08823529724031687
0 0.8518668823235203 0.6372549245133996 0.09334415575722232 0.19607843831181526
0 0.8721590900968295 0.5067402140120976 0.07224025967298076 0.13602941657882184
