0 0.1803977326489985 0.4538714889786206 0.05397727433592081 0.10708401736337692
0 0.23816288588568568 0.36655682866694406 0.04450757708400488 0.10708401736337692
0 0.276988644618541 0.2075782490428537 0.025568182580173016 0.046128499787300825
0 0.34138258593156934 0.27759472193429247 0.019886364229023457 0.044481053366325796
0 0.35606061667203903 0.26029653451405466 0.018939394503831863 0.03624382126145065
0 0.43750001303851604 0.2808896147762425 0.028409091755747795 0.051070839050225914
0 0.42376895202323794 0.22158154362114146 0.019886364229023457 0.03789126768242568
0 0.41145834559574723 0.18780889199115336 0.01799242477864027 0.03294892841950059
0 0.45217804377898574 0.2232289900421165 0.025568182580173016 0.047775946208275855
0 0.46164774103090167 0.18204282951774076 0.01799242477864027 0.03459637484047562
0 0.4829545598477125 0.19934101693797857 0.018939394503831863 0.03624382126145065
0 0.46448865020647645 0.1507413475192152 0.016098485328257084 0.0280065891565755
0 0.47916668094694614 0.15321251715067774 0.013257576152682304 0.02965403557755053
0 0.4891098630614579 0.16392091888701543 0.01799242477864027 0.03130148199852556
0 0.49289774196222425 0.13509060651995242 0.014204545877873898 0.02635914273560047
0 0.5184659245423973 0.1738055974128656 0.01799242477864027 0.03130148199852556
0 0.5407197130843997 0.13920922257239 0.017045455053448677 0.03459637484047562
0 0.5691288048401475 0.15238879394019023 0.01515151560306549 0.03130148199852556
0 0.5743371383287013 0.11614497267873958 0.016098485328257084 0.0280065891565755
0 0.5913825933821499 0.15980230283457786 0.014204545877873898 0.03624382126145065
0 0.5482954708859324 0.20428335620090365 0.024621212854981422 0.03953871410340071
0 0.49289774196222425 0.31054365035379305 0.027462122030556202 0.06095551757607609
0 0.63304926129058 0.23805600783089176 0.02935606148093939 0.051070839050225914
0 0.6515151709318161 0.12685337441507727 0.022727273404598236 0.05271828547120094
0 0.6671401713974774 0.2504118559882045 0.025568182580173016 0.05930807115510106
0 0.6964962328784168 0.16062602604506537 0.019886364229023457 0.03789126768242568
0 0.7249053246341646 0.14827017788775265 0.016098485328257084 0.03294892841950059
0 0.7405303250998259 0.16309719567652792 0.018939394503831863 0.03624382126145065
0 0.7092803241685033 0.09555189241655171 0.013257576152682304 0.02965403557755053
0 0.716856081970036 0.07660625857533887 0.011363636702299118 0.0280065891565755
0 0.7410038099624217 0.07413508894387633 0.014204545877873898 0.02965403557755053
0 0.7660985076799989 0.10378912452142686 0.013257576152682304 0.02635914273560047
0 0.7585227498784661 0.14332783862482756 0.01515151560306549 0.03953871410340071
0 0.7684659319929779 0.16886325814994052 0.016098485328257084 0.04118616052437574
0 0.7301136581227183 0.27841844514478 0.034090910106897354 0.05930807115510106
0 0.7878788113594055 0.2693574898294173 0.03219697065651417 0.06095551757607609
0 0.8134469939395785 0.18204282951774076 0.018939394503831863 0.04118616052437574
0 0.8281250246800482 0.13014826725702733 0.016098485328257084 0.03624382126145065
0 0.8655303288251162 0.1787479366757907 0.01515151560306549 0.03459637484047562
0 0.8882576022297144 0.2298187757260166 0.017045455053448677 0.047775946208275855
