1 0.834999991056975 0.2424385691410862 0.06466666597407311 0.11814745084848255
1 0.9873333227587864 0.35302458313526586 0.025333333062008023 0.07088847050908953
1 0.7733333250507712 0.32466919493163005 0.046666666166856885 0.0954631402855739
1 0.624999993306119 0.12570888770278543 0.09133333235513419 0.15311909629963338
1 0.5273333276854828 0.3038752435822971 0.05866666603833437 0.07844990736339241
1 0.4633333283709362 0.2585066224564798 0.06666666595265269 0.12570888770278543
1 0.43299999536247924 0.3194707070942968 0.041999999550171196 0.07939508697018027
1 0.352999996219296 0.24385633855126798 0.06733333261217922 0.09829867910593748
1 0.2763333303737454 0.2783553941990249 0.0593333326978609 0.0860113442176953
1 0.20033333118772134 0.318052937684115 0.04733333282638341 0.0860113442176953
1 0.17533333145547658 0.3275047337519936 0.022666666423901916 0.06521739286836237
1 0.15999999828636646 0.3643667384167202 0.026666666381061077 0.05387523758690804
1 0.07499999919673428 0.33128545217914507 0.05266666610259563 0.07655954814981669
