0 0.10508953721728176 0.4210084074293263 0.042412817711010575 0.08571428654249758
0 0.2987747380975634 0.21680672478396446 0.015080112963914871 0.03697479027323425
0 0.3119698369409889 0.23277311149286106 0.01885014120489359 0.03529411798808724
0 0.3251649357844144 0.24621848977403715 0.01885014120489359 0.04201680712867528
0 0.35296889406163245 0.24621848977403715 0.023562676506116986 0.04201680712867528
0 0.3298774710856378 0.18823529593646526 0.01696512708440423 0.03697479027323425
0 0.33647502050735056 0.20588235493050888 0.01885014120489359 0.031932773417793214
0 0.35909518995322287 0.19159664050675929 0.01885014120489359 0.04033613484352827
0 0.3972667258931324 0.20000000193249434 0.01602262002415955 0.033613445702940226
0 0.3854853876400739 0.24957983434433118 0.01885014120489359 0.045378151698969305
0 0.4137605994474143 0.24705882591661066 0.024505183566361666 0.05042016855441034
0 0.42035814886912704 0.2100840356433764 0.01885014120489359 0.04369747941382229
0 0.4415645577246323 0.22773109463742003 0.023562676506116986 0.04201680712867528
0 0.38501413410995156 0.20504201878793538 0.014137605903670192 0.04033613484352827
0 0.48586238955613226 0.2235294139245525 0.01790763414464891 0.03697479027323425
0 0.42978321947157383 0.16638655622955412 0.015080112963914871 0.033613445702940226
0 0.43355324771255255 0.14369748038006946 0.01885014120489359 0.03529411798808724
0 0.44674834655597806 0.17058823694242164 0.015080112963914871 0.031932773417793214
0 0.45994344539940357 0.15882353094639257 0.013195098843425512 0.031932773417793214
0 0.4712535301223397 0.14369748038006946 0.015080112963914871 0.03529411798808724
0 0.49528746015857905 0.1798319345107302 0.01602262002415955 0.033613445702940226
0 0.5235626719659194 0.18487395136617124 0.01602262002415955 0.033613445702940226
0 0.4948162066284567 0.15210084180580452 0.013195098843425512 0.028571428847499192
0 0.5089538125321269 0.14621848880778998 0.013195098843425512 0.02689075656235218
0 0.5056550378212705 0.11764705996029079 0.014137605903670192 0.023529411992058158
0 0.5278039537370205 0.12941176595631987 0.013195098843425512 0.02689075656235218
0 0.5452403343515471 0.12689075752859935 0.014137605903670192 0.028571428847499192
0 0.5537228978937492 0.18487395136617124 0.014137605903670192 0.03697479027323425
0 0.5461828414117917 0.16722689237212762 0.012252591783180833 0.02521008427720517
0 0.564561729086563 0.15378151409095153 0.013195098843425512 0.031932773417793214
0 0.5499528696527705 0.1470588249503635 0.012252591783180833 0.021848739706911147
0 0.5758718138094991 0.12773109367117286 0.013195098843425512 0.030252101132646203
0 0.5815268561709672 0.11512605153257027 0.011310084722936153 0.02521008427720517
0 0.5862393914721906 0.16974790079984814 0.01885014120489359 0.033613445702940226
0 0.6178133779903874 0.15630252251867205 0.01602262002415955 0.030252101132646203
0 0.5970782226650044 0.1344537828117609 0.01790763414464891 0.030252101132646203
0 0.6079170538578182 0.11428571538999677 0.011310084722936153 0.023529411992058158
0 0.6239396738819778 0.12521008524345234 0.015080112963914871 0.031932773417793214
0 0.661639956291765 0.12352941295830533 0.015080112963914871 0.02521008427720517
0 0.6606974492315203 0.1033613455365412 0.013195098843425512 0.028571428847499192
0 0.6861451398581266 0.12605042138602585 0.015080112963914871 0.030252101132646203
0 0.6941564498702064 0.11008403467712924 0.014137605903670192 0.02521008427720517
0 0.714420351665467 0.11092437081970274 0.015080112963914871 0.033613445702940226
0 0.6927426892798394 0.15630252251867205 0.01885014120489359 0.03697479027323425
0 0.7219604081474245 0.15882353094639257 0.01696512708440423 0.03865546255838126
0 0.7097078163642436 0.18487395136617124 0.01885014120489359 0.04033613484352827
0 0.7148916051955894 0.21764706092653796 0.01979264826513827 0.045378151698969305
0 0.6870876469183713 0.23529411992058158 0.022620169445872307 0.047058823984116316
0 0.6757775621954352 0.19663865736220032 0.01885014120489359 0.04369747941382229
0 0.6277097021229565 0.23445378377800807 0.022620169445872307 0.04873949626926333
0 0.6196983921108767 0.20084033807506785 0.01790763414464891 0.03529411798808724
0 0.5725730390986428 0.2394958006334491 0.027332704747095704 0.05210084083955735
0 0.5037700237007812 0.2798319354769774 0.031102732988074422 0.058823529980145395
0 0.5532516443636268 0.297478994471021 0.03393025416880846 0.07058823597617447
0 0.6027332650264725 0.33193277631653473 0.025447690626606345 0.07226890826132149
0 0.6691800127737224 0.3394958015996963 0.03581526828929782 0.0739495805464685
0 0.7276154505088925 0.2966386583284475 0.024505183566361666 0.058823529980145395
0 0.7648444793885574 0.24453781748889014 0.023562676506116986 0.04873949626926333
0 0.7549481552559882 0.19075630436418578 0.01885014120489359 0.04201680712867528
0 0.7554194087861106 0.15378151409095153 0.014137605903670192 0.02521008427720517
0 0.7478793523041531 0.13193277438404039 0.014137605903670192 0.031932773417793214
0 0.7737982964608818 0.13781512738205492 0.013195098843425512 0.033613445702940226
0 0.7898209164850414 0.15546218637609854 0.01696512708440423 0.03529411798808724
0 0.807257297099568 0.15546218637609854 0.01602262002415955 0.03865546255838126
0 0.7931196911958978 0.23613445606315508 0.021677662385627627 0.05210084083955735
0 0.8204523959429935 0.24285714520374313 0.01979264826513827 0.05210084083955735
0 0.7874646488344297 0.297478994471021 0.023562676506116986 0.057142857694998384
0 0.7450518311234191 0.3857142894412391 0.031102732988074422 0.07899159740190953
0 0.807257297099568 0.42521008814219385 0.03864278947003186 0.0739495805464685
0 0.8426013118587434 0.31932773417793214 0.030160225927829742 0.06386554683558643
0 0.8713477771962062 0.2554621873423457 0.01979264826513827 0.047058823984116316
0 0.8873703972203657 0.22689075849484652 0.01602262002415955 0.047058823984116316
0 0.8883129042806104 0.4310924411402084 0.03298774710856378 0.08235294197220355
0 0.9090480596059933 0.3411764738848433 0.027332704747095704 0.07058823597617447
0 0.9180018766783178 0.2798319354769774 0.022620169445872307 0.05546218540985137
0 0.9316682290518656 0.22689075849484652 0.01790763414464891 0.05378151312470436
