0 0.18750000663567334 0.5761846472305479 0.09926470939535648 0.13439542640116997
0 0.23988971437211148 0.6200980464345776 0.10232843499397859 0.1266339884023182
0 0.34666055148409214 0.4959150384529494 0.0621936296520289 0.09395424945978448
0 0.4401041822420666 0.4048202661506366 0.07077206132817082 0.10049019724829122
0 0.24693628324894235 0.4246323578845477 0.037377452303189784 0.051062092097708955
0 0.23054535129631404 0.37540850110235624 0.025428922468563542 0.03758169978391379
0 0.1864277026761556 0.35600490610522684 0.03462009926442988 0.051062092097708955
0 0.16069240764772985 0.357026147947181 0.02297794198966585 0.040849673678167164
0 0.14169730893627275 0.35947712836787105 0.028492648067185655 0.03186274546897039
0 0.05729166869423352 0.3615196120517794 0.04779411933850497 0.055555556202307343
0 0.6104473255254561 0.6454248441150412 0.09650735635659657 0.15767974039772525
0 0.8108149796753423 0.6094771312782541 0.11121323922998272 0.1813725511310622
0 0.7449448793049669 0.5287990257638739 0.06341911989147775 0.09191176577587612
0 0.5859375207364792 0.49244281619030517 0.056066178454784676 0.09272875924943946
0 0.5212929106055526 0.36703431799833197 0.03890931510250084 0.06658496809541248
0 0.49065565461933147 0.35947712836787105 0.025428922468563542 0.04411764757242054
0 0.5402880093170097 0.36744281473511364 0.02481617734883912 0.04779411820345558
0 0.6063112959673163 0.3758169978391379 0.03431372670456767 0.05882353009656072
0 0.643688748270506 0.3803104619437363 0.023897059669252485 0.045751634519547224
0 0.674019631696865 0.35151144200062845 0.030637255986221135 0.06004902030690573
0 0.724877476633992 0.35947712836787105 0.04105392302153632 0.06209150399081409
