0 0.03206650970969349 0.3346007578074932 0.05938242538832128 0.12167300283908844
0 0.25653207767754793 0.4904942926950753 0.13776722690090537 0.23574144300073385
0 0.26603326573967934 0.28517110040411353 0.04275534627959132 0.0836501894518733
0 0.19833730079699308 0.2699619750492275 0.05463183135725558 0.07604562677443027
0 0.14608076645527035 0.24334600567817688 0.04038004926405847 0.06083650141954422
0 0.11401425674557686 0.20342205162160099 0.03325415821745992 0.057034220080822706
0 0.08907363808248192 0.17110266024246812 0.030878861201927066 0.045627376064658165
0 0.21971497393678874 0.17870722291991115 0.02137767313979566 0.045627376064658165
0 0.26247032021638006 0.17110266024246812 0.026128267170861363 0.045627376064658165
0 0.30403801798820496 0.19201520760543644 0.028503564186394215 0.04182509472593665
0 0.3064133150037378 0.16920151957310736 0.023752970155328512 0.034220532048493624
0 0.34916866128332913 0.16920151957310736 0.028503564186394215 0.04942965740337968
0 0.3562945523299277 0.22243345831520855 0.023752970155328512 0.04182509472593665
0 0.39548695308621973 0.1901140669360757 0.026128267170861363 0.05323193874210119
0 0.42042757174931467 0.24524714634753764 0.03800475224852562 0.057034220080822706
0 0.3705463344231248 0.3269961951300502 0.05700712837278843 0.09125475212931633
0 0.5475059620803222 0.3707224305253476 0.08313539554364979 0.1634980975650251
0 0.5332541799871251 0.29847908508963883 0.04513064329512417 0.06463878275826573
0 0.5178147493861616 0.2547528496943414 0.04275534627959132 0.06844106409698725
0 0.4536817299667746 0.211026614299044 0.028503564186394215 0.04942965740337968
0 0.4489311359357089 0.16920151957310736 0.028503564186394215 0.034220532048493624
0 0.48931118519976735 0.16539923823438585 0.01900237612426281 0.04182509472593665
0 0.5451306650647894 0.1901140669360757 0.02137767313979566 0.03802281338721514
0 0.5439430165570229 0.16159695689566433 0.01900237612426281 0.034220532048493624
0 0.5807601202977821 0.17110266024246812 0.01662707910872996 0.03041825070977211
0 0.5997624964220449 0.17490494158118963 0.01662707910872996 0.03041825070977211
0 0.6068883874686435 0.20152091095224023 0.02137767313979566 0.045627376064658165
0 0.6484560852404684 0.19771862961351871 0.023752970155328512 0.03802281338721514
0 0.6235154665773734 0.16159695689566433 0.01662707910872996 0.034220532048493624
0 0.6543943277793005 0.15779467555694282 0.01662707910872996 0.026615969371050596
0 0.6615202188258991 0.13878326886333525 0.01662707910872996 0.026615969371050596
0 0.7220902927219868 0.21863117697648704 0.01900237612426281 0.034220532048493624
0 0.6674584613647312 0.23003802099265158 0.028503564186394215 0.04182509472593665
0 0.6247031150851399 0.2946768037509173 0.04275534627959132 0.07224334543570876
0 0.6152019270230085 0.2566539903637022 0.028503564186394215 0.04942965740337968
0 0.7909739061724395 0.2699619750492275 0.05700712837278843 0.10646387748420238
0 0.7363420748151839 0.25855513103306293 0.03325415821745992 0.045627376064658165
0 0.7600950449705124 0.2243345989845693 0.028503564186394215 0.05323193874210119
0 0.7399050203384832 0.18250950425863266 0.01662707910872996 0.022813688032329082
0 0.798099797219038 0.1901140669360757 0.01900237612426281 0.03041825070977211
0 0.8610451681306586 0.20532319229096174 0.02137767313979566 0.03802281338721514
0 0.8871734353015199 0.28897338174283504 0.05463183135725558 0.09125475212931633
0 0.9216152420267463 0.23003802099265158 0.04275534627959132 0.07224334543570876
0 0.9845606129383668 0.24144486500881612 0.030878861201927066 0.06463878275826573
