0 0.09374999825377017 0.70950705249561 0.07834506896324456 0.10915493115317076
0 0.18485915148630738 0.7112676159013063 0.0968309841118753 0.1525821618270129
0 0.31338027585297823 0.6760563477873802 0.08802816737443209 0.1150234758388251
0 0.3393485852284357 0.8245305283344351 0.1346830960828811 0.17723004950676113
0 0.4819542163750157 0.6954225452500395 0.09595070243813097 0.13497652777004987
0 0.5162852016510442 0.4577464854810387 0.05369718209840357 0.09859155071899295
0 0.620158439152874 0.8832159751909785 0.189260559855029 0.2194835712434724
0 0.6879401280311868 0.7323943767696619 0.12588027934543788 0.18309859419241548
0 0.801056323107332 0.6496478967019357 0.07218309724703431 0.10680751327890903
0 0.954665475175716 0.6085680839023553 0.055457745445892215 0.09507042390760034
0 0.9744718128349632 0.6484741877648048 0.05105633707717061 0.12793427414726466
