0 0.018581081531010568 0.43043479754123837 0.023648649221286178 0.043478262377902865
0 0.24957770874607377 0.35434783837990835 0.017736486915964633 0.036231885314919055
0 0.28082770950277336 0.36231885314919055 0.021114865376148373 0.04637681320309639
0 0.30278716949396767 0.38188407121924683 0.021114865376148373 0.04782608861569315
0 0.30067568295635283 0.3253623301279731 0.018581081531010568 0.036231885314919055
0 0.36021960331709124 0.38115943351294845 0.024493243836332113 0.04637681320309639
0 0.3944256852264516 0.36521740397438407 0.018581081531010568 0.03768116072751582
0 0.3906250094587449 0.3405797219602391 0.017736486915964633 0.03188405907712877
0 0.376266901002964 0.3101449382957071 0.019425676146056503 0.03478260990232229
0 0.42229730752296746 0.3601449400302954 0.023648649221286178 0.036231885314919055
0 0.4062500098370947 0.2789855169248767 0.015202703070826828 0.03333333448972553
0 0.4227196048304904 0.2949275464634411 0.014358108455780894 0.036231885314919055
0 0.4307432536734268 0.31594203994609416 0.0168918923009187 0.03188405907712877
0 0.44679055135929957 0.27753624151227996 0.013513513840734959 0.030434783664532006
0 0.45396960558719 0.2956521841697395 0.017736486915964633 0.03188405907712877
0 0.4662162275053561 0.32753624324686825 0.023648649221286178 0.03768116072751582
0 0.47423987634829246 0.3601449400302954 0.026182433066423982 0.0420289869653061
0 0.49493244441691786 0.32028986618388444 0.021959459991194308 0.03768116072751582
0 0.48099663326865993 0.26231884968001395 0.014358108455780894 0.02608695742674172
0 0.4915540659567341 0.252898559498135 0.013513513840734959 0.02753623283933848
0 0.5088682555651758 0.2876811694004573 0.016047297685872763 0.030434783664532006
0 0.5375844724767376 0.29637682187603787 0.016047297685872763 0.030434783664532006
0 0.5464527159347199 0.33188406948465854 0.020270270761102438 0.03768116072751582
0 0.5439189320895821 0.26594203821150586 0.015202703070826828 0.03333333448972553
0 0.5616554190055467 0.2717391398618929 0.0168918923009187 0.03913043614011258
0 0.5865709601494018 0.30434783664532006 0.019425676146056503 0.03768116072751582
0 0.5895270413020626 0.2753623283933848 0.0168918923009187 0.03188405907712877
0 0.5755912301538046 0.24202899390365928 0.016047297685872763 0.02608695742674172
0 0.5945946089923382 0.23985508078476414 0.013513513840734959 0.021739131188951433
0 0.5992398793750908 0.2601449365611188 0.016047297685872763 0.030434783664532006
0 0.6245777178264689 0.26304348738631234 0.014358108455780894 0.030434783664532006
0 0.6313344747468363 0.24275363160995767 0.012668919225689024 0.024637682014144957
0 0.6389358262822498 0.222463775833603 0.016047297685872763 0.02753623283933848
0 0.6516047455079388 0.23478261684067547 0.014358108455780894 0.03188405907712877
0 0.6651182593486737 0.24420290702255443 0.014358108455780894 0.03333333448972553
0 0.6722973135765642 0.2637681250926107 0.018581081531010568 0.02608695742674172
0 0.687922313954914 0.23478261684067547 0.014358108455780894 0.023188406601548195
0 0.6980574493354652 0.2449275447288528 0.012668919225689024 0.03188405907712877
0 0.714104747021338 0.24710145784774795 0.014358108455780894 0.02753623283933848
0 0.7119932604837231 0.28623189398786053 0.018581081531010568 0.03333333448972553
0 0.6592060970433522 0.3108695760020055 0.021114865376148373 0.0420289869653061
0 0.6186655555211473 0.34637682361062616 0.024493243836332113 0.043478262377902865
0 0.6334459612844512 0.3942029122263193 0.030405406141653657 0.05217391485348344
0 0.6393581235897727 0.4485507401986979 0.030405406141653657 0.06811594439204782
0 0.6967905574128963 0.46956523368135095 0.0337837846018374 0.06086956732906401
0 0.6917229897226207 0.3985507384641096 0.028716216911561787 0.05797101650387049
0 0.6756756920367479 0.35362320067360997 0.021959459991194308 0.04057971155270934
0 0.7229729904793203 0.37318841874366626 0.023648649221286178 0.050724639440886676
0 0.7094594766385853 0.3326087071909569 0.020270270761102438 0.03913043614011258
0 0.7516892073908821 0.31231885141460225 0.018581081531010568 0.0420289869653061
0 0.7339527204749174 0.26594203821150586 0.0168918923009187 0.030434783664532006
0 0.7719594781519845 0.23913044307846576 0.013513513840734959 0.028985508251935244
0 0.7690033969993237 0.26594203821150586 0.016047297685872763 0.036231885314919055
0 0.778293937764829 0.2826087054563686 0.016047297685872763 0.03768116072751582
0 0.7934966408356559 0.29637682187603787 0.016047297685872763 0.03913043614011258
0 0.5240709586360026 0.4130434925900772 0.03125000075669959 0.05797101650387049
0 0.5641892028506845 0.3862318974570371 0.021959459991194308 0.04492753779049963
0 0.5663006893882994 0.4217391450656578 0.027871622296515852 0.04637681320309639
0 0.8129223169817124 0.2449275447288528 0.016047297685872763 0.028985508251935244
0 0.8407939392782282 0.26304348738631234 0.014358108455780894 0.030434783664532006
0 0.8733108319574967 0.27028986444929615 0.015202703070826828 0.030434783664532006
0 0.8918919134885073 0.27753624151227996 0.013513513840734959 0.02753623283933848
0 0.9070946165593341 0.2753623283933848 0.011824324610643089 0.03188405907712877
0 0.8885135350283235 0.30144928582012653 0.013513513840734959 0.03188405907712877
0 0.8796452915703412 0.32318841700907797 0.017736486915964633 0.03768116072751582
0 0.8496621827362105 0.31956522847758606 0.018581081531010568 0.036231885314919055
0 0.844172317738412 0.37681160727515817 0.024493243836332113 0.04637681320309639
0 0.9070946165593341 0.3340579826035537 0.0168918923009187 0.03333333448972553
0 0.9286317792430054 0.30797102517681196 0.016047297685872763 0.036231885314919055
0 0.9691723207652103 0.29637682187603787 0.016047297685872763 0.021739131188951433
0 0.9704392126877792 0.31594203994609416 0.015202703070826828 0.02608695742674172
0 0.9581925907696132 0.33550725801615044 0.017736486915964633 0.03333333448972553
0 0.9615709692297969 0.37318841874366626 0.017736486915964633 0.0420289869653061
0 0.9505912392341997 0.4130434925900772 0.022804054606240243 0.049275364028289914
0 0.9058277246367652 0.3826087089255452 0.022804054606240243 0.043478262377902865
0 0.8931588054110762 0.4340579860727303 0.024493243836332113 0.04492753779049963
0 0.9425675903912634 0.4862319009262137 0.028716216911561787 0.062318842741660774
0 0.8758446158026345 0.4557971172616817 0.0337837846018374 0.0536231902660802
0 0.8268581281299703 0.4224637827719562 0.028716216911561787 0.0536231902660802
0 0.7723817754595075 0.4210145073593594 0.03293918998679146 0.056521741091273725
0 0.8669763723446522 0.542029004311189 0.03462837921688333 0.06666666897945106
0 0.7440878558554687 0.5260869747726247 0.037162163062021136 0.0840579739306122
