0 0.12900000612717122 0.20711974799633026 0.050000002374872565 0.07119741337373853
0 0.15100000717211515 0.41585761902388185 0.06600000313483179 0.10679612006060779
0 0.23700001125689596 0.5064725087722763 0.09400000446476042 0.16504854918457568
0 0.33400001586414874 0.3640776820247993 0.04800000227987766 0.08090615156106651
0 0.3610000171465799 0.30744337593205273 0.03000000142492354 0.0647249212488532
0 0.5070000240812078 0.3220064832130447 0.03000000142492354 0.06796116731129587
0 0.5490000260761008 0.49514564755372703 0.07000000332482159 0.11650485824793577
0 0.6550000311108306 0.3964401426492259 0.050000002374872565 0.09385113581083715
0 0.6020000285934657 0.3446602056501433 0.04400000208988786 0.07443365943618119
0 0.8760000416077673 0.37702266627456993 0.04800000227987766 0.08737864368595183
0 0.873000041465275 0.3268608523067087 0.03000000142492354 0.058252429123967886
0 0.9810000465949997 0.36245955899357796 0.03800000180490315 0.08414239762350917
0 0.9140000434126705 0.7087378876749426 0.1600000075995922 0.33009709836915135
