0 0.10684161353856325 0.5676126712933183 0.05435801390558481 0.11352253425866365
0 0.25210871966555715 0.2662771207978949 0.01874414272606373 0.04173622583039105
0 0.27272727666422725 0.2712854678975418 0.016869728453457355 0.0317195316310972
0 0.30037488718517125 0.2587646001484245 0.017806935589760542 0.03672787873074412
0 0.30787254427559674 0.23288814013358206 0.01593252131715417 0.0317195316310972
0 0.3313027226831764 0.22871451755054295 0.017806935589760542 0.04006677679717541
0 0.3514526761136949 0.22537561948411167 0.016869728453457355 0.03672787873074412
0 0.3298969119787216 0.2821368866134435 0.01874414272606373 0.03338898066431284
0 0.36785380099900067 0.27629381499718875 0.019681349862366915 0.038397327763959765
0 0.3533270903863013 0.2671118453145027 0.016869728453457355 0.03672787873074412
0 0.39550141151994467 0.28046743758022785 0.0206185569986701 0.046744572930037975
0 0.3805060973390937 0.22954924206715077 0.0206185569986701 0.03505842969752848
0 0.3805060973390937 0.1794657710706815 0.01312089990824461 0.03505842969752848
0 0.38847235799767077 0.18781301623675972 0.014058107044547796 0.0317195316310972
0 0.41846298635937274 0.19616026140283793 0.01593252131715417 0.04173622583039105
0 0.4362699219491333 0.24040066078305244 0.021555764134973288 0.04340567486360669
0 0.47328960383310914 0.22954924206715077 0.0206185569986701 0.04507512389682233
0 0.4470478040166199 0.19699498591944575 0.016869728453457355 0.03338898066431284
0 0.4409559576306492 0.1711185259046033 0.01593252131715417 0.02504173549823463
0 0.45079663256183267 0.16026710718870163 0.01312089990824461 0.023372286465018988
0 0.4775070359464735 0.16444072977174073 0.014058107044547796 0.028380633564665914
0 0.4845360894687474 0.20033388398587704 0.01874414272606373 0.04006677679717541
0 0.47938145021907985 0.14106844330672175 0.014058107044547796 0.028380633564665914
0 0.5238987891934812 0.21285475173499435 0.022492971271276474 0.04507512389682233
0 0.5332708605565131 0.1744574239710346 0.01874414272606373 0.038397327763959765
0 0.5562324353959411 0.24040066078305244 0.025304592680186033 0.05676126712933183
0 0.4985941965132952 0.3105175201781094 0.029990628361701965 0.07011685939505696
0 0.5571696425322443 0.1277128510409966 0.014058107044547796 0.03505842969752848
0 0.5609184710774571 0.14774623943958431 0.014058107044547796 0.028380633564665914
0 0.5740393709857017 0.17028380138799548 0.01593252131715417 0.03338898066431284
0 0.595595135120675 0.1469115149229765 0.014058107044547796 0.03338898066431284
0 0.5937207208480686 0.1193656058749184 0.014058107044547796 0.0317195316310972
0 0.6176195028237998 0.1427378923399374 0.014995314180850983 0.028380633564665914
0 0.6199625206645578 0.12103505490813404 0.012183692771941423 0.028380633564665914
0 0.6340206277091056 0.13689482072368264 0.014058107044547796 0.03338898066431284
0 0.6743205345701426 0.12020033039152622 0.01593252131715417 0.03338898066431284
0 0.620899727800861 0.20534223108552396 0.019681349862366915 0.04006677679717541
0 0.5801312173716724 0.2896494072629139 0.028116214089095592 0.05843071616254747
0 0.6199625206645578 0.30050082597881556 0.027179006952792406 0.06010016519576311
0 0.6129334671422839 0.2587646001484245 0.0206185569986701 0.046744572930037975
0 0.6729147238656878 0.27295491693075746 0.02624179981648922 0.05843071616254747
0 0.716494855703786 0.27963271306362003 0.025304592680186033 0.05843071616254747
0 0.6705717060249299 0.21953254786785692 0.025304592680186033 0.04841402196325362
0 0.7019681450910866 0.22120199690107256 0.01874414272606373 0.04507512389682233
0 0.6841612095013261 0.16110183170530945 0.016869728453457355 0.03505842969752848
0 0.706185577204451 0.1828046691371128 0.017806935589760542 0.03505842969752848
0 0.7296157556120306 0.2070116801187396 0.021555764134973288 0.05008347099646926
0 0.7225867020897567 0.17195325042121112 0.01874414272606373 0.03338898066431284
0 0.7197750806808472 0.13606009620707482 0.016869728453457355 0.04173622583039105
0 0.7535145375877619 0.1235392284579575 0.016869728453457355 0.030050082597881556
0 0.7680412482004613 0.1310517491074279 0.014058107044547796 0.0317195316310972
0 0.7713214731775224 0.15776293363887817 0.014995314180850983 0.03505842969752848
0 0.7563261589966714 0.1469115149229765 0.014995314180850983 0.02671118453145027
0 0.7755389052908868 0.20617695560213178 0.019681349862366915 0.04841402196325362
0 0.7582005732692778 0.23706176271662116 0.0206185569986701 0.05342236906290054
0 0.7769447159953415 0.27212019241414964 0.028116214089095592 0.06010016519576311
0 0.8505154761951417 0.2946577543625608 0.025304592680186033 0.06510851229541004
0 0.8350515584461391 0.22370617045089602 0.01874414272606373 0.046744572930037975
0 0.7999062908347696 0.1636060052551329 0.01593252131715417 0.04006677679717541
0 0.7877225980628282 0.14774623943958431 0.014058107044547796 0.03505842969752848
0 0.8308341263327748 0.1552587600890547 0.017806935589760542 0.03672787873074412
0 0.8556701154448092 0.1594323826720938 0.014995314180850983 0.03505842969752848
0 0.8936270044650882 0.16861435235477984 0.019681349862366915 0.04006677679717541
0 0.8462980440817773 0.19782971043605357 0.016869728453457355 0.038397327763959765
0 0.8851921402383596 0.20116860850248486 0.017806935589760542 0.04173622583039105
0 0.9095595257822424 0.24040066078305244 0.017806935589760542 0.046744572930037975
0 0.9339269113261253 0.2587646001484245 0.02343017840757966 0.046744572930037975
