0 0.15212765475735068 0.306976743042469 0.14468084648251534 0.27906976640224457
0 0.13882978283800185 0.15813953429460526 0.10319148609414697 0.17674418538808823
0 0.33776594675146043 0.1616279063746333 0.09893616707995534 0.2860465105623007
0 0.37978722201660275 0.23255813866853714 0.10638297535479069 0.2511627897620201
0 0.43936168821528554 0.3186046499758959 0.07446808274835348 0.1953488364815712
0 0.525531898252666 0.39418604504317045 0.10425531584769487 0.27209302224218845
0 0.7111701902467757 0.40930232405662537 0.10106382658705115 0.2744186036288738
0 0.685638276161626 0.2581395339220762 0.09468084806576371 0.2697674408555031
0 0.8154255060944706 0.37906976602971554 0.06702127447351813 0.23720930144190788
0 0.8702127384021878 0.35232558008283377 0.08510638028383255 0.2534883711487055
