0 0.04911131865810603 0.4028475668746978 0.03086997172795236 0.058626465033739805
0 0.25912067177705467 0.2797319903038442 0.018709073774516582 0.03015075344592333
0 0.301216087769717 0.2529313205741346 0.013096351642161608 0.026800669729709625
0 0.3152478931006044 0.2889447205234319 0.016838166397064924 0.03517587902024388
0 0.33956968900747597 0.2788944693747908 0.014967259019613266 0.03182579530403018
0 0.38727782713249326 0.31323282746598125 0.02057998115196824 0.04020100459456444
0 0.31945743469987065 0.22613065084442496 0.014031805330887437 0.023450586013495922
0 0.3461178648285568 0.21524287876673043 0.014967259019613266 0.03182579530403018
0 0.38072965131141245 0.22361808805726469 0.014967259019613266 0.03517587902024388
0 0.3690364802023396 0.21356783690862358 0.014031805330887437 0.03517587902024388
0 0.3849391929106787 0.19932998111471534 0.01028999057598412 0.026800669729709625
0 0.41300280357245356 0.22194304619915783 0.01964452746324241 0.04522613016888499
0 0.4494854974327609 0.22194304619915783 0.015902712708339095 0.03182579530403018
0 0.4878390986705199 0.22026800434105098 0.017773620085790753 0.04187604645267129
0 0.47661365440580994 0.19011725089512765 0.014031805330887437 0.025125627871602774
0 0.443405048456043 0.1951423764694482 0.013096351642161608 0.018425460439175367
0 0.42235734045971185 0.1917922927532345 0.01964452746324241 0.02177554415538907
0 0.4167446183273569 0.1725293113850057 0.01964452746324241 0.023450586013495922
0 0.45509821956511587 0.17001674859784544 0.014031805330887437 0.03182579530403018
0 0.4522918584989384 0.13902847422286868 0.01028999057598412 0.016750418581068516
0 0.4756782007170841 0.16499162302352488 0.014031805330887437 0.02177554415538907
0 0.5060804456006736 0.17085426952689886 0.016838166397064924 0.03015075344592333
0 0.5346117831068113 0.13819095329381526 0.014031805330887437 0.025125627871602774
0 0.5551917642587796 0.15996649744920433 0.012160897953435779 0.028475711587816477
0 0.580449013854377 0.15661641373299062 0.014031805330887437 0.028475711587816477
0 0.5673526622122154 0.14405359979718924 0.01028999057598412 0.03015075344592333
0 0.55846585216932 0.11557788820937276 0.009354536887258291 0.02010050229728222
0 0.5949485460296273 0.09715242777019739 0.01122544426470995 0.02010050229728222
0 0.5907390044303611 0.11809045099653304 0.01028999057598412 0.025125627871602774
0 0.6169317077146843 0.10887772077694535 0.012160897953435779 0.03350083716213703
0 0.6248830640688539 0.14070351608097553 0.013096351642161608 0.026800669729709625
0 0.6538821284193546 0.11557788820937276 0.013096351642161608 0.026800669729709625
0 0.6482694062869996 0.09296482312493026 0.013096351642161608 0.02177554415538907
0 0.6810102853924036 0.11641540913842618 0.01122544426470995 0.03182579530403018
0 0.6931711833458394 0.1072026789188385 0.009354536887258291 0.03015075344592333
0 0.5439663199940696 0.19597989739850163 0.015902712708339095 0.03015075344592333
0 0.5701590232783929 0.17671691603027284 0.015902712708339095 0.028475711587816477
0 0.487371371826157 0.28810719959437847 0.0224508885294199 0.04355108831077814
0 0.5299345146631822 0.31658291118219495 0.023386342218145728 0.04020100459456444
0 0.5650140279904008 0.23618090199306607 0.014967259019613266 0.036850920878350735
0 0.6094480782048777 0.21608039969578385 0.015902712708339095 0.036850920878350735
0 0.6010289950063452 0.3350083716213703 0.023386342218145728 0.046901172026991844
0 0.6080448976717889 0.27721942751668394 0.016838166397064924 0.03517587902024388
0 0.6618334847735241 0.2671691763680428 0.023386342218145728 0.048576213885098696
0 0.6725912021938711 0.3567839157767594 0.024321795906871557 0.05025125574320555
0 0.7137511644978076 0.2956448879558593 0.018709073774516582 0.058626465033739805
0 0.7820392837747931 0.293132325168699 0.026192703284323215 0.05360133945941925
0 0.6992516323225573 0.21273031597957015 0.01964452746324241 0.04020100459456444
0 0.6884939149022102 0.19430485554039478 0.014967259019613266 0.03350083716213703
0 0.6580916700186208 0.20519262761808932 0.017773620085790753 0.04522613016888499
0 0.684284373302944 0.15494137187488377 0.015902712708339095 0.025125627871602774
0 0.7053320812992752 0.14154103701002896 0.013096351642161608 0.028475711587816477
0 0.7305893308948725 0.15829145559109747 0.01122544426470995 0.025125627871602774
0 0.7427502288483083 0.1432160788681358 0.009354536887258291 0.028475711587816477
0 0.7305893308948725 0.13232830679044127 0.01122544426470995 0.023450586013495922
0 0.7460243167588487 0.11390284635126591 0.012160897953435779 0.026800669729709625
0 0.7768942884868011 0.11809045099653304 0.008419083198532462 0.025125627871602774
0 0.7684752052882686 0.13484086957760155 0.012160897953435779 0.03182579530403018
0 0.7535079462686554 0.15661641373299062 0.017773620085790753 0.028475711587816477
0 0.7366697798715904 0.19346733461134136 0.02151543484069407 0.038525962736457586
0 0.7619270294671878 0.23534338106401265 0.01964452746324241 0.038525962736457586
0 0.8115060749696568 0.24288106942549348 0.017773620085790753 0.05025125574320555
0 0.7960710891056806 0.17085426952689886 0.014967259019613266 0.03350083716213703
0 0.7942001817282289 0.13065326493233442 0.013096351642161608 0.03015075344592333
0 0.8035547186154872 0.12479061842896044 0.013096351642161608 0.025125627871602774
0 0.8344246903434396 0.13902847422286868 0.013096351642161608 0.03350083716213703
0 0.8175865239463747 0.16164153930731118 0.013096351642161608 0.03182579530403018
0 0.8475210419856012 0.1557788928039372 0.013096351642161608 0.03350083716213703
0 0.8573433057172224 0.19262981368228793 0.014031805330887437 0.03015075344592333
0 0.8690364768262953 0.1331658277194947 0.014967259019613266 0.03182579530403018
0 0.8793264674022794 0.1716917904559523 0.014967259019613266 0.025125627871602774
0 0.8882132774451748 0.20351758575998247 0.014031805330887437 0.03182579530403018
0 0.8737137452699244 0.23115577641874552 0.016838166397064924 0.04020100459456444
0 0.91955097601749 0.28810719959437847 0.018709073774516582 0.05360133945941925
0 0.9228250639280304 0.19932998111471534 0.015902712708339095 0.046901172026991844
0 0.9181477954844013 0.16164153930731118 0.012160897953435779 0.03182579530403018
0 0.9321796008152887 0.15326633001677692 0.01028999057598412 0.025125627871602774
0 0.8985032680211589 0.12814070214517415 0.012160897953435779 0.025125627871602774
0 0.8994387217098847 0.16666666488163173 0.014031805330887437 0.025125627871602774
0 0.4752104738727212 0.1457286416552961 0.013096351642161608 0.023450586013495922
