0 0.8743333239690401 0.3679557843133807 0.029999999678693712 0.05966850556433201
0 0.6956666592159308 0.4243093729019165 0.024666666402481496 0.04198894836008549
0 0.6159999934025109 0.3685082704760134 0.025333333062008023 0.04530386533588171
0 0.5953333269571885 0.3685082704760134 0.0173333331476897 0.043093920685350895
0 0.5763333271606825 0.3629834088496864 0.020666666445322335 0.038674031384289265
0 0.5659999939380214 0.3801104798913002 0.026666666381061077 0.04861878231167793
0 0.5393333275569603 0.3806629660539329 0.03066666633822024 0.060773477889597416
0 0.5133333278354257 0.38508285535499454 0.03066666633822024 0.051933699287474155
0 0.4096666622790508 0.391712689306587 0.04333333286922425 0.0740331457927823
0 0.34733332961332053 0.4060773295350373 0.0519999994430691 0.08950275834649801
0 0.2616666638641618 0.3806629660539329 0.0593333326978609 0.10055248159915209
0 0.16733333154115826 0.39889500942081213 0.057333332719281316 0.10607734322547913
0 0.09933333226945251 0.37569059059023857 0.07866666582413018 0.15469612553715706
0 0.04499999951804057 0.2668508165515959 0.04999999946448952 0.1027624262496829
0 0.1459999984363094 0.2773480536416173 0.05466666608117521 0.0883977860212326
0 0.23666666413191706 0.28674031840637326 0.04399999952875078 0.0872928136959672
0 0.2816666636499576 0.2812154567800462 0.037999999593012035 0.0740331457927823
0 0.27433333039516583 0.21491711726412177 0.03266666631679982 0.060773477889597416
0 0.18466666468884796 0.2320441883057356 0.033333332976326346 0.07513811811804771
0 0.17933333141263574 0.18232043366879225 0.033333332976326346 0.05303867161273956
0 0.13799999852199107 0.18121546134352684 0.03199999965727329 0.05966850556433201
0 0.12533333199098706 0.2342541329562664 0.0346666662953794 0.0729281734675169
0 0.0829999991110526 0.16795579344034195 0.03933333291206509 0.0729281734675169
0 0.035999999614432454 0.1900552399456501 0.04133333289064467 0.07071822881698608
0 0.021666666434612125 0.1447513746097684 0.04066666623111814 0.06408839486539364
0 0.31533332995604724 0.24530385620892048 0.02799999970011413 0.05303867161273956
0 0.3596666628145613 0.25745855178683996 0.031333332997746766 0.05303867161273956
0 0.3839999958872795 0.27237567817792296 0.025333333062008023 0.04972375463694334
0 0.37899999594083056 0.2337016467936337 0.02199999976437539 0.038674031384289265
0 0.39899999572662637 0.23812153609469533 0.016666666488163173 0.04088397603482008
0 0.41999999550171196 0.2895027492195368 0.02799999970011413 0.06408839486539364
0 0.4369999953196384 0.2795579982921481 0.017999999807216227 0.05082872696220875
0 0.4543333284673281 0.2756905951537192 0.017999999807216227 0.03646408673375845
0 0.45666666177567095 0.3099447372369468 0.029333333019167185 0.05414364393800497
0 0.48866666143294424 0.3082872787490487 0.02399999974295497 0.05303867161273956
0 0.48133332817815244 0.28453037375584245 0.018666666466742754 0.04088397603482008
0 0.5113333278568462 0.31657457118853927 0.022666666423901916 0.047513809986412525
0 0.5276666610152461 0.31546959886327386 0.027333333040587604 0.056353588588535786
0 0.5506666607689112 0.3176795435138047 0.02399999974295497 0.04972375463694334
