0 0.8461538827978075 0.10821643425151706 0.0135746612213552 0.028056112583726645
0 0.8704751508194022 0.12024048250168562 0.014705882989801466 0.032064128667116165
0 0.8817873685038649 0.10220441012643278 0.0101809959160164 0.028056112583726645
0 0.9360860133892857 0.10721443023066968 0.0101809959160164 0.026052104542031884
0 0.912330356251914 0.14829659508541226 0.0101809959160164 0.020040080416947603
0 0.8761312596616335 0.19038076396100223 0.014705882989801466 0.036072144750505686
0 0.9151584106730297 0.19438878004439175 0.022624435368925333 0.04809619300067425
0 0.8093891753233038 0.16332665539812297 0.019230770063586533 0.05010020104236901
0 0.8195701712393202 0.13527054281439632 0.012443439452908933 0.026052104542031884
0 0.7997737902915105 0.121242486522533 0.011312217684462667 0.026052104542031884
0 0.8642534310929477 0.21543086448218673 0.015837104758247733 0.038076152792200446
0 0.7822398528805934 0.11923847848083824 0.0101809959160164 0.026052104542031884
0 0.7601810283958912 0.13426853879354894 0.011312217684462667 0.032064128667116165
0 0.7748869113856927 0.1362725468352437 0.0135746612213552 0.032064128667116165
0 0.7256787644582801 0.12525050260592252 0.014705882989801466 0.034068136708810925
0 0.7347285386058502 0.14328657498117536 0.014705882989801466 0.038076152792200446
0 0.7511312542483211 0.17535070364829153 0.018099548295140266 0.038076152792200446
0 0.7709276351961307 0.27154308964964 0.0237556571373716 0.05410821712575853
0 0.7290724297636189 0.1863727478776127 0.016968326526694 0.040080160833895206
0 0.7324660950689577 0.22344689664896578 0.0237556571373716 0.05410821712575853
0 0.7030543290893547 0.21943888056557626 0.021493213600479066 0.05410821712575853
0 0.7081448270473629 0.292585174087435 0.022624435368925333 0.06012024125084281
0 0.6272624706034549 0.07014028145931661 0.0101809959160164 0.028056112583726645
0 0.6538461821619421 0.06012024125084281 0.0135746612213552 0.024048096500337124
0 0.6798642828362063 0.06112224527169019 0.011312217684462667 0.026052104542031884
0 0.6679864542675205 0.11523046239744872 0.0101809959160164 0.026052104542031884
0 0.6402715209405869 0.11422845837660134 0.011312217684462667 0.028056112583726645
0 0.6600679018883966 0.17334669560659677 0.014705882989801466 0.034068136708810925
0 0.6855203916784376 0.1412825669394806 0.0135746612213552 0.034068136708810925
0 0.7121041032369249 0.1663326674606651 0.012443439452908933 0.032064128667116165
0 0.6549774039303884 0.20340681623201817 0.0203619918320328 0.04609218495897949
0 0.6238688052981161 0.20941884035710245 0.016968326526694 0.04609218495897949
0 0.6713801195728593 0.33667335100471973 0.026018100674264133 0.06412825733423233
0 0.6052036461187527 0.25050100521184504 0.0203619918320328 0.04408817691728473
0 0.5650452733389102 0.24348697706591338 0.021493213600479066 0.04609218495897949
0 0.619343918224331 0.13426853879354894 0.014705882989801466 0.032064128667116165
0 0.6035068134660833 0.07314629352185875 0.012443439452908933 0.030060120625421405
0 0.5520362230017781 0.08316633373033255 0.011312217684462667 0.022044088458642364
0 0.5729638257180341 0.1462925870437175 0.014705882989801466 0.036072144750505686
0 0.5723982148338109 0.1723446915857494 0.015837104758247733 0.036072144750505686
0 0.5288461767486297 0.13326653477270156 0.0101809959160164 0.026052104542031884
0 0.5475113359279931 0.14028056291863322 0.015837104758247733 0.032064128667116165
0 0.5446832815068774 0.16332665539812297 0.012443439452908933 0.034068136708810925
0 0.4309954937780276 0.13827655487693846 0.0135746612213552 0.028056112583726645
0 0.45079187472583726 0.14228457096032798 0.012443439452908933 0.028056112583726645
0 0.46606336859986186 0.1513026071479544 0.0135746612213552 0.026052104542031884
0 0.38291856861906126 0.20040080416947603 0.0101809959160164 0.024048096500337124
0 0.40837105840910226 0.22144288860727102 0.0135746612213552 0.034068136708810925
0 0.441176489694044 0.23547094489913434 0.015837104758247733 0.038076152792200446
0 0.4128959454828873 0.26553106552455574 0.018099548295140266 0.05010020104236901
0 0.34671947202878073 0.23346693685743958 0.016968326526694 0.04208416887558997
0 0.356334857060574 0.21442886046133935 0.0135746612213552 0.036072144750505686
0 0.26414028293220326 0.2615230494411662 0.012443439452908933 0.030060120625421405
0 0.23303168429993093 0.23847695696167648 0.015837104758247733 0.040080160833895206
0 0.305429877480492 0.2575150333577767 0.0203619918320328 0.038076152792200446
0 0.48981902573723346 0.2975951941916719 0.022624435368925333 0.05811623320914805
0 0.5339366747066379 0.31062124646268785 0.022624435368925333 0.05611222516745329
0 0.568438938644249 0.3386773590464145 0.0237556571373716 0.06412825733423233
0 0.19739819859387353 0.37575150781776756 0.0441176489694044 0.09418837795965374
