0 0.19431050989078358 0.48539519601035863 0.0433944066753611 0.07731958874501288
0 0.12391513906186447 0.2362542989430949 0.022179363411851227 0.029209622414782643
0 0.26808100123889744 0.23195876623503864 0.02121504326350987 0.03436426166445017
0 0.3461909332545474 0.24484536435920745 0.019286402966827154 0.039518900914117694
0 0.34040501236449927 0.2010309307370335 0.015429122373461723 0.03436426166445017
0 0.35728061496047303 0.2121993157779798 0.010607521631754935 0.029209622414782643
0 0.3712632571114227 0.21134020923636854 0.013500482076779008 0.027491409331560135
0 0.409836063045077 0.2328178727766499 0.019286402966827154 0.03608247474767268
0 0.4676952719455585 0.21821306156925857 0.019286402966827154 0.03436426166445017
0 0.4406943077920005 0.18470790644641966 0.019286402966827154 0.025773196248337626
0 0.39151398022659123 0.1726804148638621 0.011571841780096292 0.018900343915447593
0 0.39537126081995666 0.19759450457058847 0.015429122373461723 0.017182130832225084
0 0.43924782756948844 0.15120275132358074 0.01639344252180308 0.027491409331560135
0 0.5077145581017248 0.19415807840414345 0.020250723115168512 0.03436426166445017
0 0.7565091563737951 0.3530927886022255 0.03375120519194752 0.04639175324700773
0 0.6798457045806572 0.2792096260236576 0.023143683560192585 0.04295532708056271
0 0.6297010568669066 0.25773196248337626 0.027000964153558016 0.037800687830895185
0 0.6287367367185652 0.20360825036186725 0.02121504326350987 0.039518900914117694
0 0.6663452225038782 0.23195876623503864 0.02121504326350987 0.037800687830895185
0 0.5940212113782763 0.25343642977532 0.02121504326350987 0.04295532708056271
0 0.5351976823294535 0.2216494877357036 0.011571841780096292 0.027491409331560135
0 0.7859209208982065 0.33848797739483416 0.023143683560192585 0.05154639249667525
0 0.7550626761512831 0.29553265031427145 0.023143683560192585 0.03436426166445017
0 0.7193828306626529 0.24914089706726372 0.02121504326350987 0.03436426166445017
0 0.8244937268318608 0.36512028018478304 0.019286402966827154 0.05326460557989776
0 0.911282540182583 0.3994845418492332 0.02892960445024073 0.04295532708056271
0 0.8818707756581716 0.26202749519143254 0.018322082818485796 0.04295532708056271
0 0.9271938226302154 0.300687289563939 0.027965284301899374 0.0412371139973402
0 0.8476374103920534 0.23539519240148365 0.015429122373461723 0.024054983165115118
0 0.4971070364699699 0.13831615319941193 0.01253616192843765 0.018900343915447593
0 0.5366441625519656 0.14690721861552447 0.01253616192843765 0.029209622414782643
0 0.5998071322683245 0.12285223545040935 0.009643201483413577 0.02233677008189261
0 0.6128254542709328 0.11168385040946305 0.010607521631754935 0.027491409331560135
0 0.6759884239872918 0.11597938311751932 0.011571841780096292 0.025773196248337626
0 0.6890067459899001 0.12714776815846562 0.010607521631754935 0.030927835498005152
0 0.6682738628005609 0.1408934728242457 0.013500482076779008 0.024054983165115118
0 0.6528447404270992 0.1297250877832994 0.009643201483413577 0.018900343915447593
0 0.6552555407979526 0.10910653078462929 0.01253616192843765 0.018900343915447593
0 0.6176470550126396 0.1709622017806396 0.014464802225120366 0.02233677008189261
0 0.684667305322364 0.19415807840414345 0.015429122373461723 0.027491409331560135
0 0.711668269475922 0.12457044853363186 0.013500482076779008 0.025773196248337626
0 0.764223717560526 0.13402062049135566 0.01253616192843765 0.0206185569986701
0 0.8095467645325698 0.15463917749002576 0.01253616192843765 0.03436426166445017
0 0.8283510074252263 0.19243986532092094 0.011571841780096292 0.027491409331560135
0 0.8582449320238084 0.19931271765381098 0.013500482076779008 0.027491409331560135
0 0.872227574174758 0.1709622017806396 0.014464802225120366 0.03264604858122766
0 0.9069430995150469 0.17010309523902833 0.01253616192843765 0.03436426166445017
0 0.8500482107629068 0.15721649711485952 0.014464802225120366 0.02233677008189261
0 0.8331726081669331 0.16838488215580583 0.015429122373461723 0.0206185569986701
0 0.8982642181799747 0.21821306156925857 0.014464802225120366 0.027491409331560135
0 0.9479267058195546 0.21134020923636854 0.011571841780096292 0.027491409331560135
0 0.762777237338014 0.18642611952964216 0.015429122373461723 0.02233677008189261
0 0.9426229450036772 0.17869416065514088 0.01253616192843765 0.0206185569986701
0 0.566055927076377 0.14003436628263444 0.011571841780096292 0.025773196248337626
0 0.5814850494498387 0.13058419432491064 0.011571841780096292 0.0206185569986701
0 0.5197685599559918 0.13745704665780067 0.011571841780096292 0.017182130832225084
0 0.4720347126130946 0.18298969336319715 0.014464802225120366 0.015463917749002576
0 0.6210221755318344 0.1443298989906907 0.013500482076779008 0.027491409331560135
0 0.7830279604531825 0.17010309523902833 0.011571841780096292 0.0206185569986701
0 0.7082931489567272 0.1932989718625322 0.01639344252180308 0.039518900914117694
0 0.725168751552701 0.20360825036186725 0.023143683560192585 0.04295532708056271
0 0.5819672095240094 0.2010309307370335 0.01639344252180308 0.027491409331560135
0 0.8457087700953707 0.2139175288612023 0.015429122373461723 0.03608247474767268
0 0.9257473424077034 0.25257732323370874 0.023143683560192585 0.04467354016378522
0 0.9392478244844824 0.19931271765381098 0.011571841780096292 0.030927835498005152
0 0.5081967181758955 0.1615120298229158 0.011571841780096292 0.024054983165115118
0 0.4850530346157029 0.1632302429061383 0.011571841780096292 0.017182130832225084
0 0.5154291192884557 0.18127148027997464 0.01639344252180308 0.029209622414782643
0 0.5506268047029153 0.1443298989906907 0.013500482076779008 0.027491409331560135
