0 0.09669811464846134 0.511075962218456 0.08962264284491539 0.1424050668720156
0 0.06367924623191357 0.42246836505364627 0.05188679322600365 0.07278481195680797
0 0.12146226596087217 0.3797468449920416 0.03537735901772976 0.06329114083200693
0 0.148584907874465 0.39873418724164367 0.04245283082127571 0.06962025491520762
0 0.21344339940696955 0.4509493784280494 0.08254717104136944 0.11708861053921282
0 0.34669811837375164 0.4034810228040442 0.04245283082127571 0.07278481195680797
0 0.3667452884837985 0.3797468449920416 0.03537735901772976 0.06962025491520762
0 0.5082547245547175 0.3892405161168426 0.03537735901772976 0.050632912665605545
0 0.5648584989830852 0.41139241540804505 0.04009434022009373 0.06329114083200693
0 0.5495283100754023 0.38291140203364193 0.033018868416547775 0.04430379858240485
