0 0.3251256246585399 0.198384205927141 0.02110552741214633 0.04129264014773071
0 0.4603015026077628 0.2028725363779813 0.026130652986466885 0.04667863668873906
0 0.5110552709084004 0.21903052600100636 0.019095477182418108 0.043087972328066826
0 0.5155778839252889 0.14452424051705748 0.014070351608097553 0.03770197578705847
0 0.5788944661617279 0.122082588262856 0.014070351608097553 0.028725314885377884
0 0.6582914502359927 0.1157989256316796 0.012060301378369331 0.030520647065714
0 0.5964824056718498 0.24955117306672037 0.019095477182418108 0.03949730796739459
0 0.642713560955599 0.2504488391568884 0.025125627871602774 0.052064633229747415
0 0.4376884375233203 0.24775584088638425 0.023115577641874552 0.035906643606722355
0 0.47336682910099626 0.2118491972796619 0.018090452067553997 0.035906643606722355
