0 0.19604316994082183 0.18895967002026737 0.02038369351066649 0.04670913191512227
0 0.23081535298842937 0.18895967002026737 0.02038369351066649 0.03821656247600913
0 0.4106714722001925 0.1549893922638148 0.02517985668964684 0.03821656247600913
0 0.5299760312773287 0.18577495648059994 0.021582734305411577 0.036093420116230845
0 0.5929256730014458 0.1624203905230388 0.017985611921176314 0.036093420116230845
0 0.6199040908832103 0.14649682282470167 0.021582734305411577 0.04670913191512227
0 0.649280590354465 0.13057325512636453 0.017985611921176314 0.040339704835787416
0 0.6726618858519942 0.20382166653871536 0.023980815894901752 0.04670913191512227
0 0.7158273544628173 0.1624203905230388 0.021582734305411577 0.040339704835787416
0 0.7446043335366994 0.2728237932315096 0.028776979073882103 0.057324843714013696
0 0.7619904250605032 0.22929937485605478 0.02517985668964684 0.05520170135423541
0 0.7446043335366994 0.3471337758237496 0.031175060663372278 0.061571128433570266
0 0.8153477404266596 0.2590233678929508 0.028776979073882103 0.05520170135423541
0 0.8207434240030125 0.3673036282416433 0.032374101458117366 0.07643312495201826
0 0.9280575751326978 0.454352464992553 0.04076738702133298 0.08067940967157483
