0 0.2651222681161016 0.26086955331265926 0.015444015618413687 0.032036611810326576
0 0.2747747778776102 0.2540045650675893 0.01673101691994816 0.03661327064037323
0 0.29343629674986005 0.2631578827276826 0.018018018221482635 0.032036611810326576
0 0.36164736573118716 0.1967963296920061 0.018018018221482635 0.03661327064037323
0 0.38416988850804046 0.23684209445491433 0.024453024729155004 0.048054917715489864
0 0.39124839566648006 0.19450800027698278 0.018018018221482635 0.03661327064037323
0 0.43629344122018665 0.22425628267228603 0.018018018221482635 0.041189929470419884
0 0.4646074698539451 0.22654461208730936 0.02316602342762053 0.04576658830046654
0 0.44658945163246244 0.18535468261688948 0.012870013015344739 0.032036611810326576
0 0.4176319223479368 0.1624713884666562 0.014157014316879213 0.027459952980279922
0 0.4202059249510057 0.10183065896853805 0.011583011713810265 0.025171623565256596
0 0.4858429913292639 0.1910755061544478 0.01673101691994816 0.03890160005539656
0 0.4768339822185226 0.1784896943718195 0.014157014316879213 0.032036611810326576
0 0.4652509705047123 0.15903889434412122 0.014157014316879213 0.02974828239530325
0 0.50772201345535 0.12356978841125965 0.01673101691994816 0.03661327064037323
0 0.540540546644479 0.118993129581213 0.015444015618413687 0.032036611810326576
0 0.55662806291366 0.10869564721360803 0.009009009110741317 0.020594964735209942
0 0.5598455661674961 0.1315789413638413 0.012870013015344739 0.025171623565256596
0 0.5701415765797719 0.14302058843895793 0.018018018221482635 0.02974828239530325
0 0.5669240733259358 0.17162470612674952 0.01673101691994816 0.041189929470419884
0 0.5205920264706947 0.17048054141923785 0.011583011713810265 0.025171623565256596
0 0.518661524518393 0.2002288238145411 0.018018018221482635 0.03890160005539656
0 0.5379665440414101 0.1819221884943545 0.015444015618413687 0.02974828239530325
0 0.4948520004400052 0.2997711533680558 0.027027027332223952 0.054919905960559845
0 0.529601035581436 0.32723110634833574 0.0296010299352929 0.05034324713051319
0 0.5997426065150648 0.1533180708065629 0.015444015618413687 0.03661327064037323
0 0.6081081149750389 0.1281464472413063 0.009009009110741317 0.02288329415023327
0 0.5797940863412805 0.11784896487370133 0.011583011713810265 0.025171623565256596
0 0.5939511006581597 0.10183065896853805 0.011583011713810265 0.02974828239530325
0 0.6132561201811768 0.09839816484600306 0.014157014316879213 0.027459952980279922
0 0.6377091449103318 0.09725400013849139 0.014157014316879213 0.02974828239530325
0 0.6351351423072629 0.12356978841125965 0.014157014316879213 0.032036611810326576
0 0.6389961462118663 0.13615560019388795 0.01673101691994816 0.02974828239530325
0 0.6698841774486937 0.10526315309107304 0.011583011713810265 0.02288329415023327
0 0.6975547054316849 0.10068649426102638 0.012870013015344739 0.032036611810326576
0 0.6640926715917885 0.1693363767117262 0.020592020824551582 0.04576658830046654
0 0.6531531605287455 0.20594964735209942 0.024453024729155004 0.05034324713051319
0 0.6248391318949871 0.2437070826999843 0.027027027332223952 0.04347825888544321
0 0.6126126195304096 0.20480548264458776 0.018018018221482635 0.048054917715489864
0 0.5572715635644272 0.2528604003600776 0.020592020824551582 0.03890160005539656
0 0.602960109768901 0.31464529456570745 0.03217503253836185 0.05263157654553652
0 0.6930502008763142 0.31464529456570745 0.034749035141430795 0.07093821186572313
0 0.7020592099870555 0.2288329415023327 0.021879022126086056 0.054919905960559845
0 0.6891891969717108 0.18077802378684282 0.01930501952301711 0.05034324713051319
0 0.6756756833055988 0.1533180708065629 0.015444015618413687 0.03661327064037323
0 0.7265122347162105 0.1819221884943545 0.021879022126086056 0.05263157654553652
0 0.7220077301608399 0.24942790623754263 0.028314028633758426 0.05034324713051319
0 0.7638352724607103 0.2757436945103109 0.03217503253836185 0.07551487069576979
0 0.7471042555407621 0.33066360047087073 0.034749035141430795 0.06636155303567648
0 0.7619047705084085 0.2093821414746344 0.020592020824551582 0.04347825888544321
0 0.7799227887298912 0.2036613179370761 0.018018018221482635 0.03661327064037323
0 0.7728442815714516 0.16132722375914454 0.01673101691994816 0.04347825888544321
0 0.7567567653022707 0.12585811782628298 0.015444015618413687 0.032036611810326576
0 0.814671823871322 0.15446223551407456 0.018018018221482635 0.0343249412253499
0 0.8223938316805288 0.1407322590239346 0.012870013015344739 0.02974828239530325
0 0.8320463414420374 0.1281464472413063 0.01673101691994816 0.03661327064037323
0 0.8436293531558476 0.14874141197651625 0.01673101691994816 0.03661327064037323
0 0.8513513609650545 0.13958809431642294 0.014157014316879213 0.032036611810326576
0 0.8603603700757958 0.12471395311877131 0.014157014316879213 0.025171623565256596
0 0.8815958915511146 0.16819221200421453 0.018018018221482635 0.03890160005539656
0 0.888030898058787 0.13386727077886462 0.010296010412275791 0.025171623565256596
0 0.9221364325494505 0.15446223551407456 0.014157014316879213 0.02974828239530325
0 0.8693693791865371 0.2093821414746344 0.021879022126086056 0.048054917715489864
0 0.8191763284266926 0.2162471297197044 0.027027027332223952 0.048054917715489864
0 0.8030888121575117 0.2471395768225193 0.02316602342762053 0.0594965647906065
0 0.8307593401405029 0.3123569651506841 0.024453024729155004 0.061784894205629826
0 0.7870012958883308 0.3970251535065472 0.034749035141430795 0.08009152952581644
0 0.8976834078202955 0.4038901417516172 0.03732303774449974 0.07551487069576979
0 0.9079794182325713 0.2974828239530325 0.024453024729155004 0.054919905960559845
0 0.9066924169310369 0.2505720709450543 0.01930501952301711 0.03890160005539656
0 0.9169884273433127 0.21739129442721605 0.01673101691994816 0.03661327064037323
