0 0.03602941246936098 0.520238115102984 0.06617647188249975 0.21190476999618113
0 0.02205882396083325 0.373809538083151 0.0411764713935554 0.10952381370589137
0 0.147058826405555 0.34880953712854534 0.052941177505999804 0.10238095629028976
0 0.1882352977991104 0.3821428717346862 0.0676470601465553 0.1261904810089618
0 0.2830882408306934 0.3357142985332757 0.060294118826277554 0.11904762359336019
0 0.3455882420530543 0.3833333479706198 0.0705882366746664 0.11904762359336019
0 0.42279412591597065 0.3202381074661389 0.060294118826277554 0.10238095629028976
0 0.5022058921749704 0.3750000143190846 0.06911764841061085 0.1261904810089618
0 0.5455882459646091 0.3214285837020725 0.058823530562222004 0.10476190876215696
0 0.3352941242046654 0.6380952624604106 0.176470591686666 0.2666666768491268
0 0.6610294246929698 0.35952382325194776 0.057352942298166454 0.14285714831203222
0 0.7242647200473584 0.4619047795422375 0.09852941369172186 0.20476191258057952
0 0.8102941334946081 0.33928572724107653 0.058823530562222004 0.12142857606522739
0 0.7727941327611916 0.29166667780373245 0.04264705965761095 0.09761905134655535
0 0.9352941359393299 0.3714285856112838 0.0735294132027775 0.1333333384245634
0 0.9691176660126075 0.41904763504862785 0.061764707090333104 0.16666667303070426
0 0.8058823687024415 0.8666666997596622 0.23235294572077692 0.2619047719053924
