0 0.06282999174436554 0.34622642025351524 0.030623021186329424 0.05094339698553085
0 0.29619853250915185 0.21792453154921532 0.015839493717066944 0.028301887214183807
0 0.30464626249158755 0.24245283380150795 0.01795142621267587 0.035849057137966156
0 0.3342133174301125 0.23113207891583443 0.01795142621267587 0.035849057137966156
0 0.3342133174301125 0.1764150969684124 0.015839493717066944 0.035849057137966156
0 0.3511087773949839 0.19528302177786827 0.015839493717066944 0.03207547217607498
0 0.3796198660857044 0.1924528330564499 0.015839493717066944 0.03773584961891174
0 0.36008449050132185 0.24622641876339912 0.019007392460480332 0.03962264209985733
0 0.37381205172277987 0.2669811360538006 0.023231257451698184 0.04716981202363968
0 0.4028511235374026 0.1915094368159771 0.01795142621267587 0.03962264209985733
0 0.4149947353871539 0.2037735879421234 0.016895459964871407 0.04150943458080292
0 0.42027456662617624 0.1745283044874668 0.016895459964871407 0.03207547217607498
0 0.4244984316173941 0.14905660599470139 0.016895459964871407 0.030188679695129395
0 0.4498416215647012 0.16698113456368446 0.019007392460480332 0.03962264209985733
0 0.4429778409539722 0.22264151275157928 0.020063358708284795 0.04528301954269409
0 0.48944035585736856 0.21509434282779694 0.020063358708284795 0.04150943458080292
0 0.47940867650322616 0.18113207817077637 0.019007392460480332 0.03773584961891174
0 0.4704329633968882 0.15660377591848373 0.013727561221458018 0.02641509473323822
0 0.4751848115120083 0.14056603983044624 0.016895459964871407 0.02075471729040146
0 0.490496322105173 0.13018868118524551 0.013727561221458018 0.02641509473323822
0 0.5005280014593154 0.15566037967801094 0.01478352746926248 0.028301887214183807
0 0.513199596432969 0.14433962479233742 0.012671594973653555 0.02075471729040146
0 0.50633581582224 0.1169811338186264 0.013727561221458018 0.02641509473323822
0 0.5285111070261337 0.12452830374240875 0.011615628725849092 0.02641509473323822
0 0.5253432082827203 0.17169811576604843 0.015839493717066944 0.030188679695129395
0 0.547518499486614 0.19622641801834106 0.020063358708284795 0.03773584961891174
0 0.5538542969734408 0.15849056839942932 0.015839493717066944 0.030188679695129395
0 0.5527983307256363 0.1330188699066639 0.011615628725849092 0.024528302252292633
0 0.5491024488583207 0.11981132254004478 0.01478352746926248 0.035849057137966156
0 0.49102430522907525 0.30094340071082115 0.02956705493852496 0.0584905669093132
0 0.5517423644778319 0.3066037781536579 0.030623021186329424 0.0584905669093132
0 0.5807814362924546 0.24622641876339912 0.027455122442916036 0.0584905669093132
0 0.5897571493987925 0.17075471952557564 0.02217529120389372 0.03962264209985733
0 0.5744456388056278 0.12830188870429993 0.01478352746926248 0.030188679695129395
0 0.5834213519119658 0.11132075637578964 0.015839493717066944 0.030188679695129395
0 0.6013727781246416 0.12169811502099037 0.01795142621267587 0.03207547217607498
0 0.6209081537090242 0.15754717215895653 0.01478352746926248 0.03207547217607498
0 0.627243951195851 0.12924528494477272 0.016895459964871407 0.028301887214183807
0 0.6335797486826777 0.1028301902115345 0.012671594973653555 0.028301887214183807
0 0.6552270567626692 0.12452830374240875 0.015839493717066944 0.030188679695129395
0 0.668426634860225 0.09716981276869774 0.01478352746926248 0.03207547217607498
0 0.6895459598163143 0.12264151126146317 0.01478352746926248 0.02641509473323822
0 0.6932418416836299 0.09811320900917053 0.011615628725849092 0.022641509771347046
0 0.711721251020208 0.10849056765437126 0.01478352746926248 0.03207547217607498
0 0.6525871411431581 0.18773585185408592 0.019007392460480332 0.03962264209985733
0 0.6267159680719487 0.21320755034685135 0.02217529120389372 0.03396226465702057
0 0.6304118499392644 0.2367924563586712 0.021119324956089258 0.043396227061748505
0 0.6077085756114684 0.3377358540892601 0.030623021186329424 0.06792452931404114
0 0.6800422635860741 0.24528302252292633 0.023231257451698184 0.05283018946647644
0 0.7154171328875236 0.21698113530874252 0.02217529120389372 0.05283018946647644
0 0.684266128577292 0.34528302401304245 0.038014784920960665 0.07169811427593231
0 0.7555438503040932 0.3811320811510086 0.03273495368193835 0.06792452931404114
0 0.8115100614377297 0.4254717044532299 0.03907075116876513 0.06603773683309555
0 0.9097149224835448 0.4254717044532299 0.0369588186731562 0.0886792466044426
0 0.9255544162006117 0.34433962777256966 0.030623021186329424 0.062264151871204376
0 0.9202745849615894 0.28396226838231087 0.02217529120389372 0.05471698194742203
0 0.95353752176743 0.22358490899205208 0.016895459964871407 0.03962264209985733
0 0.8790919012972154 0.2198113240301609 0.020063358708284795 0.043396227061748505
0 0.8695882050669752 0.2632075510919094 0.020063358708284795 0.04716981202363968
0 0.8363252682611346 0.34339623153209686 0.02534318994730711 0.05283018946647644
0 0.7793030908796936 0.31509434431791306 0.023231257451698184 0.056603774428367615
0 0.7307286434806883 0.30283019319176674 0.02534318994730711 0.05471698194742203
0 0.7777191415079869 0.265094343572855 0.0285110886907205 0.05094339698553085
0 0.7998944327118807 0.23301887139678001 0.020063358708284795 0.043396227061748505
0 0.8241816564113833 0.2622641548514366 0.02217529120389372 0.06415094435214996
0 0.7074973860289901 0.17264151200652122 0.016895459964871407 0.03207547217607498
0 0.7006336054182611 0.15283019095659256 0.015839493717066944 0.03396226465702057
0 0.7328405759762973 0.14150943607091904 0.012671594973653555 0.030188679695129395
0 0.7449841878260486 0.1603773608803749 0.015839493717066944 0.04150943458080292
0 0.76187964779092 0.15283019095659256 0.015839493717066944 0.030188679695129395
0 0.7613516646670178 0.13018868118524551 0.012671594973653555 0.022641509771347046
0 0.7845829221187159 0.1339622661471367 0.01478352746926248 0.03396226465702057
0 0.7993664495879784 0.15660377591848373 0.016895459964871407 0.03773584961891174
0 0.7645195634104311 0.20188679546117783 0.021119324956089258 0.04150943458080292
