1 0.45818182127550244 0.1563636374194175 0.04727272759191692 0.11272727348841727
1 0.5100000034435652 0.2136363650788553 0.032727272948250175 0.09636363701429218
1 0.5436363673070446 0.18454545579152182 0.04909090942237526 0.13636363728437573
1 0.5886363676108886 0.4527272757841274 0.06818181864218786 0.185454546706751
1 0.6045454586273991 0.19363636494381353 0.04000000027008355 0.1181818189797923
1 0.6459090952703264 0.17000000114785507 0.06272727315081283 0.15090909192804247
1 0.7318181867594831 0.06454545498127118 0.063636364066042 0.12181818264070898
1 0.7809090961818583 0.09727272792952135 0.04727272759191692 0.1181818189797923
1 0.8600000058067963 0.3581818206002936 0.09090909152291715 0.2109090923331678
1 0.869090914959088 0.1245454553863965 0.045454545761458576 0.1436363646062091
1 0.945909097295953 0.10636363708181307 0.10818181891227141 0.20909091050270945
1 0.4090909118531272 0.3900000026333146 0.025454545626416802 0.07090909138787538
1 0.34909091144800186 0.08090909145539626 0.045454545761458576 0.12181818264070898
1 0.2459090925694909 0.1918181831133552 0.04636363667668775 0.11454545531887561
1 0.1563636374194175 0.20545454684179276 0.04727272759191692 0.11272727348841727
1 0.0927272733533755 0.16363636474125087 0.05272727308329195 0.11272727348841727
