0 0.21847739710938185 0.33277027832809836 0.024583663558587432 0.040540541522204876
0 0.12053925357758999 0.5625000136205927 0.042823155876249075 0.11824324610643089
0 0.2347343359142542 0.27195946604479104 0.014274385292083025 0.043918919982388616
0 0.2854877058416605 0.2711148714297451 0.019032513722777367 0.042229730752296746
0 0.2894528128672391 0.23986487067304552 0.019032513722777367 0.0337837846018374
0 0.3199841369641945 0.2153716268367134 0.021411577938124537 0.035472973831929266
0 0.3425852470099926 0.23310811375267804 0.020618556533008814 0.047297298442572355
0 0.3624107821378857 0.21875000529689714 0.015860428102314472 0.035472973831929266
0 0.37509912461973727 0.20439189684111625 0.01744647091254592 0.037162163062021136
0 0.40206185239367187 0.1934121668455191 0.015860428102314472 0.042229730752296746
0 0.3862014242913574 0.26520270912442356 0.02220459934324026 0.043918919982388616
0 0.4091990450397134 0.24155405990313739 0.015860428102314472 0.037162163062021136
0 0.4409199012443423 0.2010135183809325 0.015860428102314472 0.037162163062021136
0 0.4496431367006153 0.17060811223927885 0.014274385292083025 0.040540541522204876
0 0.46788262901827693 0.17060811223927885 0.01744647091254592 0.030405406141653657
0 0.48731165344361216 0.18074324761983007 0.018239492317661643 0.047297298442572355
0 0.5035685922484845 0.1596283822436817 0.014274385292083025 0.038851352292113006
0 0.5313243414275348 0.17567567992955446 0.020618556533008814 0.050675676902756095
0 0.562252176227048 0.14442567917285487 0.015860428102314472 0.035472973831929266
0 0.5856463076779619 0.142736489942763 0.015067406697198749 0.038851352292113006
0 0.60824741772376 0.12162162456661463 0.014274385292083025 0.0337837846018374
0 0.6403647846309468 0.13429054379230365 0.015067406697198749 0.03209459537174553
0 0.6708961087279022 0.142736489942763 0.012688342481851578 0.028716216911561787
0 0.6978588365018368 0.14358108455780894 0.015860428102314472 0.037162163062021136
0 0.7180808823322877 0.15878378762863576 0.013481363886967301 0.030405406141653657
0 0.6701030873227865 0.18581081531010568 0.015860428102314472 0.0337837846018374
0 0.6851704940199852 0.18665540992515162 0.01744647091254592 0.03209459537174553
0 0.6177636745851487 0.16047297685872763 0.020618556533008814 0.030405406141653657
0 0.6209357602056116 0.181587842234876 0.015860428102314472 0.035472973831929266
0 0.6300555063644424 0.20439189684111625 0.016653449507430196 0.043918919982388616
0 0.6724821515381336 0.2559121683589183 0.020618556533008814 0.06250000151339918
0 0.7053925398504362 0.220439194526989 0.018239492317661643 0.038851352292113006
0 0.5856463076779619 0.20270270761102438 0.018239492317661643 0.037162163062021136
0 0.5654242618475109 0.22550676221726462 0.01744647091254592 0.038851352292113006
0 0.5087232313817367 0.2103040591464378 0.018239492317661643 0.035472973831929266
0 0.48215701431035995 0.25253378989873454 0.020618556533008814 0.045608109212480485
0 0.447660583187826 0.31081081833690405 0.024583663558587432 0.057432433823123574
0 0.7541633562650532 0.1984797345357947 0.014274385292083025 0.03209459537174553
0 0.7799365519313142 0.18581081531010568 0.016653449507430196 0.0337837846018374
0 0.78628072317224 0.2153716268367134 0.015067406697198749 0.03209459537174553
0 0.8140364723512903 0.19510135607561097 0.016653449507430196 0.038851352292113006
0 0.8041237047873437 0.2516891952836886 0.01744647091254592 0.047297298442572355
0 0.8255352827254683 0.23902027605799958 0.01744647091254592 0.035472973831929266
0 0.8485329034738243 0.22128378914203495 0.015860428102314472 0.040540541522204876
0 0.8683584386017174 0.2373310868279077 0.012688342481851578 0.03209459537174553
0 0.8826328238938004 0.23564189759781584 0.014274385292083025 0.042229730752296746
0 0.9119746158830822 0.23986487067304552 0.015860428102314472 0.0337837846018374
0 0.9064234660472721 0.2685810875846073 0.01744647091254592 0.0337837846018374
0 0.9540047503542155 0.2533783845137805 0.014274385292083025 0.037162163062021136
0 0.9873116493690759 0.2787162229651585 0.014274385292083025 0.030405406141653657
0 0.9805709674255922 0.3167229806422256 0.013481363886967301 0.035472973831929266
0 0.972640753374435 0.3310810890980065 0.016653449507430196 0.043918919982388616
0 0.9777953925076872 0.37162163062021136 0.01744647091254592 0.054054055362939835
0 0.9524187075439841 0.3842905498459004 0.020618556533008814 0.06250000151339918
0 0.9321966617135331 0.3361486567882821 0.015067406697198749 0.050675676902756095
0 0.9349722366314381 0.2787162229651585 0.014274385292083025 0.040540541522204876
0 0.8921490807551891 0.2956081152660772 0.020618556533008814 0.043918919982388616
0 0.8762886526528746 0.3192567644873634 0.020618556533008814 0.037162163062021136
0 0.8667723957914859 0.3437500083236955 0.019032513722777367 0.048986487672664225
0 0.8227597078075632 0.30152027757139876 0.01982553512789309 0.055743244593031704
0 0.7605075275059789 0.29138514219084755 0.02220459934324026 0.042229730752296746
0 0.749008717131801 0.23395270836772397 0.021411577938124537 0.035472973831929266
0 0.7319587569218129 0.27195946604479104 0.020618556533008814 0.047297298442572355
0 0.6221252923132852 0.2972973044961691 0.022997620748355985 0.054054055362939835
0 0.5880253718933091 0.34206081909360364 0.024583663558587432 0.055743244593031704
0 0.6161776317749172 0.3800675767706707 0.025376684963703156 0.057432433823123574
0 0.66574146959465 0.41469595598755404 0.02616970636881888 0.055743244593031704
0 0.7359238639473915 0.4037162259919569 0.025376684963703156 0.060810812283307314
0 0.8037271940847859 0.45861487596994266 0.029341791989281774 0.08277027227450162
0 0.8620142673607916 0.5396959590143524 0.02854877058416605 0.0726351368939504
0 0.8889769951347262 0.40287163137691095 0.02379064215347171 0.059121623053215444
0 0.9647105393232778 0.4527027136646211 0.02616970636881888 0.06418919074349105
