0 0.07990654450259171 0.41498315503122285 0.0401869171182625 0.08249158051330596
0 0.2598130920669064 0.26094275468494743 0.014953271485865116 0.030303029576316476
0 0.2803738403599709 0.2617845055065118 0.016822430421598256 0.035353534505702555
0 0.2943925323779695 0.2601010038633831 0.020560748293064535 0.03872053779195994
0 0.3242990753496997 0.21632996114203706 0.016822430421598256 0.03198653121944517
0 0.3467289825784974 0.2171717119636014 0.018691589357331395 0.030303029576316476
0 0.3331775802944321 0.2508417448261753 0.017757009889464825 0.03703703614883125
0 0.33831776736769825 0.28114477440249175 0.022429907228797674 0.04713804600760341
0 0.3710280487430282 0.21043770539108664 0.014953271485865116 0.030303029576316476
0 0.3864486099628266 0.19444443978136405 0.015887850953731686 0.025252524646930397
0 0.38785047916462645 0.22558922017924488 0.020560748293064535 0.03367003286257386
0 0.408411227457691 0.2348484792164527 0.020560748293064535 0.03872053779195994
0 0.4046729095862247 0.2870370301534422 0.022429907228797674 0.05555555422324687
0 0.40700935825589113 0.17087541677756235 0.015887850953731686 0.03198653121944517
0 0.42429907841142267 0.18350167910102755 0.016822430421598256 0.02693602629005909
0 0.4448598267044872 0.18771043320884928 0.020560748293064535 0.035353534505702555
0 0.44018692936515436 0.2297979742870666 0.018691589357331395 0.03872053779195994
0 0.46495328526361845 0.24663299071835354 0.021495327760931104 0.035353534505702555
0 0.4514018829795532 0.14730639377376065 0.014953271485865116 0.028619527933187783
0 0.4598130981903523 0.1717171675991267 0.014953271485865116 0.030303029576316476
0 0.47990655674948357 0.1860269315657206 0.015887850953731686 0.03198653121944517
0 0.48084113621735014 0.16161615774035454 0.017757009889464825 0.03367003286257386
0 0.4752336594101507 0.148148144595325 0.015887850953731686 0.030303029576316476
0 0.48691590275848284 0.13299662980716676 0.013084112550131977 0.023569023003801703
0 0.49859814610681497 0.148148144595325 0.015887850953731686 0.03367003286257386
0 0.5242990814731456 0.15404040034627542 0.016822430421598256 0.03198653121944517
0 0.5345794556196779 0.13047137734247372 0.014953271485865116 0.028619527933187783
0 0.5565420731145423 0.11279461008962244 0.012149533082265407 0.023569023003801703
0 0.562616839655675 0.1447811413090676 0.020560748293064535 0.03367003286257386
0 0.5415888016286772 0.16919191513443366 0.021495327760931104 0.035353534505702555
0 0.505140202381881 0.20286194799700752 0.019626168825197965 0.04208754107821733
0 0.5280373993446119 0.21632996114203706 0.022429907228797674 0.0488215476507321
0 0.5836448776826728 0.13047137734247372 0.014018692017998546 0.03198653121944517
0 0.582243008480873 0.15824915445409715 0.020560748293064535 0.040404039435088634
0 0.5939252518292051 0.0993265969445929 0.014018692017998546 0.02693602629005909
0 0.6107476822508033 0.11111110844649374 0.010280374146532267 0.02693602629005909
0 0.6140187103883363 0.14562289213063195 0.020560748293064535 0.04208754107821733
0 0.6242990845348686 0.0959595936583355 0.009345794678665698 0.02693602629005909
0 0.6387850662868004 0.10269360023085028 0.010280374146532267 0.030303029576316476
0 0.6467289917636663 0.1085858559818007 0.011214953614398837 0.025252524646930397
0 0.6696261887263972 0.11868686584057286 0.012149533082265407 0.025252524646930397
0 0.6915888062212616 0.09343434119364247 0.013084112550131977 0.03198653121944517
0 0.7341121720091905 0.11868686584057286 0.014018692017998546 0.03198653121944517
0 0.7509346024307888 0.10353535105241463 0.012149533082265407 0.025252524646930397
0 0.780841145402519 0.11111110844649374 0.012149533082265407 0.030303029576316476
0 0.7691589020541869 0.12626262323465198 0.013084112550131977 0.030303029576316476
0 0.7976635758241173 0.1321548789856024 0.012149533082265407 0.03198653121944517
0 0.8107476883742493 0.1228956199483946 0.010280374146532267 0.02693602629005909
0 0.8285046982637141 0.1321548789856024 0.017757009889464825 0.03872053779195994
0 0.8686916153819766 0.1228956199483946 0.014018692017998546 0.03703703614883125
0 0.8915888123447075 0.12542087241308764 0.013084112550131977 0.03198653121944517
0 0.9257009629218373 0.15067339706001803 0.012149533082265407 0.028619527933187783
0 0.7051402085053269 0.14393939048750326 0.014018692017998546 0.028619527933187783
0 0.6836448807443958 0.15067339706001803 0.015887850953731686 0.03198653121944517
0 0.7420560974860564 0.14057238720124587 0.016822430421598256 0.028619527933187783
0 0.6976635727623943 0.17676767252851278 0.015887850953731686 0.030303029576316476
0 0.6570093659101985 0.18350167910102755 0.016822430421598256 0.040404039435088634
0 0.6088785233150702 0.20202019717544317 0.023364486696664244 0.040404039435088634
0 0.5556074936466757 0.23821548250271007 0.023364486696664244 0.0488215476507321
0 0.48224300541915 0.3106060531572439 0.026168225100263953 0.052188550936989486
0 0.5616822601878084 0.2929292859043926 0.024299066164530814 0.04713804600760341
0 0.5985981491685379 0.33333332533948123 0.027102804568130523 0.05387205258011818
0 0.6771028244693298 0.3493265909492038 0.028971963503863662 0.05892255750950426
0 0.6088785233150702 0.2693602629005909 0.027102804568130523 0.057239055866375566
0 0.6677570297906641 0.25420874811243266 0.028971963503863662 0.05050504929386079
0 0.8009346039616503 0.170033665955998 0.018691589357331395 0.04713804600760341
0 0.8116822678421158 0.16161615774035454 0.017757009889464825 0.03367003286257386
0 0.848130867088912 0.17255891842069104 0.015887850953731686 0.028619527933187783
0 0.8663551667123102 0.1590909052756615 0.013084112550131977 0.028619527933187783
0 0.9210280655825045 0.19107743649510667 0.019626168825197965 0.03872053779195994
0 0.8962617096840404 0.1809764266363345 0.020560748293064535 0.03198653121944517
0 0.8822430176660419 0.19949494471075013 0.016822430421598256 0.03198653121944517
0 0.864486007776577 0.22558922017924488 0.020560748293064535 0.04713804600760341
0 0.9205607758485712 0.28282827604562044 0.024299066164530814 0.05387205258011818
0 0.7551402100361884 0.17760942335007712 0.018691589357331395 0.028619527933187783
0 0.7177570313215256 0.1683501643128693 0.018691589357331395 0.030303029576316476
0 0.7359813309449237 0.2062289512832649 0.021495327760931104 0.035353534505702555
0 0.7574766587058548 0.22643097100080922 0.021495327760931104 0.05892255750950426
0 0.70700936744106 0.21969696442829445 0.023364486696664244 0.052188550936989486
0 0.7074766571749933 0.2979797908337787 0.03177570190746337 0.04377104272134602
0 0.7789719864667859 0.29208753508282825 0.023364486696664244 0.05555555422324687
