0 0.27272727037779987 0.22113502770662308 0.013303769286721945 0.03131115436553955
0 0.3237250526435673 0.24363991990685463 0.019955653930082917 0.02935420721769333
0 0.32871396612608805 0.19863013550639153 0.01662971160840243 0.03326810151338577
0 0.3747228349093348 0.19275929406285286 0.015521064167842269 0.03326810151338577
0 0.3952328125596978 0.19275929406285286 0.014412416727282107 0.03326810151338577
0 0.39024389907717705 0.16829745471477509 0.013303769286721945 0.023483365774154663
0 0.40133037348277867 0.2416829727590084 0.015521064167842269 0.045009784400463104
0 0.42184035113314167 0.23874755203723907 0.029933480895124376 0.0626223087310791
0 0.4523281557485461 0.2495107613503933 0.02660753857344389 0.04892367869615555
0 0.4883591975667514 0.2230919748544693 0.02106430137064308 0.04305283725261688
0 0.46618624875554815 0.20254402980208397 0.018847006489522755 0.04109589010477066
0 0.4406873576226644 0.17123287543654442 0.012195121846161783 0.02935420721769333
0 0.4318181780981831 0.14774950966238976 0.009977826965041459 0.025440312922000885
0 0.46674057247582823 0.13600782677531242 0.01108647440560162 0.02935420721769333
0 0.47505542828002945 0.1594911925494671 0.018847006489522755 0.03326810151338577
0 0.5221729445038363 0.17514676973223686 0.017738359048962593 0.03718199580907822
0 0.5559866914409213 0.1868884526193142 0.02106430137064308 0.04109589010477066
0 0.5376940086716786 0.16340508684515953 0.015521064167842269 0.02935420721769333
0 0.5083148514968343 0.14677103608846664 0.012195121846161783 0.023483365774154663
0 0.5027716142940335 0.1340508796274662 0.012195121846161783 0.017612524330615997
0 0.5033259380143136 0.12133072316646576 0.013303769286721945 0.01956947147846222
0 0.5260532105457969 0.1252446174621582 0.012195121846161783 0.023483365774154663
0 0.5365853612311184 0.1350293532013893 0.015521064167842269 0.023483365774154663
0 0.5703991081682034 0.1350293532013893 0.014412416727282107 0.023483365774154663
0 0.5864744960563257 0.11741682887077332 0.013303769286721945 0.027397260069847107
0 0.6064301499864087 0.11448140814900398 0.01108647440560162 0.025440312922000885
0 0.6069844737066887 0.16438356041908264 0.018847006489522755 0.03913894295692444
0 0.61529932951089 0.12818003818392754 0.01108647440560162 0.025440312922000885
0 0.6258314801962115 0.13600782677531242 0.012195121846161783 0.02935420721769333
0 0.6319290411192924 0.11350293457508087 0.01108647440560162 0.03131115436553955
0 0.6574279322521761 0.11448140814900398 0.013303769286721945 0.03326810151338577
0 0.6646341406158172 0.13013698533177376 0.014412416727282107 0.03718199580907822
0 0.6862527657067403 0.12622309103608131 0.015521064167842269 0.03326810151338577
0 0.5776053165318444 0.24461839348077774 0.02217294881120324 0.04305283725261688
0 0.5809312588535249 0.2690802328288555 0.02660753857344389 0.056751467287540436
0 0.6247228327556513 0.24559686705470085 0.023281596251763403 0.05283757299184799
0 0.61585365323117 0.22602739557623863 0.018847006489522755 0.03718199580907822
0 0.6413525443640538 0.1966731883585453 0.018847006489522755 0.04892367869615555
0 0.622505537874531 0.16536203399300575 0.018847006489522755 0.03326810151338577
0 0.6601995508535765 0.18395303189754486 0.018847006489522755 0.03913894295692444
0 0.6690687303780578 0.21819960698485374 0.023281596251763403 0.04892367869615555
0 0.6784922336228192 0.27397260069847107 0.028824833454564214 0.05088062584400177
0 0.7089800382382236 0.1878669261932373 0.018847006489522755 0.03913894295692444
0 0.7028824773151428 0.1692759282886982 0.017738359048962593 0.03326810151338577
0 0.7339246056508273 0.13894324749708176 0.015521064167842269 0.03131115436553955
0 0.7511086409795098 0.13111545890569687 0.012195121846161783 0.03131115436553955
0 0.7644124102662317 0.15459882467985153 0.018847006489522755 0.04305283725261688
0 0.7394678428536281 0.18590997904539108 0.015521064167842269 0.03131115436553955
0 0.7605321442242712 0.2045009769499302 0.019955653930082917 0.04109589010477066
0 0.7233924549655057 0.23776907846331596 0.02106430137064308 0.04892367869615555
0 0.7328159582102671 0.2876712307333946 0.02660753857344389 0.05870841443538666
0 0.7705099711893126 0.2504892349243164 0.02217294881120324 0.04305283725261688
0 0.7849223879165947 0.22602739557623863 0.019955653930082917 0.04109589010477066
0 0.8009977758047171 0.15851271897554398 0.014412416727282107 0.03131115436553955
0 0.7832594167557545 0.14090019464492798 0.014412416727282107 0.03131115436553955
0 0.7976718334830366 0.1350293532013893 0.014412416727282107 0.027397260069847107
0 0.8131928976508789 0.14677103608846664 0.014412416727282107 0.03131115436553955
0 0.834257199021522 0.13894324749708176 0.012195121846161783 0.03131115436553955
0 0.8453436734271236 0.14970645681023598 0.014412416727282107 0.02935420721769333
0 0.8542128529516049 0.14677103608846664 0.014412416727282107 0.027397260069847107
0 0.8453436734271236 0.1692759282886982 0.014412416727282107 0.03326810151338577
0 0.8497782631893642 0.1956947147846222 0.01662971160840243 0.03913894295692444
0 0.848115292028524 0.3033268079161644 0.02660753857344389 0.0626223087310791
0 0.8009977758047171 0.2866927571594715 0.02771618601400405 0.06066536158323288
0 0.8885809236089699 0.25244618207216263 0.02106430137064308 0.054794520139694214
0 0.8791574203642085 0.18199608474969864 0.017738359048962593 0.035225048661231995
0 0.8858093050075695 0.1614481396973133 0.013303769286721945 0.02935420721769333
0 0.902993340336252 0.20939334481954575 0.018847006489522755 0.04305283725261688
0 0.9090909012593329 0.18101761117577553 0.013303769286721945 0.03326810151338577
0 0.916851433343254 0.15557729825377464 0.015521064167842269 0.02935420721769333
0 0.923503317986615 0.22700586915016174 0.019955653930082917 0.05088062584400177
0 0.937361410993617 0.27397260069847107 0.025498891132883728 0.04305283725261688
0 0.9190687282243744 0.37181995809078217 0.02217294881120324 0.05088062584400177
0 0.9523281514411792 0.2152641862630844 0.015521064167842269 0.03913894295692444
0 0.9395787058747374 0.1878669261932373 0.014412416727282107 0.035225048661231995
0 0.9462305905180983 0.16829745471477509 0.012195121846161783 0.027397260069847107
