0 0.4461381947621703 0.25311942351982 0.028455283492803574 0.05347593454644084
0 0.5330284354276955 0.20677361357957125 0.01930894237011671 0.03565062303096056
0 0.5909552625380456 0.1782531151548028 0.013211381621658802 0.028520498424768448
0 0.6138211153447628 0.20766487915534526 0.018292682245373726 0.040998216485604644
0 0.6534552602097392 0.26381461042910814 0.018292682245373726 0.04634580994024873
0 0.6641259915195405 0.2290552529739216 0.01727642212063074 0.03743315418250859
0 0.6783536332659423 0.2103386758826673 0.015243901871144772 0.028520498424768448
0 0.7184959081932902 0.21479500376153737 0.018292682245373726 0.03743315418250859
0 0.734756070189178 0.21479500376153737 0.018292682245373726 0.030303029576316476
0 0.7652438739314675 0.23885917430743575 0.020325202494859695 0.039215685334056616
0 0.8058942789211869 0.2593582825502381 0.018292682245373726 0.03743315418250859
0 0.734756070189178 0.2807486563688144 0.018292682245373726 0.0445632787887007
0 0.7322154198773205 0.34759357455186546 0.02134146261960268 0.06060605915263295
0 0.8155487501062453 0.3885917910374701 0.02337398286908865 0.06060605915263295
0 0.9080284214578569 0.45632797479629517 0.02540650311857462 0.06060605915263295
