0 0.08525896543869749 0.5541871956666 0.05258964223321527 0.11658456560689956
0 0.22589641777449287 0.2651888358523138 0.018326693505514413 0.044334975653328
0 0.23824701557168737 0.2627257816493511 0.01752988074440509 0.052545156329870224
0 0.2788844663882628 0.236453203484416 0.02071713178884238 0.045977011788636446
0 0.3067729130270891 0.236453203484416 0.019123506266623735 0.03940886724740267
0 0.3119521959742997 0.20771757111651823 0.019920319027733058 0.037766831112094223
0 0.3382470170909073 0.2249589505372569 0.019920319027733058 0.049261084059253335
0 0.3725099658186082 0.2627257816493511 0.021513944549951702 0.059113300871104
0 0.35338645955198444 0.206896553048864 0.01673306798329577 0.03612479497678578
0 0.36454183820751496 0.18883415556047112 0.01673306798329577 0.03284072270616889
0 0.41474104215740226 0.17569786647800356 0.015139442461077124 0.03612479497678578
0 0.39521912951022387 0.24220032995799556 0.015936255222186446 0.037766831112094223
0 0.4294820782379247 0.30788177537033334 0.022310757311061025 0.05747126473579556
0 0.433864548424026 0.18637110135750845 0.01673306798329577 0.04105090338271111
0 0.4254980144323781 0.16091954126022756 0.012749004177749157 0.029556650435552
0 0.4565737121156417 0.16420361353084445 0.012749004177749157 0.03284072270616889
0 0.47529881200171076 0.17159277613973245 0.01673306798329577 0.044334975653328
0 0.4689243099128362 0.24137931189034134 0.019920319027733058 0.049261084059253335
0 0.49800797569332644 0.20607553498120978 0.019123506266623735 0.04105090338271111
0 0.4964143501711078 0.14696223411010578 0.014342629699967802 0.034482758841477334
0 0.5155378564377315 0.16830870386911556 0.019123506266623735 0.044334975653328
0 0.5258964223321527 0.1584564870572649 0.015936255222186446 0.04105090338271111
0 0.551394430687651 0.21592775179306045 0.015936255222186446 0.04761904792394489
0 0.574900407140376 0.19376026396639645 0.01673306798329577 0.049261084059253335
0 0.5565737136348616 0.16091954126022756 0.01673306798329577 0.03612479497678578
0 0.5553784944931976 0.13382594502763823 0.014342629699967802 0.034482758841477334
0 0.578486064565368 0.13546798116294667 0.014342629699967802 0.034482758841477334
0 0.5972111644514371 0.13218390889232978 0.01673306798329577 0.04105090338271111
0 0.6059761048236396 0.1436781618394889 0.01354581693885848 0.027914614300243556
0 0.6107569813902956 0.16420361353084445 0.01354581693885848 0.03284072270616889
0 0.6127490132930689 0.19047619169577956 0.015936255222186446 0.04269293951801956
0 0.6577689342957456 0.17898193874862045 0.01354581693885848 0.03612479497678578
0 0.6533864641096443 0.14778325217776 0.012749004177749157 0.03284072270616889
0 0.6322709259402473 0.12479474628344178 0.015139442461077124 0.03612479497678578
0 0.6509960258263163 0.11904761980986223 0.012749004177749157 0.031198686570860445
0 0.6860557873151265 0.1510673244483769 0.012749004177749157 0.03612479497678578
0 0.6912350702623371 0.1362889992306009 0.011952191416639835 0.03284072270616889
0 0.7099601701484062 0.15188834251603112 0.015936255222186446 0.04105090338271111
0 0.5752988135209307 0.3284072270616889 0.022310757311061025 0.059113300871104
0 0.5948207261681091 0.3661740581737831 0.026294821116607636 0.06896551768295467
0 0.6087649494875222 0.28571428754366934 0.02709163387771696 0.06239737314172089
0 0.6589641534374095 0.24548440222861245 0.025498008355498314 0.05418719246517867
0 0.6573705279151909 0.40722496155649424 0.028685259399935603 0.06896551768295467
0 0.7203187360428274 0.4014778350829147 0.02709163387771696 0.07060755381826311
0 0.696015946828993 0.21100164338713512 0.019920319027733058 0.05418719246517867
0 0.7119522020511795 0.27093596232589334 0.023107570072170347 0.06568144541233778
0 0.7406374614511151 0.22660098667256534 0.018326693505514413 0.049261084059253335
0 0.7537848720094189 0.27504105266416445 0.01752988074440509 0.04761904792394489
0 0.7968127611093223 0.45155993720982224 0.028685259399935603 0.07881773449480534
0 0.8517928416258655 0.4909688044572249 0.028685259399935603 0.09195402357727289
0 0.8760956308396999 0.39655172667698935 0.023107570072170347 0.07389162608888
0 0.8617530011397321 0.33825944387353957 0.023107570072170347 0.05582922860048711
0 0.7996016057732049 0.30870279343798757 0.02470119559438899 0.059113300871104
0 0.793625510064885 0.23809523961972445 0.01752988074440509 0.052545156329870224
0 0.7768924420815893 0.21182266145478934 0.014342629699967802 0.03940886724740267
0 0.7549800911510829 0.19868637237232178 0.015139442461077124 0.03940886724740267
0 0.771314752753824 0.1806239748839289 0.011155378655530512 0.026272578164935112
0 0.7681275017093867 0.20032840850763023 0.012749004177749157 0.03284072270616889
0 0.8075697333842982 0.18883415556047112 0.01354581693885848 0.03940886724740267
0 0.8151394546148367 0.229064040875528 0.01752988074440509 0.044334975653328
0 0.8693227223702706 0.23316913121379912 0.01752988074440509 0.04269293951801956
0 0.9023904519563075 0.22413793246960267 0.01673306798329577 0.044334975653328
0 0.8980079817702062 0.25287356483750045 0.014342629699967802 0.03940886724740267
0 0.887649415875785 0.2758620707318187 0.019123506266623735 0.052545156329870224
0 0.9254980220284779 0.34072249807650223 0.019920319027733058 0.04761904792394489
0 0.9462151538173202 0.37027914851205423 0.021513944549951702 0.05747126473579556
0 0.9490039984812029 0.43760263005970046 0.025498008355498314 0.08374384290073067
0 0.9733067876950372 0.3612479497678578 0.021513944549951702 0.05582922860048711
0 0.9693227238894906 0.31198686570860445 0.015139442461077124 0.04269293951801956
0 0.9804781025450211 0.2545156009728089 0.015139442461077124 0.03612479497678578
0 0.9262948347895872 0.2619047635816969 0.015139442461077124 0.044334975653328
0 0.9474103729589842 0.24137931189034134 0.014342629699967802 0.03940886724740267
