0 0.28285182296531275 0.1901294561685063 0.015843429951928556 0.030744337593205273
0 0.3103448337642476 0.19498382526217028 0.018639329355210066 0.040453075780533254
0 0.35787512362003326 0.3147249295725487 0.03727865871042013 0.07281553640495986
0 0.5051258255261928 0.3220064832130447 0.04473439045250416 0.08737864368595183
0 0.5461323501076549 0.16343042615335435 0.024231128161773086 0.048543690936639905
0 0.5950605896650814 0.12864078098209575 0.021435228758491576 0.046925567905418575
0 0.6542404603678733 0.12378641188843176 0.018639329355210066 0.043689321842975914
0 0.6728797897230834 0.15129450341919437 0.024231128161773086 0.046925567905418575
0 0.6416589130531065 0.24595470074564219 0.01957129582297057 0.051779936999082565
0 0.6565703765372746 0.24029127013636753 0.02516309462953359 0.046925567905418575
0 0.7418453083373606 0.23058253194903955 0.020503262290731072 0.050161813967861235
0 0.762814553861972 0.2386731471051462 0.017707362887449563 0.046925567905418575
0 0.7497670233133249 0.2847896534949541 0.028890960500575602 0.061488675186410546
