0 0.019999999494757503 0.4016853973735124 0.025599999353289604 0.053370787063613534
0 0.23519999405834824 0.32794944156194106 0.019199999514967203 0.03792134870309383
0 0.2619999933813233 0.3370786551386118 0.021599999454338104 0.04494382068514824
0 0.28559999278513715 0.3525280934991315 0.020799999474547803 0.047752809477970004
0 0.2819999928760808 0.2998595536337234 0.018399999535176903 0.03792134870309383
0 0.33599999151192605 0.34971910470630974 0.022399999434128404 0.047752809477970004
0 0.37439999054186046 0.3391853967332281 0.019199999514967203 0.03792134870309383
0 0.36959999066311866 0.3117977560032159 0.017599999555386603 0.03370786551386118
0 0.35359999106731266 0.28370786807499826 0.017599999555386603 0.036516854306682944
0 0.4019999898446258 0.3300561831565574 0.021599999454338104 0.036516854306682944
0 0.4431999888038263 0.33286517194937915 0.022399999434128404 0.03932584309950471
0 0.4059999897435773 0.29073034005705267 0.016799999575596303 0.030898876721039414
0 0.397199989965884 0.27317416010191664 0.015199999616015702 0.026685393531806767
0 0.3939999900467228 0.24648876657010987 0.013599999656435102 0.026685393531806767
0 0.4251999892585445 0.27317416010191664 0.016799999575596303 0.0323033711174503
0 0.4219999893393833 0.2542134857503697 0.011999999696854502 0.025280899135395885
0 0.4511999886017293 0.23806180019164458 0.012799999676644802 0.026685393531806767
0 0.4639999882783741 0.23384831700241193 0.012799999676644802 0.026685393531806767
0 0.4667999882076401 0.26474719372345135 0.018399999535176903 0.0323033711174503
0 0.4647999882581644 0.3012640480301343 0.017599999555386603 0.029494382324628532
0 0.4411999888543505 0.29915730643551797 0.019999999494757503 0.03370786551386118
0 0.49479998750030063 0.25772472174139693 0.016799999575596303 0.029494382324628532
0 0.5135999870253727 0.30547753121936694 0.019199999514967203 0.03511235991027206
0 0.541199986328138 0.27808989048935473 0.019999999494757503 0.042134831892326474
0 0.5107999870961066 0.23946629458805546 0.015199999616015702 0.029494382324628532
0 0.5427999862877186 0.21839887864189222 0.013599999656435102 0.023876404738985002
0 0.5271999866818078 0.2591292161378078 0.015999999595806003 0.029494382324628532
0 0.5619999858026858 0.23525281139882281 0.015199999616015702 0.026685393531806767
0 0.5503999860957265 0.2507022497593425 0.017599999555386603 0.029494382324628532
0 0.562399985792581 0.21558988984907046 0.014399999636225402 0.023876404738985002
0 0.5843999852368142 0.22401685622753575 0.015199999616015702 0.026685393531806767
0 0.5883999851357657 0.24227528338087723 0.013599999656435102 0.026685393531806767
0 0.5999999848427251 0.1994382042903453 0.012799999676644802 0.030898876721039414
0 0.6159999844385311 0.20856741786701605 0.012799999676644802 0.026685393531806767
0 0.6283999841252808 0.21910112584009767 0.015199999616015702 0.02808988792821765
0 0.6279999841353856 0.2500000025611371 0.014399999636225402 0.030898876721039414
0 0.6419999837817159 0.2078651706688106 0.011999999696854502 0.019662921549752355
0 0.6619999832764734 0.22401685622753575 0.016799999575596303 0.0323033711174503
0 0.6735999829834327 0.221207867434714 0.011199999717064202 0.029494382324628532
0 0.687599982629763 0.24789326096652076 0.015199999616015702 0.03511235991027206
0 0.6691999830945861 0.25772472174139693 0.016799999575596303 0.0323033711174503
0 0.6259999841859099 0.2879213512642309 0.019999999494757503 0.03932584309950471
0 0.5827999852772336 0.3223314639762975 0.018399999535176903 0.04353932628873736
0 0.5343999864999205 0.394662925391458 0.027199999312870204 0.053370787063613534
0 0.5315999865706544 0.3525280934991315 0.024799999373499304 0.05056179827079177
0 0.49319998754072003 0.3869382062111981 0.026399999333079904 0.06320224783848971
0 0.6031999847618863 0.42134831892326474 0.031999999191612005 0.07022471982054412
0 0.5991999848629348 0.3665730374632403 0.025599999353289604 0.053370787063613534
0 0.6375999838928692 0.32584269996732473 0.020799999474547803 0.047752809477970004
0 0.6811999827914406 0.34480337431887165 0.023199999413918704 0.05196629266720265
0 0.6531999834987801 0.3750000038417056 0.026399999333079904 0.06179775344207883
0 0.6527999835088849 0.43679775728378445 0.035199999110773206 0.07022471982054412
0 0.7011999822861981 0.49789326352765784 0.04079999896930531 0.08567415818106383
0 0.7091999820841011 0.28370786807499826 0.015199999616015702 0.03932584309950471
0 0.7331999814778101 0.26123595773242414 0.015199999616015702 0.03370786551386118
0 0.727599981619278 0.21488764265086502 0.015199999616015702 0.030898876721039414
0 0.7439999812049791 0.24297753057908267 0.014399999636225402 0.025280899135395885
0 0.767599980608793 0.22542135062394664 0.015199999616015702 0.03792134870309383
0 0.7475999811140355 0.2745786544983275 0.018399999535176903 0.03511235991027206
0 0.7947999799216632 0.29073034005705267 0.015199999616015702 0.03932584309950471
0 0.7931999799620826 0.23525281139882281 0.013599999656435102 0.026685393531806767
0 0.7587999808310997 0.2556179801467806 0.013599999656435102 0.03370786551386118
0 0.722399981750641 0.3869382062111981 0.025599999353289604 0.054775281460024416
0 0.7555999809119385 0.4002809029771015 0.026399999333079904 0.0561797758564353
0 0.7931999799620826 0.35814607108477503 0.023199999413918704 0.05056179827079177
0 0.82639997912338 0.44733146525686607 0.035199999110773206 0.06882022542413324
0 0.8163999793760013 0.5168539378792048 0.039199999009724706 0.07022471982054412
0 0.8915999774762895 0.45926966762635857 0.032799999171402305 0.07022471982054412
0 0.8991999772842973 0.39115168940043077 0.027199999312870204 0.05196629266720265
0 0.9083999770518858 0.34620786871528253 0.018399999535176903 0.03792134870309383
0 0.8543999784160405 0.35884831828298047 0.023999999393709004 0.04634831508155912
0 0.8367999788606539 0.40238764457171783 0.023999999393709004 0.04353932628873736
0 0.8303999790223315 0.2984550592373125 0.017599999555386603 0.03792134870309383
0 0.8391999788000248 0.2745786544983275 0.014399999636225402 0.029494382324628532
0 0.8279999790829606 0.24789326096652076 0.015999999595806003 0.0323033711174503
0 0.8587999783048872 0.24929775536293164 0.013599999656435102 0.0323033711174503
0 0.8747999779006932 0.2773876432911493 0.016799999575596303 0.03792134870309383
0 0.8531999784463551 0.31250000320142135 0.016799999575596303 0.03792134870309383
0 0.9059999771125149 0.310393261606805 0.013599999656435102 0.03370786551386118
0 0.914399976900313 0.28651685686782 0.011199999717064202 0.025280899135395885
0 0.914399976900313 0.268960676912684 0.015999999595806003 0.0323033711174503
