0 0.4319852957269177 0.20569105219328776 0.022058823611587286 0.04715447046328336
0 0.4627757370180916 0.20650406030472368 0.021139705961104482 0.04552845424041152
0 0.6125919140467886 0.11463414371246472 0.017463235359173268 0.03739837312605232
0 0.6548713259689976 0.12520324916113168 0.013786764757242054 0.0325203244574368
0 0.6259191199787892 0.14715446816990152 0.016544117708690464 0.02764227578882128
0 0.6649816201243084 0.14715446816990152 0.01562500005820766 0.0243902433430776
0 0.755974267522106 0.1504065006156452 0.01562500005820766 0.03089430823456496
0 0.772058826405555 0.15284552494995296 0.016544117708690464 0.0325203244574368
0 0.872702209133422 0.1910569061874412 0.01562500005820766 0.03414634068030864
0 0.9439338270458393 0.19430893863318488 0.016544117708690464 0.03739837312605232
0 0.8956801503954921 0.223577230644878 0.017463235359173268 0.040650405571796
0 0.8947610327450093 0.2528455226565711 0.019301470660138875 0.040650405571796
0 0.9223345622594934 0.2609756037709303 0.021139705961104482 0.04715447046328336
0 0.8285845619102474 0.26260161999380216 0.021139705961104482 0.05365853535477072
