0 0.1840633773826994 0.44435352663276717 0.054986021597869694 0.10638298059348017
0 0.2763280576909892 0.24386252474505454 0.01397949701640755 0.02945990231819451
0 0.3033550852560438 0.2381342104054056 0.01957129582297057 0.03436988603789359
0 0.2921714876429178 0.2708674352033995 0.017707362887449563 0.03764320851769298
0 0.3383038277970627 0.27004910458344966 0.01677539641968906 0.03600654727779329
0 0.3718546206364408 0.2823240638826974 0.020503262290731072 0.03764320851769298
0 0.37325257033808157 0.23404255730565637 0.01957129582297057 0.03600654727779329
0 0.43802423984743655 0.23158756544580683 0.024231128161773086 0.04418985347729176
0 0.4627213512430899 0.22995090420590714 0.02516309462953359 0.04746317595709115
0 0.3779124026768841 0.18166939762886614 0.015843429951928556 0.0327332247979939
0 0.4030754973064177 0.18739771196851507 0.015843429951928556 0.027823241078294814
0 0.41985089372610673 0.1808510670089163 0.015843429951928556 0.03764320851769298
0 0.427772608702071 0.17266776080941781 0.013047530548647046 0.03436988603789359
0 0.4459459548234008 0.18330605886876583 0.01397949701640755 0.03600654727779329
0 0.46318733447697014 0.19230769568821415 0.018639329355210066 0.03764320851769298
0 0.4608574183075689 0.15466448717052117 0.012115564080886543 0.031096563558094203
0 0.4818266638321802 0.14893617283087224 0.013047530548647046 0.0327332247979939
0 0.48695247940486297 0.16448445460991934 0.010251631145365536 0.021276596118696034
0 0.49021436204202473 0.193126026308164 0.020503262290731072 0.03927986975759268
0 0.5088536913972348 0.1743044220493175 0.018639329355210066 0.04418985347729176
0 0.5219012219458818 0.2054009856074117 0.020503262290731072 0.03764320851769298
0 0.5051258255261928 0.12847790733212605 0.01118359761312604 0.021276596118696034
0 0.5191053225426003 0.14075286663137376 0.013047530548647046 0.02618657983839512
0 0.5354147357284091 0.11865793989272788 0.017707362887449563 0.024549918598495424
0 0.557315947720781 0.13175122981192544 0.018639329355210066 0.027823241078294814
0 0.5484622662770562 0.17103109956951812 0.015843429951928556 0.031096563558094203
0 0.5605778303579427 0.17348609142936766 0.017707362887449563 0.0327332247979939
0 0.581547075882554 0.1432078584912233 0.01677539641968906 0.031096563558094203
0 0.5885368243907578 0.11702127865282819 0.01397949701640755 0.021276596118696034
0 0.5913327237940393 0.10147299687378109 0.01397949701640755 0.02291325735859573
0 0.6043802543426864 0.14729951159097254 0.017707362887449563 0.03600654727779329
0 0.6211556507623754 0.10310965811368078 0.012115564080886543 0.02291325735859573
0 0.62954334897222 0.10720131121343002 0.01397949701640755 0.021276596118696034
0 0.6453867789241485 0.13584288291167468 0.015843429951928556 0.02291325735859573
0 0.6472507118596695 0.11620294803287834 0.01397949701640755 0.01963993487879634
0 0.6668220076826401 0.10965630307327956 0.01397949701640755 0.02618657983839512
0 0.698042884352617 0.10065466625383124 0.01118359761312604 0.024549918598495424
0 0.5013979596551508 0.35597381967818365 0.03168685990385711 0.05728314339648932
0 0.564771679462865 0.300327337521594 0.024231128161773086 0.05728314339648932
0 0.5624417632934637 0.24959083908470348 0.023299161694012582 0.04418985347729176
0 0.6178937681252137 0.252045830944553 0.020503262290731072 0.04909983719699085
0 0.6397949801175855 0.2864157169824466 0.027027027565054595 0.05564648215658963
0 0.6826654376345687 0.3142389580607414 0.028890960500575602 0.06219312711618841
0 0.633271214843262 0.2103109693271108 0.023299161694012582 0.04418985347729176
0 0.6621621753438376 0.2103109693271108 0.023299161694012582 0.04746317595709115
0 0.6649580747471191 0.17184943018946797 0.01957129582297057 0.03600654727779329
0 0.6971109178848565 0.18412438948871568 0.018639329355210066 0.03764320851769298
0 0.6933830520138144 0.14975450345082209 0.014911463484168053 0.03436988603789359
0 0.7283317945548333 0.19394435692811385 0.023299161694012582 0.04418985347729176
0 0.7325256436597556 0.2446808553650044 0.026095061097294092 0.05400982091668993
0 0.7082945154979825 0.23158756544580683 0.026095061097294092 0.05073649843689054
0 0.7530289059504867 0.21767594490665942 0.024231128161773086 0.04909983719699085
0 0.772134218539577 0.20949263870716095 0.021435228758491576 0.05237315967679024
0 0.7497670233133249 0.32324059488018975 0.03634669224265963 0.07037643331568688
0 0.7767940508783795 0.27986907202284783 0.027027027565054595 0.06219312711618841
0 0.8108108269516379 0.23895254102535546 0.018639329355210066 0.04582651471719146
0 0.7367194927646779 0.11292962555307895 0.017707362887449563 0.03600654727779329
0 0.7548928388860077 0.1432078584912233 0.018639329355210066 0.03764320851769298
0 0.7693383191362955 0.13011456857202575 0.01397949701640755 0.031096563558094203
0 0.7823858496849425 0.13911620539147407 0.015843429951928556 0.03600654727779329
0 0.8005591958062723 0.14402618911117315 0.01677539641968906 0.03600654727779329
0 0.8289841730729677 0.14238952787127346 0.01397949701640755 0.02945990231819451
0 0.8331780221778899 0.12438625423237681 0.014911463484168053 0.0327332247979939
0 0.8504194018314593 0.1603928015101701 0.015843429951928556 0.04255319223739207
0 0.8588071000413038 0.15302782593062147 0.01397949701640755 0.031096563558094203
0 0.8662628317833878 0.13502455229172483 0.01397949701640755 0.024549918598495424
0 0.8289841730729677 0.21276596118696034 0.02516309462953359 0.04255319223739207
0 0.857409150339663 0.24959083908470348 0.020503262290731072 0.04746317595709115
0 0.8434296533232555 0.29950900690164417 0.029822926968336105 0.0654664495959878
0 0.7972973131691106 0.41489362431457266 0.03448275930713862 0.07364975579548627
0 0.9063373898970895 0.35597381967818365 0.03075489343609661 0.07364975579548627
0 0.918452953977976 0.31096563558094203 0.027027027565054595 0.05237315967679024
0 0.9123951719375327 0.2602291371440515 0.026095061097294092 0.04582651471719146
0 0.8802423287997954 0.2054009856074117 0.017707362887449563 0.03436988603789359
0 0.8946878090500832 0.16612111584981903 0.01677539641968906 0.03436988603789359
0 0.92590868572006 0.2119476305670105 0.017707362887449563 0.03764320851769298
0 0.9249767192522995 0.2602291371440515 0.01957129582297057 0.04582651471719146
0 0.9268406521878205 0.1571194790303707 0.012115564080886543 0.02618657983839512
