0 0.03125000075669959 0.4027777706505731 0.056944445823319256 0.09814814641140401
0 0.14027778117451817 0.4657407324993983 0.09722222457639873 0.1388888864312321
0 0.18611111561767757 0.3990740670124069 0.05277777905575931 0.08703703549690545
0 0.09513889119261876 0.2685185137670487 0.040277778753079474 0.05925925821065903
0 0.23125000559957698 0.3407407347112894 0.026388889527879655 0.03703703638166189
0 0.27152778435265645 0.3499999938067049 0.03194444521795958 0.05185185093432665
0 0.2993055628030561 0.32777777197770774 0.03194444521795958 0.04814814729616046
0 0.27013889543013647 0.4361111033940688 0.07083333504851907 0.1018518500495702
0 0.39444445399567485 0.48425925069022924 0.09444444673135877 0.14259259006939828
0 0.3583333420101553 0.3657407342689112 0.041666667675599456 0.05740740639157593
0 0.36250000877771527 0.33611110516358167 0.0305555562954396 0.0351851845625788
0 0.40069445414701477 0.3499999938067049 0.03750000090803951 0.0666666654869914
0 0.461111122276634 0.3527777715353295 0.05000000121071935 0.08703703549690545
0 0.5076389011810534 0.3527777715353295 0.040277778753079474 0.0685185173060745
0 0.5965277922223322 0.4027777706505731 0.06250000151339918 0.09814814641140401
0 0.5666666803881526 0.35555554926395416 0.04722222336567938 0.07407407276332378
0 0.6611111271195114 0.35370369744487107 0.03888888983055949 0.06296296184882522
0 0.690972238953691 0.40462962246965617 0.056944445823319256 0.08333333185873926
0 0.7243055730941705 0.36481480835936964 0.03750000090803951 0.06296296184882522
0 0.7611111295409501 0.36296295654028654 0.03888888983055949 0.0703703691251576
0 0.76736112969229 0.4388888811226934 0.0847222242737189 0.11481481278315187
0 0.8472222427371889 0.36944443790707737 0.03611111198551953 0.0685185173060745
0 0.8819444658001885 0.41203702974598855 0.06388889043591917 0.09444444277323782
0 0.916666688863188 0.3777777710929513 0.04444444552063942 0.08148148003965616
