0 0.209783629339654 0.2303921595448628 0.016933207749389112 0.03267973894253373
0 0.3570084633829538 0.29738562437705696 0.023518344096373767 0.03267973894253373
0 0.3984007489925716 0.29166667006211355 0.021636876568663865 0.04411764757242054
0 0.3678269016672857 0.19526144018163905 0.022577610332518816 0.03431372588966042
0 0.3951081808190793 0.18055555765749887 0.018814675277099013 0.03431372588966042
0 0.4101599210407585 0.19689542712876573 0.022577610332518816 0.03758169978391379
0 0.45296330729615875 0.17810457723680884 0.01599247398553416 0.02941176504828036
0 0.4637817455804907 0.22875817259773612 0.020696142804808915 0.03267973894253373
0 0.4802445864479523 0.18055555765749887 0.01411100645782426 0.03758169978391379
0 0.495766693551559 0.20098039449658245 0.018814675277099013 0.035947712836787105
0 0.49294449225999415 0.23447712691267952 0.020696142804808915 0.040849673678167164
0 0.5780808978888672 0.13562091661151499 0.01411100645782426 0.02941176504828036
0 0.4938852260238491 0.302287585218437 0.02822201291564852 0.0490196084138006
0 0.6147695146792103 0.2638888919609599 0.02728127915179357 0.040849673678167164
0 0.7173094949393999 0.19199346628738567 0.019755409040953964 0.040849673678167164
0 0.8640639621007722 0.07434640609426424 0.01599247398553416 0.027777778101153672
0 0.7699905857152771 0.21977124438853934 0.021636876568663865 0.04738562146667391
0 0.40921918727690354 0.2246732052299194 0.022577610332518816 0.03431372588966042
