0 0.19371519290143624 0.4077464645379223 0.04852824134286493 0.08591548993717879
0 0.26173428527545184 0.2669013990671374 0.019093078561127186 0.03239436505828053
0 0.29912489745765924 0.24084506195504218 0.023866348201408982 0.04225351964123547
0 0.3253778804792091 0.20845069689676166 0.017501988681033254 0.03943661833181977
0 0.3229912456590682 0.24859154055593535 0.020684168441221118 0.03239436505828053
0 0.35322195338085294 0.2549295685021207 0.023866348201408982 0.036619717022404075
0 0.3850437509827316 0.2535211178474128 0.017501988681033254 0.04225351964123547
0 0.3802704813424498 0.19999999296851456 0.01591089880093932 0.03943661833181977
0 0.4053301469539292 0.16901407856494188 0.013524263980798423 0.025352111784741282
0 0.43396976479562 0.1577464733272791 0.015115353860892355 0.03380281571298838
0 0.46300715510733426 0.1408450654707849 0.01431980892084539 0.02816901309415698
0 0.4626093826373108 0.1640845012734644 0.016706443740986288 0.038028167677111924
0 0.47971359884832054 0.12816900957841426 0.012728719040751457 0.02816901309415698
0 0.5055688093998469 0.12112675630487502 0.011933174100704491 0.022535210475325584
0 0.5210819357307628 0.1295774602331221 0.01431980892084539 0.03098591440357268
0 0.4172633210546337 0.18028168380260468 0.011933174100704491 0.03380281571298838
0 0.42800317774526775 0.2415492872823961 0.019093078561127186 0.03239436505828053
0 0.4132855963543989 0.2760563283227384 0.021479713381268084 0.04225351964123547
0 0.47971359884832054 0.21126759820617735 0.019093078561127186 0.03943661833181977
0 0.4952267251792364 0.18591548642143607 0.015115353860892355 0.03943661833181977
0 0.5580747754429467 0.13873238948872313 0.013524263980798423 0.035211266367696226
0 0.5262529778410681 0.2007042182958685 0.019888623501174152 0.035211266367696226
0 0.5700079495436512 0.1697183038922958 0.01829753362108022 0.035211266367696226
0 0.5803500337642618 0.13169013621518388 0.016706443740986288 0.02957746374886483
0 0.5851233034045435 0.1464788680896163 0.016706443740986288 0.03098591440357268
0 0.5990453398553655 0.1063380244304426 0.019093078561127186 0.02957746374886483
0 0.6201272807666101 0.11056337639456615 0.015115353860892355 0.02957746374886483
0 0.6416069941478781 0.111971827049274 0.016706443740986288 0.035211266367696226
0 0.6141606937162578 0.15140844538109377 0.01431980892084539 0.023943661130033433
0 0.6300715925171971 0.1464788680896163 0.019093078561127186 0.03943661833181977
0 0.6638822524691932 0.11971830565016717 0.013524263980798423 0.03098591440357268
0 0.5011933122295886 0.2816901309415698 0.027048527961596847 0.05352112487889826
0 0.5469371462822892 0.3021126654348336 0.027844072901643813 0.052112674224190414
0 0.5807478062342852 0.23943661130033433 0.02227525832131505 0.04507042095065117
0 0.6066030167858116 0.252112667192705 0.031026252661831677 0.05352112487889826
0 0.6264916402869858 0.20563379558734596 0.01829753362108022 0.05352112487889826
0 0.6543357131886296 0.19718309165909886 0.02466189314145595 0.05352112487889826
0 0.6543357131886296 0.15352112136315554 0.019888623501174152 0.03943661833181977
0 0.6929196427809075 0.14507041743490845 0.017501988681033254 0.03943661833181977
0 0.7665075497352518 0.1260563335963525 0.013524263980798423 0.035211266367696226
0 0.796340484987013 0.12535210826899856 0.01591089880093932 0.036619717022404075
0 0.72633253026288 0.15352112136315554 0.019093078561127186 0.03943661833181977
0 0.7450278363539837 0.14859154407167807 0.016706443740986288 0.04366197029594332
0 0.7593476452748291 0.16901407856494188 0.016706443740986288 0.036619717022404075
0 0.7915672153467312 0.18169013445731252 0.019093078561127186 0.04507042095065117
0 0.8054892517975532 0.1697183038922958 0.016706443740986288 0.04084506898652762
0 0.8361177319893613 0.13450703752459958 0.017501988681033254 0.04366197029594332
0 0.8675417571212165 0.1380281641613692 0.013524263980798423 0.03380281571298838
0 0.6992840023012832 0.21408449951559305 0.02227525832131505 0.04507042095065117
0 0.6658711148193106 0.24295773793710396 0.023866348201408982 0.05492957553360611
0 0.6742243366898037 0.2922535108518787 0.02625298302154988 0.0718309833901003
0 0.7199681707425043 0.2528168925200589 0.027048527961596847 0.05492957553360611
0 0.7422434290638193 0.326760551892221 0.03500397736206651 0.08450703928247094
0 0.7724741367856041 0.28239435626892373 0.023866348201408982 0.05492957553360611
0 0.8444709538598545 0.17887323314789683 0.01829753362108022 0.03943661833181977
0 0.8894192429725081 0.19366196502232924 0.019093078561127186 0.04647887160535902
0 0.8178201983682811 0.22605633008060977 0.020684168441221118 0.04647887160535902
0 0.8385043668095022 0.21971830213442445 0.019093078561127186 0.03943661833181977
0 0.8703261644113809 0.24929576588328928 0.019093078561127186 0.05633802618831396
0 0.9120922737638466 0.26549294841242954 0.027844072901643813 0.04647887160535902
0 0.3377088270499371 0.21690140082500875 0.01829753362108022 0.03943661833181977
0 0.7128082662820816 0.18802816240349784 0.02863961784169078 0.052112674224190414
0 0.7446300638839602 0.24014083662768826 0.017501988681033254 0.04084506898652762
0 0.7406523391837254 0.1978873169864528 0.020684168441221118 0.04084506898652762
