0 0.9645522163482383 0.13666666997596622 0.013059701188467443 0.04000000096857548
0 0.9193096800881904 0.19000000460073352 0.01585820858599618 0.04000000096857548
0 0.8759328154264949 0.1916666713077575 0.013059701188467443 0.03666666755452752
0 0.8404850550577976 0.18666667118668556 0.014925372786819935 0.03666666755452752
0 0.861007442639675 0.23166667227633297 0.016791044385172427 0.043333334382623434
0 0.7910447577014565 0.19583333807531744 0.016791044385172427 0.0383333342615515
0 0.8036380409903359 0.1308333365013823 0.012126865389291197 0.025000000605359674
0 0.7420708782447036 0.11416666943114251 0.012126865389291197 0.02833333401940763
0 0.7140858042694163 0.13916667003650218 0.013992536987643689 0.0383333342615515
0 0.7453358035418205 0.15000000363215804 0.013059701188467443 0.033333334140479565
0 0.7467350572405849 0.17750000429805368 0.017723880184348673 0.0383333342615515
0 0.770055952219991 0.308333340799436 0.019589551782701164 0.0533333346247673
0 0.7145522221690044 0.27916667342651635 0.024253730778582394 0.05833333474583924
0 0.6861007302941289 0.10333333583548665 0.012126865389291197 0.030000000726431608
0 0.6814365512982477 0.15833333716727793 0.013992536987643689 0.043333334382623434
0 0.690298491390422 0.18250000441912562 0.014925372786819935 0.041666667675599456
0 0.7154850579681806 0.1758333375910297 0.014925372786819935 0.03500000084750354
0 0.6585820742184296 0.20333333825692534 0.016791044385172427 0.04666666779667139
0 0.6595149100176059 0.2541666728211567 0.01865671598352492 0.051666667917743325
0 0.6147387916571461 0.20333333825692534 0.01865671598352492 0.05000000121071935
0 0.5676305837987456 0.11250000272411853 0.010261193790938705 0.021666667191311717
0 0.6138059558579698 0.11583333613816649 0.00932835799176246 0.025000000605359674
0 0.5597014795057476 0.13166666985489428 0.011194029590114951 0.02666666731238365
0 0.5760261059913319 0.15000000363215804 0.012126865389291197 0.033333334140479565
0 0.5900186429789755 0.12750000308733433 0.010261193790938705 0.021666667191311717
0 0.6026119262678549 0.1375000033294782 0.00932835799176246 0.025000000605359674
0 0.485541033471236 0.12500000302679837 0.010261193790938705 0.02000000048428774
0 0.527052226534579 0.13916667003650218 0.013059701188467443 0.02833333401940763
0 0.5335820771288127 0.13166666985489428 0.011194029590114951 0.02666666731238365
0 0.4347014824161306 0.16416667064186186 0.013059701188467443 0.031666667433455586
0 0.4463619299058337 0.19500000472180545 0.01585820858599618 0.033333334140479565
0 0.42304103492642753 0.21583333855960518 0.01585820858599618 0.0383333342615515
0 0.4491604373033624 0.22500000544823706 0.01585820858599618 0.04000000096857548
0 0.5545708826102782 0.24166667251847684 0.017723880184348673 0.05000000121071935
0 0.519589540141169 0.2150000052060932 0.014925372786819935 0.043333334382623434
0 0.4976678988605272 0.17083333746995777 0.013992536987643689 0.03500000084750354
0 0.4729477501823567 0.20416667161043733 0.014925372786819935 0.02833333401940763
0 0.3819962597626727 0.20083333819638938 0.012126865389291197 0.02833333401940763
0 0.4281716318218969 0.28583334025461227 0.02052238758187741 0.05500000133179128
0 0.3031716347322799 0.25666667288169265 0.014925372786819935 0.03666666755452752
0 0.33582088770344853 0.2775000067194924 0.014925372786819935 0.0383333342615515
0 0.31389924642280675 0.2841666735475883 0.017723880184348673 0.0383333342615515
0 0.5988805830711499 0.09750000236090273 0.00932835799176246 0.021666667191311717
0 0.4794776007765904 0.32500000786967576 0.022388059180229902 0.0533333346247673
0 0.5438432709197514 0.30166667397134006 0.024253730778582394 0.06333333486691117
0 0.6007462546695024 0.25666667288169265 0.024253730778582394 0.05000000121071935
0 0.6082089410629123 0.30166667397134006 0.027985073975287378 0.07000000169500709
0 0.20802238321630284 0.4675000113202259 0.04291044676210731 0.08833333547227085
