0 0.2769897560356185 0.24722990998998284 0.016548463376238942 0.04016620386391878
0 0.2876280539203435 0.2555401590652764 0.01733648544177413 0.03185595478862524
0 0.31087470485363156 0.2548476383090019 0.019700551638379693 0.03601107932627201
0 0.31717888137791306 0.29224375914782286 0.026004728162661195 0.03878116235136986
0 0.33096926752477884 0.26177284587174654 0.018912529572844505 0.03601107932627201
0 0.33096926752477884 0.2209141212515533 0.01733648544177413 0.04016620386391878
0 0.37667454732581973 0.25277007604017854 0.02048857370391488 0.037396120838820934
0 0.38179669075179845 0.30470913276076317 0.02758077229373157 0.0470914114266634
0 0.37628053629305214 0.20152354007586837 0.016548463376238942 0.03462603781372309
0 0.411347518209368 0.22714680805802345 0.02364066196605563 0.03601107932627201
0 0.42159180506132543 0.1939058117568493 0.018912529572844505 0.03878116235136986
0 0.46178093040362 0.16066481545567513 0.01733648544177413 0.03601107932627201
0 0.4799054379109293 0.22022160049527884 0.022064617834985256 0.0470914114266634
0 0.5200945632532239 0.2029085815884173 0.02364066196605563 0.037396120838820934
0 0.5098502764012665 0.15166204562410712 0.015760441310703754 0.03462603781372309
0 0.5275807728758082 0.17867035511881113 0.018124507507309318 0.033240996301174164
0 0.5610717106610537 0.17590027209371328 0.018912529572844505 0.03601107932627201
0 0.5598896775627509 0.14750692108646035 0.018124507507309318 0.03185595478862524
0 0.5823483064305037 0.14958448335528374 0.015760441310703754 0.033240996301174164
0 0.5823483064305037 0.1031855926848948 0.015760441310703754 0.026315788738429546
0 0.6107171007897705 0.12326869461685419 0.015760441310703754 0.02770083025097847
0 0.6154452331829816 0.14404431730508804 0.015760441310703754 0.03601107932627201
0 0.5007880226476118 0.29986148746684194 0.022852639900520444 0.06232686806470156
0 0.5464933024486527 0.30124652897939086 0.02758077229373157 0.05955678503960371
0 0.5567375893006101 0.2590027628466487 0.029156816424801946 0.049861494451761246
0 0.5921985822496936 0.2610803251154721 0.02442868403159082 0.05124653596431017
0 0.5969267146429047 0.2209141212515533 0.019700551638379693 0.04293628688901663
0 0.6390858951490372 0.18213295890018344 0.02048857370391488 0.04016620386391878
0 0.6469661158043891 0.22783932881429791 0.025216706097126007 0.04293628688901663
0 0.6430260054767132 0.25831024209037423 0.02048857370391488 0.045706369914114475
0 0.6481481489026919 0.3060941742733121 0.029156816424801946 0.06648199260234833
0 0.6942474397365004 0.226454287301749 0.02364066196605563 0.05124653596431017
0 0.7182821127353236 0.24584486847743392 0.026004728162661195 0.05678670201450586
0 0.7273443664889783 0.18351800041273236 0.02048857370391488 0.04293628688901663
0 0.7111899141455069 0.15650969091802835 0.018124507507309318 0.041551245376467705
0 0.6761229322291911 0.1682825437746942 0.02048857370391488 0.037396120838820934
0 0.7600472822086886 0.13434902671724558 0.014972419245168567 0.02770083025097847
0 0.7541371167171746 0.18005539663136005 0.02048857370391488 0.033240996301174164
0 0.7706855800934136 0.19459833251312375 0.02048857370391488 0.04016620386391878
0 0.7513790394878015 0.2209141212515533 0.02127659576945007 0.045706369914114475
0 0.7797478338470683 0.28185594780370593 0.029156816424801946 0.05955678503960371
0 0.7568951939465478 0.3601107932627201 0.03073286055587232 0.06648199260234833
0 0.8045705289114267 0.23684209864586592 0.02048857370391488 0.0470914114266634
0 0.8167848709272221 0.21398891368880868 0.018124507507309318 0.045706369914114475
0 0.8002364075509831 0.1828254796564579 0.018124507507309318 0.04432132840156555
0 0.7931442089611664 0.14265927579253912 0.016548463376238942 0.033240996301174164
0 0.8132387716323137 0.1537396078929305 0.015760441310703754 0.03601107932627201
0 0.8337273453362286 0.1918282494880259 0.015760441310703754 0.04016620386391878
0 0.8502758087124676 0.16343489848077297 0.014184397179633379 0.030470913276076317
0 0.8707643824163824 0.19806093629449606 0.015760441310703754 0.033240996301174164
0 0.860520095564425 0.25277007604017854 0.022064617834985256 0.05955678503960371
0 0.837273444631137 0.29432132141664624 0.02758077229373157 0.06232686806470156
0 0.9007092209067196 0.27216065721586347 0.022064617834985256 0.04847645293921232
