0 0.07455683063017204 0.23395930900005624 0.05318039667326957 0.11424100038129836
0 0.2784150178777054 0.21126760344486684 0.04796663229353726 0.09389671264216304
0 0.4275286791380495 0.21830985689302906 0.045881126541644335 0.09859154827427119
0 0.4525547481607646 0.2613458501873538 0.06256517255678773 0.11893583601340652
0 0.49217935744673014 0.24569639808032662 0.041710115037858486 0.08450704137794673
0 0.5364963546744548 0.19953051436459646 0.05318039667326957 0.08920187701005489
0 0.5599582943832502 0.24256650765892118 0.06256517255678773 0.10328638390637934
0 0.5667361880769022 0.3333333298796788 0.06569343118462712 0.11893583601340652
0 0.6131386910565197 0.2402190898428671 0.056308655301108956 0.09546165785286576
0 0.6371220072032884 0.309859151719138 0.056308655301108956 0.11267605517059565
0 0.6871741452487186 0.28482002834789455 0.06256517255678773 0.12519561685621738
0 0.7476538120536134 0.23552425421075895 0.04796663229353726 0.1173708908027038
0 0.7752867632661946 0.33802816551178694 0.07194994844030589 0.12832550727762282
0 0.8076121024205349 0.4092331725987606 0.08029197144787759 0.1173708908027038
0 0.8149113725521602 0.484350542712491 0.09071950020734221 0.12363067164551467
0 0.9040667434455827 0.484350542712491 0.07299270131625235 0.1267605620669201
0 0.9562043872429058 0.4655712001840584 0.07299270131625235 0.1267605620669201
0 0.855057358276099 0.359937398461625 0.06256517255678773 0.11580594559200108
0 0.8472367117065005 0.27934272011043504 0.07403545419219881 0.1267605620669201
0 0.8117831139243208 0.22769952815724537 0.06152241968084127 0.11111110995989293
0 0.9259645538404584 0.29029733658535406 0.07507820706814528 0.13928012375254184
