0 0.15083333698567003 0.7142857066355646 0.14833333692513406 0.3085714252665639
0 0.07083333504851907 0.49714285181835294 0.10500000254251063 0.18285714089870453
0 0.1683333374094218 0.4699999949662015 0.076666668523103 0.13999999850057065
0 0.2075000050244853 0.24857142590917647 0.05833333474583924 0.1028571417555213
0 0.10916666931007057 0.3728571388637647 0.061666668159887195 0.11714285588823259
0 0.10333333583548665 0.26714285428170115 0.0533333346247673 0.10571428458206356
0 0.033333334140479565 0.21428571199066937 0.0533333346247673 0.10857142740860581
0 0.46250001119915396 0.41857142408844084 0.04500000108964741 0.07714285631664097
0 0.4958333453396335 0.39428571006283164 0.05500000133179128 0.09714285610243678
0 0.5850000141654164 0.4328571382211521 0.06333333486691117 0.11142857023514807
0 0.5741666805697605 0.39999999571591616 0.041666667675599456 0.07999999914318323
0 0.6225000150734559 0.39571428147610277 0.04500000108964741 0.08285714196972549
0 0.6583333492744714 0.3828571387566626 0.03666666755452752 0.08571428479626775
0 0.7358333511510864 0.5357142799766734 0.08833333547227085 0.16857142676599324
0 0.7408333512721583 0.4257142811547965 0.05833333474583924 0.11999999871477485
0 0.764166685170494 0.4457142809405923 0.04833333450369537 0.09714285610243678
0 0.8691666877130046 0.4414285667007789 0.08833333547227085 0.1571428554598242
0 0.9566666898317635 0.5871428508544341 0.08666666876524687 0.17999999807216227
0 0.9608333565993235 0.4071428527822718 0.04833333450369537 0.09428571327589452
0 0.9875000239117071 0.431428566807881 0.025000000605359674 0.08571428479626775
