0 0.02147239213809371 0.28885630471631885 0.03885480482131243 0.06744868028908968
0 0.02147239213809371 0.3416422284208238 0.03885480482131243 0.07917888555675745
0 0.09509202232584357 0.3563049850054085 0.06748466100543737 0.10850439872592688
0 0.20552146760746837 0.23753665667027235 0.17382412683218718 0.2697947211563587
0 0.31186093343421817 0.25806451588869095 0.04294478427618742 0.07624633423984051
0 0.38548056362196803 0.2243401757441461 0.051124743185937405 0.06744868028908968
0 0.40286297630518675 0.30938416393473744 0.04907975345849991 0.07917888555675745
0 0.47137013217434287 0.2815249264240265 0.09611451718956232 0.17008797638118267
0 0.539877288043499 0.25366568891331553 0.044989774003624916 0.06744868028908968
0 0.649284238461405 0.33431085012853146 0.14519427064806223 0.22873900271952152
0 0.7188138891942799 0.255131964571774 0.03885480482131243 0.07038123160600662
0 0.7689161375164986 0.35043988237157464 0.040899794548749924 0.07917888555675745
0 0.8026584680192173 0.24633431062102318 0.030674845911562443 0.06451612897217274
0 0.8629856649786234 0.32844574749469757 0.040899794548749924 0.06451612897217274
0 0.9345603054389358 0.3372434014454484 0.06952965073287487 0.11143695004284382
