0 0.1970419853751082 0.4460371055174619 0.048664122296031564 0.09274873649701476
0 0.434160306758713 0.1576728520449251 0.01335877866949886 0.02866779128089547
0 0.4561068717157468 0.16020236304029822 0.017175572575069964 0.030354131944477558
0 0.4847328260075301 0.18043845100328326 0.020992366480641067 0.037099494598805904
0 0.5081106886791531 0.1888701543211937 0.01812977105146274 0.03372681327164173
0 0.48616412372211926 0.13575042341835797 0.012404580193106085 0.032040472608059645
0 0.5062022917263675 0.1441821267362684 0.01812977105146274 0.02866779128089547
0 0.5295801543979906 0.1458684673998505 0.017175572575069964 0.032040472608059645
0 0.702290078625083 0.18549747299402952 0.019083969527855515 0.037099494598805904
0 0.7213740481529385 0.19392917631193995 0.019083969527855515 0.04047217592597008
0 0.7437977123481687 0.18802698398940265 0.01812977105146274 0.03541315393522382
0 0.7619274833996315 0.18381113233044744 0.01812977105146274 0.03372681327164173
0 0.8015267201699317 0.18043845100328326 0.017175572575069964 0.037099494598805904
0 0.8392175599874463 0.194772346643731 0.016221374098677188 0.042158516589552164
0 0.8826335906633176 0.29342327546328306 0.020992366480641067 0.05733558256179094
0 0.9093511480023153 0.17032040702179074 0.017175572575069964 0.037099494598805904
0 0.9465648885816336 0.175379429012537 0.015267175622284412 0.03372681327164173
0 0.9389313007704914 0.2318718412425369 0.015267175622284412 0.03878583526238799
