0 0.16107382625341415 0.4434357411810197 0.04530201363377273 0.07960893621202558
0 0.23447986686369404 0.32611730886856094 0.015939597389660776 0.03491620009299368
0 0.2630033569294028 0.3303072528797202 0.020973154460079968 0.040502792107872665
0 0.29152684699511155 0.29678770079044625 0.015939597389660776 0.03491620009299368
0 0.29739933024393395 0.34916200092993677 0.020973154460079968 0.04189944011159241
0 0.34647651168052107 0.34986032493179664 0.023489932995289564 0.04888268013019115
0 0.36283557215938345 0.31773742084624246 0.017617449746467173 0.03491620009299368
0 0.36325503524858505 0.28072624874766916 0.015100671211257577 0.036312848096713424
0 0.41568792139878497 0.3226256888592616 0.020973154460079968 0.036312848096713424
0 0.3930369145818986 0.3268156328704208 0.017617449746467173 0.036312848096713424
0 0.4526006732485257 0.3275139568722807 0.022651006816886365 0.03770949610043317
0 0.4446308745536953 0.2953910527867265 0.02013422828167677 0.040502792107872665
0 0.41778523684479296 0.2849161927588284 0.018456375924870372 0.030726256081834435
0 0.41694631066638976 0.2618715006974526 0.015100671211257577 0.02932960807811469
0 0.4039429549011402 0.24720669665839523 0.015939597389660776 0.03351955208927393
0 0.43414429732365534 0.2506983166676946 0.014261745032854378 0.02932960807811469
0 0.4467281899997033 0.26047485269373283 0.015939597389660776 0.02932960807811469
0 0.48196308949263766 0.2905027847737074 0.020973154460079968 0.03351955208927393
0 0.47860738477902487 0.25768155668629333 0.015939597389660776 0.03212290408555418
0 0.4723154384410009 0.23533518862677738 0.015100671211257577 0.02932960807811469
0 0.47902684786822647 0.22905027261003852 0.015100671211257577 0.025139664066955447
0 0.506711411755532 0.2583798806881532 0.016778523568063974 0.030726256081834435
0 0.5268456400372088 0.26815641671419144 0.018456375924870372 0.03351955208927393
0 0.5113255057367496 0.303770940809045 0.020973154460079968 0.04329608811531216
0 0.5285234923940152 0.23114524461561814 0.018456375924870372 0.03770949610043317
0 0.5482382575864904 0.24162010464351624 0.015939597389660776 0.036312848096713424
0 0.5813758416334167 0.2081005525542423 0.016778523568063974 0.02793296007439494
0 0.5834731570794247 0.2632681487011723 0.01929530210327357 0.04329608811531216
0 0.5843120832578279 0.23324021662119776 0.015939597389660776 0.03351955208927393
0 0.6170302042155527 0.24092178064165637 0.015939597389660776 0.02932960807811469
0 0.6170302042155527 0.21438546857098117 0.014261745032854378 0.026536312070675194
0 0.6237416136427782 0.19622904452262446 0.015939597389660776 0.03212290408555418
0 0.6388422848540358 0.21019552455982193 0.014261745032854378 0.026536312070675194
0 0.6531040298868902 0.23882680863607675 0.015939597389660776 0.025139664066955447
0 0.6875000032014214 0.21997206058586016 0.017617449746467173 0.0237430160632357
0 0.681627519952599 0.20181563653750345 0.01258389267604798 0.026536312070675194
0 0.7000838958774693 0.21578211657470092 0.017617449746467173 0.03212290408555418
0 0.7172818825347349 0.23812848463421687 0.016778523568063974 0.03212290408555418
0 0.681627519952599 0.26745809271233156 0.01929530210327357 0.03491620009299368
0 0.6468120835488662 0.29888267279602587 0.023489932995289564 0.044692736119031906
0 0.6128355733235367 0.31843574484810233 0.02600671153049916 0.044692736119031906
0 0.5503355730324984 0.364525128970854 0.02684563770890236 0.050279328133910894
0 0.5545302039245144 0.3910614410415292 0.03187919477932155 0.05307262414135039
0 0.5167785258963704 0.36801674898015335 0.03187919477932155 0.060055864159949124
0 0.5914429557742551 0.40293294907314703 0.03187919477932155 0.05167597613763064
0 0.6254194659995846 0.4092178650898859 0.036073825671337545 0.05865921615622938
0 0.6602349024033174 0.3379888169001788 0.02516778535209596 0.050279328133910894
0 0.679530204506591 0.35754188895225525 0.030201342422515154 0.06424580817110837
0 0.7017617482342757 0.33589384489459917 0.02600671153049916 0.04888268013019115
0 0.6740771843469702 0.43086590914754197 0.036073825671337545 0.05726256815250963
0 0.7210570503375493 0.49511171731865034 0.04446308745536953 0.07960893621202558
0 0.7541946343844756 0.39455306105082855 0.028523490065708756 0.06284916016738862
0 0.7353187953704037 0.27304468472721055 0.017617449746467173 0.03491620009299368
0 0.7483221511356533 0.2402234566397965 0.015100671211257577 0.036312848096713424
0 0.75796980218729 0.2136871445691213 0.014261745032854378 0.025139664066955447
0 0.762164433079306 0.25768155668629333 0.017617449746467173 0.03212290408555418
0 0.7793624197365716 0.24231842864537612 0.015100671211257577 0.02932960807811469
0 0.7814597351825796 0.2716480367234908 0.017617449746467173 0.03491620009299368
0 0.797818795661442 0.2590782046900131 0.015100671211257577 0.03770949610043317
0 0.7982382587506436 0.22625697660259902 0.017617449746467173 0.036312848096713424
0 0.8276006749947555 0.23393854062305763 0.017617449746467173 0.03491620009299368
0 0.8296979904407635 0.2667597687104717 0.018456375924870372 0.030726256081834435
0 0.8284396011731587 0.29678770079044625 0.017617449746467173 0.040502792107872665
0 0.8246644333703443 0.34916200092993677 0.023489932995289564 0.044692736119031906
0 0.8066275205346756 0.40223462507128716 0.027684563887305558 0.05307262414135039
0 0.8196308762999251 0.4797485892777331 0.04026845656335354 0.06284916016738862
0 0.8611577221308835 0.4322625571512617 0.03439597331453115 0.05726256815250963
0 0.8733221517177299 0.39734635705826804 0.028523490065708756 0.05726256815250963
0 0.8821308765909635 0.3275139568722807 0.022651006816886365 0.04329608811531216
0 0.8674496684689075 0.29469272878486663 0.018456375924870372 0.036312848096713424
0 0.8745805409853347 0.2632681487011723 0.015939597389660776 0.03491620009299368
0 0.8578020174172707 0.24720669665839523 0.017617449746467173 0.036312848096713424
0 0.8880033598397858 0.2451117246528156 0.017617449746467173 0.03212290408555418
0 0.914010071370285 0.27513965673279017 0.017617449746467173 0.036312848096713424
0 0.905620809586253 0.30796088482020423 0.01929530210327357 0.03491620009299368
0 0.928691279492341 0.37849160900805146 0.021812080638483167 0.0474860321264714
0 0.9261745009571314 0.45041898119961843 0.03187919477932155 0.060055864159949124
0 0.945469803060405 0.33938546490389854 0.016778523568063974 0.036312848096713424
0 0.9446308768820018 0.31564244884066284 0.016778523568063974 0.02793296007439494
0 0.9526006755768321 0.298184348794166 0.014261745032854378 0.03212290408555418
0 0.9538590648444369 0.2737430087290704 0.016778523568063974 0.030726256081834435
