0 0.20165208872640505 0.44723184796748683 0.039844509097747505 0.07439446600619704
0 0.35179786081425846 0.2491349559277296 0.023323615081608295 0.03460207721218467
0 0.38435374019900337 0.26730104646412656 0.018464528606273234 0.0467128042364493
0 0.42176870605908334 0.2794117734883912 0.023323615081608295 0.03979238879401237
0 0.35762876458466053 0.20934256713371724 0.013605442130938172 0.024221454048529267
0 0.4047619033954106 0.196366788179148 0.018464528606273234 0.0259515579091385
0 0.3931000958546065 0.12197232217295095 0.018464528606273234 0.029411765630356967
0 0.4577259459765628 0.22058824222767726 0.02137998049147427 0.03979238879401237
0 0.49999999831197783 0.23702422890346497 0.03012633614707738 0.038062284933403134
0 0.5286686085164547 0.17993080150336027 0.01749271131120622 0.03460207721218467
0 0.48396501294337213 0.14273356850026175 0.01749271131120622 0.032871973351575434
0 0.5199222528608516 0.1288927376153879 0.011661807540804148 0.0259515579091385
0 0.5354713295819238 0.12629758182447404 0.009718172950670123 0.027681661769747734
0 0.5597667619585991 0.12024221831234172 0.01749271131120622 0.029411765630356967
0 0.5874635548680089 0.12543252989416942 0.014577259426005185 0.0363321810727939
0 0.6409135060966946 0.13840830884873867 0.01263362483587116 0.017301038606092334
0 0.5592808533110656 0.20501730748219416 0.024295432376675308 0.0363321810727939
0 0.6064139921218157 0.19377163238823414 0.02137998049147427 0.03460207721218467
0 0.5879494635155424 0.2534602155792527 0.027210884261876345 0.03979238879401237
0 0.6535471309325658 0.2551903194398619 0.024295432376675308 0.05017301195766777
0 0.6627793952357024 0.20934256713371724 0.02526724967174232 0.038062284933403134
0 0.6822157411370426 0.196366788179148 0.015549076721072197 0.032871973351575434
0 0.6846452843747102 0.2698962022550404 0.024295432376675308 0.0415224926546216
0 0.7380952356033958 0.2335640211822465 0.01652089401613921 0.04498270037584007
0 0.752672495029401 0.2854671370005235 0.024295432376675308 0.051903115818277
0 0.7818270138814114 0.2742214619065635 0.03401360532734543 0.0570934274001047
0 0.8425655948230997 0.3122837468399666 0.019436345901340246 0.053633219678886235
0 0.8692905704374425 0.3174740584217943 0.026239066966809332 0.053633219678886235
0 0.8882410076912493 0.28200692927930504 0.027210884261876345 0.038062284933403134
0 0.9402332329773344 0.3615917068673298 0.018464528606273234 0.05536332353949547
0 0.9567541269934736 0.30882353911874816 0.022351797786541283 0.0467128042364493
0 0.9567541269934736 0.21972319029737264 0.014577259426005185 0.038062284933403134
0 0.9130223487154581 0.21972319029737264 0.01652089401613921 0.0311418694909662
0 0.8600583061343059 0.23529412504285574 0.02137998049147427 0.0415224926546216
0 0.8683187531423755 0.19896194397006184 0.01652089401613921 0.0311418694909662
0 0.8522837677737698 0.17906574957305565 0.013605442130938172 0.032871973351575434
0 0.7560738555621356 0.1453287242911756 0.01749271131120622 0.0311418694909662
