0 0.18251410094671883 0.47050562279764563 0.05076551152160391 0.1039325853344053
0 0.6019339223275892 0.20154494588496163 0.01611603540368378 0.0323033711174503
0 0.6156325524207205 0.20997191226342693 0.01772763894405216 0.029494382324628532
0 0.6297340833989438 0.22191011463291943 0.021756647794973105 0.030898876721039414
0 0.6522965329641011 0.21207865385804325 0.00886381947202608 0.025280899135395885
0 0.6631748568615876 0.2233146090293303 0.01772763894405216 0.030898876721039414
0 0.6704270727932453 0.22963483381317928 0.014504431863315403 0.029494382324628532
0 0.7405318267992698 0.23244382260600105 0.01611603540368378 0.029494382324628532
0 0.5451248975296039 0.2162921370472759 0.01692183717386797 0.03370786551386118
0 0.558420626737643 0.2570224745431915 0.014504431863315403 0.030898876721039414
0 0.5874294904642738 0.2366573057952337 0.022562449565157294 0.0323033711174503
0 0.5423045913339593 0.2823033736785874 0.01772763894405216 0.04494382068514824
0 0.38839645322877914 0.2500000025611371 0.01611603540368378 0.02247191034257412
0 0.4492344868776854 0.24227528338087723 0.015310233633499593 0.023876404738985002
0 0.5092667187564075 0.28862359846243635 0.020950846024788916 0.03792134870309383
0 0.4951651877781842 0.268960676912684 0.021756647794973105 0.029494382324628532
0 0.4222401275765151 0.2830056208767928 0.01772763894405216 0.04353932628873736
0 0.4053182904026471 0.29353932884987444 0.01611603540368378 0.036516854306682944
0 0.35132957180030644 0.29213483445346355 0.012892828322947025 0.03932584309950471
0 0.28404512398992665 0.29915730643551797 0.015310233633499593 0.03370786551386118
0 0.22280418945592828 0.3384831495350227 0.012087026552762836 0.030898876721039414
0 0.2570507646887563 0.3419943855260499 0.01611603540368378 0.04353932628873736
0 0.2937147452321369 0.3574438238865696 0.01692183717386797 0.04353932628873736
0 0.31547139302711 0.3862359590129927 0.020145044254604727 0.047752809477970004
0 0.35173247268539853 0.32443820557091385 0.01692183717386797 0.030898876721039414
0 0.3783239311014768 0.33286517194937915 0.013698630093131214 0.030898876721039414
0 0.40370668686227873 0.33146067755296826 0.01611603540368378 0.030898876721039414
0 0.4423851718311198 0.33637640794040635 0.020950846024788916 0.04073033749591559
0 0.46253021608572453 0.30547753121936694 0.01611603540368378 0.03511235991027206
0 0.5016116019396577 0.32092696957988665 0.02497985487570986 0.04073033749591559
0 0.5874294904642738 0.3216292167780921 0.02739726018626243 0.042134831892326474
0 0.6248992727778386 0.28721910406602547 0.031426269037183374 0.04353932628873736
0 0.494359386008 0.3813202286255546 0.02497985487570986 0.05758427025284618
0 0.5358581771724857 0.3932584309950471 0.02578565664589405 0.0561797758564353
0 0.6023368232126813 0.4227528133196756 0.03626107965828851 0.06179775344207883
0 0.6385979028709698 0.3300561831565574 0.023368251335341483 0.03370786551386118
0 0.6486704249982722 0.36867977905785665 0.02739726018626243 0.04915730387438089
0 0.6821111984609161 0.3426966327242553 0.021756647794973105 0.042134831892326474
0 0.6567284427001141 0.436095510085579 0.03545527788810432 0.06882022542413324
0 0.7010475400602445 0.46769663400482386 0.0370668814284727 0.07865168619900942
0 0.7356970161781646 0.40238764457171783 0.03545527788810432 0.04353932628873736
0 0.7566478622029535 0.4410112404730171 0.03223207080736756 0.053370787063613534
0 0.7687348887557164 0.245084272173699 0.01772763894405216 0.0323033711174503
0 0.6966156303242315 0.2542134857503697 0.013698630093131214 0.030898876721039414
0 0.6651893612870481 0.26615168811986223 0.01692183717386797 0.03511235991027206
0 0.7131345666130073 0.2823033736785874 0.014504431863315403 0.042134831892326474
0 0.7360999170632567 0.2773876432911493 0.01853344071423635 0.026685393531806767
0 0.7570507630880456 0.28511236247140914 0.01853344071423635 0.042134831892326474
0 0.7945205454016104 0.24227528338087723 0.01611603540368378 0.029494382324628532
0 0.8235294091282412 0.2584269689396024 0.020950846024788916 0.03370786551386118
0 0.8017727613332681 0.292837081651669 0.022562449565157294 0.0323033711174503
0 0.8344077330257278 0.3061797784175724 0.01853344071423635 0.03932584309950471
0 0.8489121648890432 0.26334269932704046 0.015310233633499593 0.04073033749591559
0 0.856567281705793 0.25280899135395885 0.014504431863315403 0.047752809477970004
0 0.8066075719543733 0.3370786551386118 0.01772763894405216 0.042134831892326474
0 0.7876712303550448 0.3595505654811859 0.021756647794973105 0.042134831892326474
0 0.848106363118859 0.3658707902650349 0.02497985487570986 0.054775281460024416
0 0.8021756622183602 0.4803370835725218 0.029814665496814996 0.07022471982054412
0 0.877921028615674 0.2823033736785874 0.01692183717386797 0.036516854306682944
0 0.8678485064883716 0.3202247223816812 0.01772763894405216 0.03932584309950471
0 0.9165995135845151 0.26474719372345135 0.020145044254604727 0.03792134870309383
0 0.8746978215349372 0.39255618379684165 0.023368251335341483 0.04634831508155912
0 0.9024979826062918 0.3595505654811859 0.01611603540368378 0.05056179827079177
0 0.916196612699423 0.310393261606805 0.01611603540368378 0.02247191034257412
0 0.8940370640193578 0.45716292603174224 0.031426269037183374 0.06882022542413324
0 0.5076551152160391 0.24719101376831532 0.020950846024788916 0.02247191034257412
0 0.7264302958210465 0.2521067441557534 0.01853344071423635 0.03792134870309383
0 0.8049959684140049 0.2710674185073003 0.01611603540368378 0.036516854306682944
0 0.9149879100441467 0.32584269996732473 0.01853344071423635 0.0646067422349006
0 0.8323932286002673 0.4445224764640443 0.02739726018626243 0.06320224783848971
0 0.5644641400140245 0.24157303618267179 0.012087026552762836 0.030898876721039414
0 0.4641418196260929 0.2675561825162731 0.019339242484420538 0.03511235991027206
0 0.4359387576696463 0.3033707896247506 0.019339242484420538 0.03932584309950471
