0 0.056363636744208634 0.4589665709063411 0.04727272759191692 0.09118541143834591
0 0.07090909138787538 0.40273556718602777 0.04000000027008355 0.07598784286528826
0 0.020909091050270945 0.4240121631883085 0.03454545477870852 0.0699088154360652
0 0.16181818291079253 0.8206687029451132 0.14181818277575076 0.25531915202736855
0 0.26636363816214725 0.504559276625514 0.05272727308329195 0.10334346629679203
0 0.20818181958748028 0.32978723803535104 0.045454545761458576 0.1003039525821805
0 0.13454545545391738 0.3571428614668548 0.04000000027008355 0.07598784286528826
0 0.286363638297189 0.4620060846209526 0.038181818439625204 0.06686930172145367
0 0.31818182033021003 0.40729483775794506 0.032727272948250175 0.06686930172145367
0 0.36272727517643943 0.4939209786243737 0.05272727308329195 0.10638298001140356
0 0.3545454569393769 0.4285714337602258 0.04000000027008355 0.048632219433784485
0 0.3545454569393769 0.3920972691848874 0.02909090928733349 0.042553192004561424
0 0.43818182114046067 0.33890577917918563 0.05818181857466698 0.11854103486984968
0 0.49272727605421096 0.41641337890177965 0.032727272948250175 0.060790274292230606
0 0.5400000036461279 0.5000000060535967 0.05454545491375029 0.10638298001140356
0 0.5218181853415444 0.43313070433214307 0.04000000027008355 0.08206687029451132
0 0.5636363674420863 0.43009119061753154 0.032727272948250175 0.0699088154360652
0 0.6118181859492324 0.4483282729052007 0.05272727308329195 0.08814589772373438
0 0.6581818226259202 0.4498480297625065 0.04363636393100023 0.09118541143834591
0 0.6472727316431701 0.5942249312065542 0.0800000005401671 0.1306990897282958
0 0.726363641268108 0.5273556294851005 0.06000000040512532 0.10638298001140356
0 0.7281818230985664 0.46048632776364684 0.045454545761458576 0.08814589772373438
0 0.7963636417407542 0.5060790334828198 0.05454545491375029 0.09422492515295744
0 0.853636369400192 0.44224924547597766 0.04909090942237526 0.1003039525821805
0 0.959090915566776 0.49544073548167944 0.04909090942237526 0.09118541143834591
