1 0.7135293833562173 0.19473684614058584 0.0976470549358055 0.15438596811145544
1 0.8841176118585281 0.1929824601393193 0.0976470549358055 0.15438596811145544
1 0.45470586424926296 0.302631585218478 0.07411764410790056 0.11754386208485812
1 0.3699999852688052 0.26052632118808106 0.06941176194231957 0.1210526340873912
1 0.12235293630510569 0.1614035121165216 0.09882352547720075 0.16491228411905468
1 0.17352940485579893 0.1614035121165216 0.05529411544557661 0.15789474011398852
0 0.49705880373949185 0.4149122892995365 0.06705882085952908 0.12456140608992428
0 0.612352916796226 0.28947369020897895 0.059999997611157596 0.13684210809879005
0 0.3152941050939262 0.21491228515515104 0.07294117356650531 0.14561403810512275
0 0.8011764386901632 0.23859649617224932 0.056470585986971855 0.08771930006332695
