0 0.15583333710674196 0.7440633550286293 0.031666667433455586 0.06332454085350037
0 0.08916666882578284 0.8350923825055361 0.04500000108964741 0.06596306338906288
0 0.26250000635627657 0.8416886888444424 0.051666667917743325 0.07387863099575043
0 0.31000000750645995 0.7453826162964106 0.033333334140479565 0.06068601831793785
0 0.44166667736135423 0.8021108508110046 0.033333334140479565 0.058047495782375336
0 0.45500001101754606 0.9155673198401928 0.03666666755452752 0.06332454085350037
0 0.4841666783904657 0.5870712641626596 0.02833333401940763 0.06068601831793785
0 0.6216666817199439 0.819261247292161 0.03666666755452752 0.06596306338906288
0 0.6558333492139354 0.9221636261790991 0.04833333450369537 0.07651715353131294
0 0.7891666857758537 0.865435391664505 0.04500000108964741 0.07387863099575043
0 0.8975000217324123 0.7849604543298483 0.0383333342615515 0.06596306338906288
0 0.9683333567809314 0.8693931754678488 0.04666666779667139 0.07651715353131294
