0 0.20324748731218278 0.39822135982103646 0.04143337206915021 0.09288537921383977
0 0.24916014284826815 0.2697628566529602 0.021276596467942 0.03754940861836076
0 0.2777155749499798 0.26086957566440105 0.02015677560120821 0.03557312395423651
0 0.31075029051862657 0.2391304443590343 0.01679731300100684 0.03162055462598801
0 0.32138858875259757 0.2549407216720283 0.02015677560120821 0.04743083193898201
0 0.33482643915340304 0.21640317072160542 0.015677492134273052 0.03359683929011226
0 0.34378500608727336 0.2312253057025373 0.015677492134273052 0.03162055462598801
0 0.36450169212184846 0.27173914131708443 0.01903695473447442 0.04150197794660926
0 0.3840985572896898 0.2855731339659542 0.02015677560120821 0.03754940861836076
0 0.3583426773548126 0.24604744068346918 0.015677492134273052 0.029644269961863756
0 0.3633818712551147 0.1996047510765493 0.014557671267539263 0.03162055462598801
0 0.3801791842561215 0.1847826160956174 0.01679731300100684 0.03359683929011226
0 0.38521837815642357 0.22035574004985392 0.015677492134273052 0.03754940861836076
0 0.46024637622758746 0.2430830136872828 0.02015677560120821 0.04347826261073351
0 0.4344904962927103 0.2312253057025373 0.02015677560120821 0.03952569328248501
0 0.40705488505773246 0.18972332775592804 0.014557671267539263 0.03162055462598801
0 0.44232924235984683 0.1877470430918038 0.013437850400805473 0.03557312395423651
0 0.44232924235984683 0.16699605411849916 0.013437850400805473 0.029644269961863756
0 0.4568869136273861 0.18675890075974166 0.013437850400805473 0.03359683929011226
0 0.4753639579284936 0.19861660874448717 0.014557671267539263 0.029644269961863756
0 0.4748040474951267 0.1610672001261264 0.015677492134273052 0.025691700633615255
0 0.5044793004635721 0.1916996124200523 0.01679731300100684 0.03557312395423651
0 0.4983202856965363 0.17094862344674766 0.015677492134273052 0.029644269961863756
0 0.48208288312889636 0.1373517841566354 0.012318029534071684 0.029644269961863756
0 0.5235162551980466 0.20256917807273567 0.01679731300100684 0.03754940861836076
0 0.5352743742987514 0.16007905779406428 0.015677492134273052 0.03557312395423651
0 0.5772676568012685 0.17094862344674766 0.01679731300100684 0.03359683929011226
0 0.5548712394665927 0.15118577680550516 0.014557671267539263 0.029644269961863756
0 0.5559910603333265 0.12351779150776565 0.01679731300100684 0.029644269961863756
0 0.5739081942010671 0.14328063814900815 0.014557671267539263 0.029644269961863756
0 0.5800672089681029 0.13043478783220053 0.015677492134273052 0.023715415969491005
0 0.6108622828032821 0.1452569228131324 0.01679731300100684 0.029644269961863756
0 0.6310190584044904 0.1215415068436414 0.014557671267539263 0.029644269961863756
0 0.6713326096069068 0.1175889375153929 0.014557671267539263 0.029644269961863756
0 0.4882418978959322 0.3102766922675073 0.029115342535078526 0.05138340126723051
0 0.5559910603333265 0.2351778750307858 0.025755879934877157 0.05533597059547901
0 0.5655095377005637 0.2816205646377057 0.026875700801610947 0.05731225525960326
0 0.5991041637025774 0.3300395389087498 0.031354984268546104 0.07509881723672152
0 0.617021297570318 0.24011858669109643 0.024636059068143368 0.05335968593135476
0 0.6528555653057992 0.21442688605748117 0.024636059068143368 0.04940711660310626
0 0.6478163714054972 0.17885376210324466 0.021276596467942 0.03359683929011226
0 0.6763718035072088 0.15217391913756728 0.015677492134273052 0.03162055462598801
0 0.6842105495743454 0.1847826160956174 0.01791713386774063 0.04940711660310626
0 0.7110862503759563 0.2154150283895433 0.02239641733467579 0.03952569328248501
0 0.6685330574400723 0.2549407216720283 0.024636059068143368 0.04743083193898201
0 0.7222844590432942 0.2667984296567738 0.02239641733467579 0.04743083193898201
0 0.7631579206790775 0.2905138456262648 0.027995521668344736 0.05533597059547901
0 0.8325868144165725 0.32312254258431494 0.032474805135279894 0.06916996324434876
0 0.7530795328784734 0.23023716337047517 0.025755879934877157 0.04940711660310626
0 0.72844347381033 0.1996047510765493 0.025755879934877157 0.04743083193898201
0 0.7110862503759563 0.17391305044293404 0.015677492134273052 0.03557312395423651
0 0.7010078625753522 0.1452569228131324 0.013437850400805473 0.029644269961863756
0 0.734042578143999 0.1175889375153929 0.014557671267539263 0.025691700633615255
0 0.7592385476455092 0.13438735716044903 0.01791713386774063 0.03557312395423651
0 0.7424412346445024 0.1413043534848839 0.015677492134273052 0.03359683929011226
0 0.7541993537452072 0.17193676577880979 0.01679731300100684 0.03557312395423651
0 0.7737962189130485 0.20158103574067354 0.02015677560120821 0.04743083193898201
0 0.7771556815132499 0.15217391913756728 0.015677492134273052 0.03557312395423651
0 0.7950728153809905 0.17885376210324466 0.01791713386774063 0.03754940861836076
0 0.7973124571144581 0.12648221850395203 0.013437850400805473 0.027667985297739506
0 0.8269877100829035 0.13932806882075965 0.014557671267539263 0.03359683929011226
0 0.8331467248499393 0.18675890075974166 0.01791713386774063 0.04150197794660926
0 0.8460246648173779 0.16600791178643703 0.014557671267539263 0.03557312395423651
0 0.8180291431490332 0.22233202471397817 0.01679731300100684 0.04150197794660926
0 0.8516237691510469 0.2470355830155313 0.01903695473447442 0.05138340126723051
0 0.9036954394541681 0.26383400266058743 0.024636059068143368 0.05731225525960326
0 0.9115341855213046 0.22924902103841305 0.01791713386774063 0.04347826261073351
0 0.877379649085924 0.19664032408036292 0.01679731300100684 0.03754940861836076
0 0.8812990221194923 0.1689723387826234 0.013437850400805473 0.029644269961863756
0 0.8840985742863268 0.15415020380169153 0.014557671267539263 0.027667985297739506
