0 0.3918918861891143 0.18815331207588315 0.017017016769386828 0.0383275265339762
0 0.41641641035676 0.2229965180158615 0.022022021701559424 0.0383275265339762
0 0.454954948334489 0.23083623935235664 0.023023022687993944 0.04355400742497295
0 0.5670670588151552 0.1890243922243826 0.017017016769386828 0.03310104564297944
0 0.5680680598015897 0.1637630679178983 0.017017016769386828 0.031358885345980525
0 0.6271271180012263 0.2613240445498377 0.023023022687993944 0.05574912950396538
0 0.6426426332909614 0.28832752915332094 0.02802802762016654 0.06445993098895997
0 0.6371371278655715 0.20557491504587233 0.019019018742255867 0.04529616772197187
0 0.6811811712686904 0.1742160296998918 0.017017016769386828 0.0383275265339762
0 0.6866866766940802 0.22038327757036313 0.024024023674428463 0.04355400742497295
0 0.6636636540060863 0.09059233544394374 0.018018017755821347 0.0383275265339762
0 0.9379379242891446 0.22473867831286043 0.01601601578295231 0.0383275265339762
