0 0.06689124146942049 0.4023372170049697 0.029836381087079644 0.06010016519576311
0 0.28873917181044817 0.2387312117498368 0.015399422496557236 0.030050082597881556
0 0.29499518719967455 0.26794656983111054 0.016361886402592063 0.028380633564665914
0 0.30943214579019696 0.2662771207978949 0.018286814214661717 0.038397327763959765
0 0.34119345468934625 0.2629382227314636 0.018286814214661717 0.038397327763959765
0 0.36525505234021693 0.2595993246650323 0.020211742026731372 0.04173622583039105
0 0.4023099127225578 0.2629382227314636 0.019249278120696545 0.04173622583039105
0 0.4167468713130802 0.27295491693075746 0.026948989368975163 0.0517529200296849
0 0.3402309907833114 0.21953254786785692 0.016361886402592063 0.028380633564665914
0 0.3638113564811647 0.21368947625160217 0.015399422496557236 0.03338898066431284
0 0.37006737187039107 0.22871451755054295 0.016361886402592063 0.03338898066431284
0 0.409528392017819 0.21786309883464128 0.014436958590522408 0.03505842969752848
0 0.46775745833292603 0.22871451755054295 0.019249278120696545 0.04006677679717541
0 0.48604427254758775 0.23539231368340552 0.0211742059327662 0.04340567486360669
0 0.3984600570984185 0.19198663881979883 0.013474494684487581 0.03338898066431284
0 0.4032723766285926 0.19031718978658319 0.013474494684487581 0.02671118453145027
0 0.42925890209153295 0.18864774075336754 0.013474494684487581 0.02671118453145027
0 0.4663137624738738 0.1953255368862301 0.014436958590522408 0.03672787873074412
0 0.49615014356095344 0.1986644349526614 0.014436958590522408 0.04006677679717541
0 0.4841193447355181 0.1669449033215642 0.013474494684487581 0.03338898066431284
0 0.4778633293462917 0.14774623943958431 0.012512030778452754 0.02504173549823463
0 0.49951876723207533 0.13689482072368264 0.011549566872417927 0.02671118453145027
0 0.507218478480354 0.16611017880495638 0.015399422496557236 0.028380633564665914
0 0.5298363802721724 0.19198663881979883 0.016361886402592063 0.04006677679717541
0 0.545717034721747 0.20200333301909268 0.019249278120696545 0.04006677679717541
0 0.5346486998023465 0.17278797493781894 0.016361886402592063 0.02504173549823463
0 0.5774783436208963 0.15442403557244688 0.01732435030862689 0.02504173549823463
0 0.5856592868221924 0.16944907687138766 0.016361886402592063 0.03505842969752848
0 0.5842155909631401 0.12437395297456533 0.013474494684487581 0.028380633564665914
0 0.6077959566609934 0.1268781265243888 0.012512030778452754 0.02671118453145027
0 0.6145332040032372 0.14774623943958431 0.014436958590522408 0.03505842969752848
0 0.6275264667347074 0.135225371690467 0.013474494684487581 0.02671118453145027
0 0.6390760336071253 0.1469115149229765 0.011549566872417927 0.030050082597881556
0 0.643407121184282 0.12520867749117315 0.0105871029663831 0.02671118453145027
0 0.6650625590700656 0.13439064717385918 0.013474494684487581 0.03505842969752848
0 0.6684311827411875 0.1235392284579575 0.012512030778452754 0.030050082597881556
0 0.7045235792174935 0.12520867749117315 0.013474494684487581 0.02671118453145027
0 0.7507218467071652 0.12270450394134969 0.013474494684487581 0.028380633564665914
0 0.7743022124050185 0.1393989942735061 0.012512030778452754 0.0317195316310972
0 0.7897016349015757 0.13188647362403572 0.012512030778452754 0.030050082597881556
0 0.7978825781028718 0.15025041298940778 0.013474494684487581 0.03338898066431284
0 0.8368623662972823 0.13188647362403572 0.0105871029663831 0.02671118453145027
0 0.8662175154313445 0.14190316782332957 0.015399422496557236 0.03338898066431284
0 0.8859480255050585 0.16110183170530945 0.014436958590522408 0.0317195316310972
0 0.9080846953438595 0.16611017880495638 0.012512030778452754 0.038397327763959765
0 0.9162656385451555 0.1627712807385251 0.011549566872417927 0.0317195316310972
0 0.9355149166658521 0.21786309883464128 0.01732435030862689 0.04173622583039105
0 0.9533204989274964 0.24791318143252283 0.018286814214661717 0.04507512389682233
0 0.9624639060348272 0.2863105091964826 0.025024061556905508 0.055091818096116185
0 0.8700673710554838 0.1794657710706815 0.01732435030862689 0.03505842969752848
0 0.89124157698825 0.2387312117498368 0.025024061556905508 0.05342236906290054
0 0.8195380159886554 0.1744574239710346 0.018286814214661717 0.03505842969752848
0 0.8440808455925435 0.2103505781851709 0.0211742059327662 0.04340567486360669
0 0.7151106821838766 0.15442403557244688 0.013474494684487581 0.0317195316310972
0 0.7290664088213816 0.1510851375060156 0.014436958590522408 0.0317195316310972
0 0.741097207646817 0.17195325042121112 0.015399422496557236 0.03338898066431284
0 0.785370547324419 0.16527545428834856 0.013474494684487581 0.030050082597881556
0 0.7670837331097573 0.18948246526997536 0.01732435030862689 0.04507512389682233
0 0.7281039449153468 0.18948246526997536 0.016361886402592063 0.038397327763959765
0 0.6684311827411875 0.1869782917201519 0.018286814214661717 0.04006677679717541
0 0.6650625590700656 0.21535892528481781 0.023099133744835854 0.04340567486360669
0 0.6304138584528118 0.19949915946926922 0.019249278120696545 0.038397327763959765
0 0.6010587093187496 0.22203672141768038 0.022136669838801026 0.05008347099646926
0 0.643407121184282 0.2429048343328759 0.02406159765087068 0.0517529200296849
0 0.6020211732247844 0.2896494072629139 0.025986525462940335 0.055091818096116185
0 0.5192492773057893 0.30383972404524684 0.025986525462940335 0.05008347099646926
0 0.643407121184282 0.317195316310972 0.0317613088991493 0.06010016519576311
0 0.6881616928149015 0.2671118453145027 0.0211742059327662 0.05342236906290054
0 0.7093358987476677 0.2587646001484245 0.0211742059327662 0.046744572930037975
0 0.741097207646817 0.2979966524289921 0.025024061556905508 0.055091818096116185
0 0.7858517792774364 0.23372286465018988 0.022136669838801026 0.05342236906290054
0 0.7959576502908021 0.20868112915195525 0.019249278120696545 0.046744572930037975
0 0.8806544740218669 0.3138564182445407 0.026948989368975163 0.05342236906290054
0 0.7882579390425235 0.30383972404524684 0.025024061556905508 0.06010016519576311
