0 0.015213815902825445 0.4294781524222344 0.027138158096931875 0.05218617944046855
0 0.2347861859598197 0.3420310409273952 0.01726973697077483 0.03526093205437064
0 0.2594572387752123 0.3730606611352414 0.020559210679493845 0.043723555747419596
0 0.2915296074352227 0.37588153569959104 0.022203947533853352 0.040902681183069944
0 0.2919407916488126 0.3067701088730246 0.01973684225231409 0.03808180661872029
0 0.3359375025029294 0.3617771628778428 0.022203947533853352 0.040902681183069944
0 0.36225329217268154 0.3363892917986959 0.018914473825134337 0.03808180661872029
0 0.3577302658231929 0.3018335783854127 0.01315789483487606 0.033850494772195816
0 0.3893914502696134 0.3293371053878218 0.018914473825134337 0.03244005749002099
0 0.41036184516269714 0.33850494772195816 0.023026315961033106 0.03949224390089512
0 0.4144736872985959 0.3025387970265001 0.01973684225231409 0.02961918292567134
0 0.4124177662306465 0.2736248327419162 0.015625000116415322 0.031029620207846165
0 0.3988486871821806 0.2686883022543043 0.014802631689235568 0.02961918292567134
0 0.43421052955091 0.2531734921503812 0.016447368543595076 0.03244005749002099
0 0.45312500337604433 0.26657264633104205 0.016447368543595076 0.033850494772195816
0 0.4399671085411683 0.36600847472436726 0.023026315961033106 0.04654443031176925
0 0.4765625035506673 0.3032440156675875 0.022203947533853352 0.03667136933654547
0 0.47944079304579645 0.2679830836132169 0.014802631689235568 0.028208745643496513
0 0.4749177666963078 0.23765868204645813 0.015625000116415322 0.03526093205437064
0 0.5119243459193967 0.2693935208953917 0.015625000116415322 0.028208745643496513
0 0.5250822407542728 0.2799718005117029 0.020559210679493845 0.03526093205437064
0 0.524259872327093 0.2531734921503812 0.013980263262055814 0.02961918292567134
0 0.5382401355891488 0.2517630548682064 0.015625000116415322 0.03526093205437064
0 0.5057565827155486 0.3244005749002099 0.01973684225231409 0.03949224390089512
0 0.5620888199773617 0.2813822377938777 0.01726973697077483 0.03244005749002099
0 0.5859375043655746 0.27080395817756653 0.015625000116415322 0.031029620207846165
0 0.5785361885209568 0.2468265243805945 0.015625000116415322 0.028208745643496513
0 0.5793585569481365 0.22708040243014693 0.01726973697077483 0.028208745643496513
0 0.5633223726181313 0.2313117142766714 0.014802631689235568 0.028208745643496513
0 0.604440793977119 0.25105783622711897 0.016447368543595076 0.028208745643496513
0 0.6048519781907089 0.2256699651479721 0.013980263262055814 0.025387871079146862
0 0.6159539519576356 0.2094499364029616 0.016447368543595076 0.02961918292567134
0 0.5382401355891488 0.3568406323902309 0.025493421242572367 0.053596616722643375
0 0.4695723719196394 0.4125529050361365 0.029605263378471136 0.060648803133517504
0 0.5341282934532501 0.43088858970440924 0.03536184236872941 0.0550070540048182
0 0.597861846559681 0.4520451489370316 0.037828947650268674 0.0662905522622168
0 0.6430921100545675 0.44851905573159456 0.03453947394154966 0.06770098954439163
0 0.618009873025585 0.3667136933654547 0.022203947533853352 0.050775742158293724
0 0.604440793977119 0.33779972908087075 0.0213815791066736 0.03526093205437064
0 0.6402138205594383 0.3018335783854127 0.020559210679493845 0.04513399302959442
0 0.6402138205594383 0.2517630548682064 0.015625000116415322 0.03244005749002099
0 0.631167767860461 0.2200282160192728 0.012335526407696307 0.031029620207846165
0 0.6463815837632865 0.22919605835340917 0.016447368543595076 0.03244005749002099
0 0.6632401365204714 0.21227081096731126 0.012335526407696307 0.026798308361321688
0 0.6792763208504766 0.22637518378905952 0.01315789483487606 0.026798308361321688
0 0.7035361894522794 0.22778562107123435 0.013980263262055814 0.02961918292567134
0 0.7092927684425376 0.25105783622711897 0.015625000116415322 0.031029620207846165
0 0.6809210577048361 0.27291961410082877 0.016447368543595076 0.040902681183069944
0 0.6595394785981625 0.37165022385306656 0.024671052815392613 0.05782792856916785
0 0.6533717153943144 0.3420310409273952 0.018914473825134337 0.03526093205437064
0 0.6936677683261223 0.3575458510313183 0.02384868438821286 0.043723555747419596
0 0.7388980318210088 0.4062059372663498 0.028782894951291382 0.053596616722643375
0 0.7187500053551048 0.4844852064270526 0.04111842135898769 0.07193230139091611
0 0.7898848743061535 0.43018337106332183 0.027138158096931875 0.05641749128699303
0 0.8178454008302651 0.36600847472436726 0.022203947533853352 0.0550070540048182
0 0.731496715976391 0.2905500801280141 0.01726973697077483 0.03667136933654547
0 0.738075663393829 0.2623413344845176 0.015625000116415322 0.033850494772195816
0 0.7512335582287051 0.23836390068754554 0.015625000116415322 0.02256699651479721
0 0.7528782950830646 0.25035261758603156 0.012335526407696307 0.023977433796972036
0 0.7652138214907609 0.2651622090488672 0.013980263262055814 0.028208745643496513
0 0.7796052689664066 0.2863187682814896 0.014802631689235568 0.033850494772195816
0 0.7828947426751256 0.25035261758603156 0.01315789483487606 0.023977433796972036
0 0.7935855322284624 0.24964739894494414 0.01315789483487606 0.028208745643496513
0 0.8199013218982145 0.2693935208953917 0.016447368543595076 0.031029620207846165
0 0.824835532461293 0.3131170766428113 0.01973684225231409 0.03667136933654547
0 0.8470394799951464 0.34414669685065746 0.01973684225231409 0.04513399302959442
0 0.8610197432572022 0.2856135496404022 0.016447368543595076 0.02961918292567134
0 0.8474506642087363 0.26022567856125534 0.01726973697077483 0.03526093205437064
0 0.8774671118007973 0.25458392943255603 0.011513157980516553 0.03244005749002099
0 0.9033717172569595 0.28843442420475185 0.015625000116415322 0.03526093205437064
0 0.891858559276443 0.319464044412598 0.01726973697077483 0.03244005749002099
0 0.8667763222474605 0.372355442494154 0.024671052815392613 0.053596616722643375
0 0.8741776380920783 0.3448519154917449 0.018092105397954583 0.040902681183069944
0 0.8507401379174553 0.4717912708874792 0.03042763180565089 0.06346967769786716
0 0.8297697430243716 0.5246826689690351 0.037828947650268674 0.07334273867309093
0 0.9189967173733748 0.46967561496421695 0.0320723686600104 0.05641749128699303
0 0.9194079015869647 0.32651623082347214 0.01973684225231409 0.04654443031176925
0 0.9383223754120991 0.3511988832615316 0.023026315961033106 0.03949224390089512
0 0.9399671122664586 0.2856135496404022 0.016447368543595076 0.02961918292567134
