0 0.055862831650301814 0.28094303561374545 0.016592920292168856 0.03536345902830362
0 0.2654867246747017 0.22495089215226471 0.017699114978313446 0.04125736886635423
0 0.37334070657379925 0.2465618948917836 0.023230088409036398 0.049115915317088366
0 0.3362831845879555 0.24852653150446713 0.019911504350602627 0.04125736886635423
0 0.3705752198584378 0.18860511481761932 0.015486725606024265 0.03536345902830362
0 0.38716814015060663 0.1650294754654169 0.013274336233735085 0.031434185802936554
0 0.39546460029669106 0.1925343880429864 0.018805309664458036 0.03929273225367069
0 0.4043141577858478 0.15815324732102454 0.016592920292168856 0.02946954919025302
0 0.4170353966765106 0.20923379925079644 0.015486725606024265 0.03339882241562009
0 0.43307521962560713 0.2377210301347077 0.03207964589819312 0.06286837160587311
0 0.468473449582234 0.2013752528000623 0.021017699036747217 0.045186642091721296
0 0.4939159273635596 0.20530452602542937 0.021017699036747217 0.045186642091721296
0 0.43362831696867943 0.16699411207810044 0.015486725606024265 0.03536345902830362
0 0.44026548508554697 0.13654224458150566 0.013274336233735085 0.02554027596488595
0 0.4607300867792219 0.13752456288784742 0.012168141547590494 0.027504912577569485
0 0.4701327416114509 0.1532416557893157 0.013274336233735085 0.031434185802936554
0 0.47732300707139075 0.16994106699712574 0.016592920292168856 0.02946954919025302
0 0.5188053078018129 0.17878193175420165 0.015486725606024265 0.03929273225367069
0 0.4845132725313306 0.13359528966248035 0.015486725606024265 0.027504912577569485
0 0.49834070610813797 0.11886051506735384 0.012168141547590494 0.03339882241562009
0 0.5105088476557285 0.13163065304979682 0.014380530919879675 0.03536345902830362
0 0.5243362812325358 0.11984283337369561 0.013274336233735085 0.023575639352202415
0 0.5287610599771142 0.13064833474345505 0.011061946861445904 0.02554027596488595
0 0.5392699094954878 0.13654224458150566 0.012168141547590494 0.02946954919025302
0 0.5282079626340419 0.15815324732102454 0.014380530919879675 0.02554027596488595
0 0.5547566351015121 0.17681729514151812 0.018805309664458036 0.03536345902830362
0 0.5813053075689822 0.16306483885273337 0.016592920292168856 0.04322200547903776
0 0.5719026527367532 0.12671906151808798 0.013274336233735085 0.03339882241562009
0 0.5757743341382593 0.11198428692296147 0.012168141547590494 0.027504912577569485
0 0.6012168119195849 0.10117878555320203 0.009955752175301313 0.02554027596488595
0 0.6017699092626572 0.12475442490540445 0.011061946861445904 0.02946954919025302
0 0.6133849534671754 0.12573674321174622 0.014380530919879675 0.03536345902830362
0 0.6272123870439827 0.10903733200393617 0.011061946861445904 0.02946954919025302
0 0.6382743339054286 0.1110019686166197 0.013274336233735085 0.02554027596488595
0 0.6349557498469949 0.14047151780687273 0.015486725606024265 0.03339882241562009
0 0.6526548648253083 0.10117878555320203 0.013274336233735085 0.03339882241562009
0 0.6653761037159711 0.11001965031027794 0.012168141547590494 0.03536345902830362
0 0.6797566346358508 0.10412574047222733 0.009955752175301313 0.031434185802936554
0 0.6935840682126582 0.11394892353564501 0.013274336233735085 0.03536345902830362
0 0.5785398208536208 0.2436149399727583 0.02654867246747017 0.05893909838050604
0 0.6172566348686814 0.24263262166641653 0.02654867246747017 0.056974461767822504
0 0.6344026525039226 0.19155206973664463 0.023230088409036398 0.045186642091721296
0 0.6598451302852482 0.18172888667322695 0.021017699036747217 0.045186642091721296
0 0.6620575196575373 0.22298625553958118 0.023230088409036398 0.045186642091721296
0 0.6731194665189832 0.26031435118056834 0.023230088409036398 0.056974461767822504
0 0.7212389353662729 0.2377210301347077 0.019911504350602627 0.0510805519297719
0 0.7394911476876587 0.2583497145678848 0.023230088409036398 0.06090373499318957
0 0.7610619440674782 0.24165030336007476 0.022123893722891808 0.04715127870440483
0 0.7920353952795267 0.2819253539200872 0.02876106183975935 0.06483300821855664
0 0.8373893774114549 0.31041258480399847 0.02654867246747017 0.06286837160587311
0 0.8960176957771182 0.3241650410927832 0.02876106183975935 0.07072691805660725
0 0.9308628283906728 0.27210217085666955 0.023230088409036398 0.053045188542455435
0 0.9209070762153715 0.23084480199031532 0.018805309664458036 0.049115915317088366
0 0.8871681382879615 0.22003930062055588 0.015486725606024265 0.03929273225367069
0 0.8617256605066359 0.25442044134251773 0.02433628309518099 0.053045188542455435
0 0.8396017667837441 0.2161100273951888 0.017699114978313446 0.04322200547903776
0 0.7837389351334423 0.20628684433177114 0.016592920292168856 0.03536345902830362
0 0.7466814131475985 0.2013752528000623 0.015486725606024265 0.03732809564098716
0 0.7024336257018149 0.17190570360980928 0.015486725606024265 0.03339882241562009
0 0.7350663689430803 0.17878193175420165 0.014380530919879675 0.03536345902830362
0 0.7571902626659721 0.16011788393370807 0.016592920292168856 0.03732809564098716
0 0.7295353955123574 0.13457760796882212 0.012168141547590494 0.02946954919025302
0 0.7417035370599478 0.13064833474345505 0.012168141547590494 0.02946954919025302
0 0.7511061918921769 0.12966601643711329 0.011061946861445904 0.027504912577569485
0 0.7704645988997072 0.13948919950053096 0.012168141547590494 0.027504912577569485
0 0.7909292005933821 0.12966601643711329 0.011061946861445904 0.027504912577569485
0 0.7970132713671774 0.1532416557893157 0.016592920292168856 0.031434185802936554
0 0.8108407049439847 0.13654224458150566 0.015486725606024265 0.03339882241562009
0 0.8230088464915752 0.12671906151808798 0.013274336233735085 0.03339882241562009
0 0.845132740214467 0.1502947008702904 0.017699114978313446 0.04125736886635423
0 0.8611725631635636 0.17779961344785988 0.016592920292168856 0.03339882241562009
0 0.8362831827253103 0.17190570360980928 0.013274336233735085 0.03339882241562009
0 0.8761061914265156 0.15422397409565747 0.015486725606024265 0.03732809564098716
0 0.903207961237058 0.17681729514151812 0.014380530919879675 0.031434185802936554
0 0.9131637134123594 0.15127701917663217 0.012168141547590494 0.031434185802936554
0 0.9297566337045282 0.18467584159225225 0.014380530919879675 0.031434185802936554
0 0.9402654832229018 0.2043222077190876 0.017699114978313446 0.03536345902830362
0 0.9402654832229018 0.1709233853034675 0.013274336233735085 0.027504912577569485
