0 0.260919539257884 0.3089368370710872 0.14482758566737175 0.22650231944862753
0 0.11379310302436352 0.3428351433831267 0.1149425283074379 0.177195692085661
0 0.45632183738052845 0.39984593127155676 0.08045976981520653 0.11556240788195282
0 0.47298850398510695 0.3667180410120636 0.05402298830449581 0.08320493367500603
0 0.5091954004019499 0.42912174126831815 0.04827586188912392 0.07550077314954251
0 0.588505744934082 0.3705701212747954 0.08045976981520653 0.10323575104121119
0 0.7706896523013711 0.41602466837503016 0.04252873547375202 0.0708782768342644
0 0.8413793072104454 0.409090923902113 0.059770114719867706 0.06009245209861547
0 0.8850574679672718 0.41602466837503016 0.04137931019067764 0.05855161999352276
0 0.8994252840057015 0.37904469785280526 0.03563218377530575 0.04930662736296654
0 0.7413793075829744 0.43682590179378167 0.03678160905838013 0.05701078788843006
