0 0.18421052891062573 0.4555735168978572 0.04709141340572387 0.09369951765984297
0 0.27516159205697477 0.231017776299268 0.020313943037763238 0.03877221420407295
0 0.2982456182362512 0.22697900398634374 0.016620498849079013 0.04038772312924266
0 0.34025854588253424 0.14862682111561298 0.021237304084934294 0.042003232054412365
0 0.3605724889202975 0.19063005317002535 0.015697137801907957 0.04523424990475178
0 0.377654668292962 0.1672051737550646 0.018467220943421125 0.03069466957822442
0 0.3868882787646726 0.24071082985028625 0.020313943037763238 0.04523424990475178
0 0.41735919332131743 0.2415185843128711 0.02216066513210535 0.046849758829921484
0 0.4252077622222714 0.2019386156462133 0.01754385989625007 0.042003232054412365
0 0.4413665805477649 0.21001616027206182 0.02216066513210535 0.03877221420407295
0 0.4279778453637846 0.176090472843498 0.013850415707565844 0.0258481428027153
0 0.43859649740625173 0.1639741559047252 0.0147737767547369 0.03069466957822442
0 0.4233610401279293 0.15266559342853725 0.013850415707565844 0.021001616027206182
0 0.47830102243460715 0.15105008450336754 0.018467220943421125 0.037156705278903246
0 0.4870729523827322 0.19709208887070417 0.01754385989625007 0.03554119635373354
0 0.5055401733261533 0.19709208887070417 0.015697137801907957 0.042003232054412365
0 0.4695290924864821 0.11873990599997342 0.010156971518881619 0.024232633877545595
0 0.4875346329063177 0.07350565609522164 0.012927054660394788 0.024232633877545595
0 0.4972299239016138 0.11712439707480371 0.013850415707565844 0.027463651727885008
0 0.5184672279865481 0.13327948632650077 0.015697137801907957 0.027463651727885008
0 0.5309326021233574 0.12843295955099165 0.011080332566052675 0.024232633877545595
0 0.5480147814960219 0.14781906665302813 0.01754385989625007 0.03069466957822442
0 0.5475531009724364 0.12681745062582195 0.0147737767547369 0.027463651727885008
0 0.5646352803451009 0.16155089251697063 0.013850415707565844 0.03231017850339413
0 0.5951061949017458 0.13731825863942504 0.015697137801907957 0.029079160653054714
0 0.599723000137601 0.11631664261221886 0.013850415707565844 0.02261712495237589
0 0.6191135821281932 0.11631664261221886 0.013850415707565844 0.02261712495237589
0 0.6200369431753643 0.10581583459861577 0.008310249424539506 0.01777059817686677
0 0.6265004705055617 0.14781906665302813 0.013850415707565844 0.024232633877545595
0 0.6481994551140815 0.12681745062582195 0.012927054660394788 0.027463651727885008
0 0.6786703696707264 0.12197092385031283 0.012927054660394788 0.027463651727885008
0 0.7068328816094436 0.1138933792244643 0.012003693613223732 0.024232633877545595
0 0.7479224482085556 0.0775444284081459 0.012927054660394788 0.029079160653054714
0 0.5937211533309892 0.231017776299268 0.020313943037763238 0.03554119635373354
0 0.6518928993027657 0.2326332852244377 0.02216066513210535 0.0516962856054306
0 0.6980609516613185 0.258481428027153 0.02216066513210535 0.054927303455770016
0 0.7151431310339831 0.3279483118094504 0.03231763665098697 0.06462035700678825
0 0.7539242950151674 0.3570274724625051 0.030470914556644857 0.05815832130610943
0 0.7862419316661544 0.3037156779319048 0.023084026179276407 0.05815832130610943
0 0.7580794197274372 0.2520193923264742 0.024007387226447463 0.0516962856054306
0 0.730840268835891 0.2261712495237589 0.023084026179276407 0.04523424990475178
0 0.7169898531283252 0.1809369996190071 0.01754385989625007 0.03877221420407295
0 0.7049861595151015 0.16478191036731005 0.015697137801907957 0.03877221420407295
0 0.7326869909302332 0.17124394606798887 0.013850415707565844 0.03554119635373354
0 0.7456140455906279 0.20274637010879815 0.01754385989625007 0.04038772312924266
0 0.7908587369020097 0.2399030753877014 0.021237304084934294 0.03392568742856383
0 0.7770083211944439 0.1550888568162918 0.015697137801907957 0.02261712495237589
0 0.7968605837086216 0.1655896648298949 0.012927054660394788 0.027463651727885008
0 0.8000923473737203 0.1397415220271796 0.012003693613223732 0.027463651727885008
0 0.8439519971143454 0.15831987466663122 0.0147737767547369 0.03554119635373354
0 0.8559556907275692 0.14620355772785842 0.012927054660394788 0.027463651727885008
0 0.8319483035011217 0.19466882548294961 0.018467220943421125 0.04038772312924266
0 0.8716528285294771 0.18012924515642226 0.012927054660394788 0.03392568742856383
0 0.869806106435135 0.2294022673740983 0.018467220943421125 0.03231017850339413
0 0.844413677637931 0.2504038834013045 0.01939058199059218 0.04523424990475178
0 0.8988919794210233 0.2140549325849861 0.01754385989625007 0.04038772312924266
0 0.8988919794210233 0.18497577193193138 0.015697137801907957 0.037156705278903246
0 0.9072022288455628 0.17124394606798887 0.015697137801907957 0.03554119635373354
0 0.9155124782701023 0.15831987466663122 0.013850415707565844 0.029079160653054714
0 0.9464450733503327 0.16155089251697063 0.012927054660394788 0.029079160653054714
0 0.9376731434022076 0.26332795480266213 0.01754385989625007 0.042003232054412365
0 0.9261311303125694 0.20840065134689212 0.0147737767547369 0.03877221420407295
0 0.9104339925106615 0.3933764232788235 0.024007387226447463 0.0500807766802609
0 0.886426605284214 0.26817448157817125 0.018467220943421125 0.03877221420407295
0 0.6278855120763183 0.1777059817686677 0.016620498849079013 0.03231017850339413
