0 0.22619047929765657 0.5110803181305528 0.04444444505497813 0.09141273982822895
0 0.4246031804359518 0.22299168352037668 0.01746031770016998 0.030470913276076317
0 0.45515873641124927 0.24515234772115946 0.02619047655025497 0.041551245376467705
0 0.4285714344587177 0.2735456987284124 0.023809524136595428 0.037396120838820934
0 0.4873015939956531 0.31925206864252687 0.02698412735480815 0.0650969510897994
0 0.5448412773257587 0.35734071023762226 0.027777778159361333 0.0470914114266634
0 0.8103174714487977 0.21329639293253422 0.023809524136595428 0.07479224167764187
0 0.8865079486859031 0.22783932881429791 0.020634920918382704 0.045706369914114475
0 0.7503968357050326 0.1627423777244985 0.023015873332042247 0.03462603781372309
0 0.7210317559365649 0.15304708713665605 0.0166666668956168 0.03185595478862524
