0 0.07882462503039278 0.3864774511894211 0.03264925297116861 0.06176961422897875
0 0.28078357555205 0.24540900788269937 0.014925372786819935 0.03338898066431284
0 0.3003731273347512 0.24373955884948373 0.014925372786819935 0.04006677679717541
0 0.3087686495273374 0.2587646001484245 0.016791044385172427 0.03672787873074412
0 0.3619402900803834 0.25626042659860104 0.02052238758187741 0.038397327763959765
0 0.3759328270680271 0.2420701098162681 0.016791044385172427 0.03338898066431284
0 0.3819962597626727 0.2821368866134435 0.021455223381053656 0.04340567486360669
0 0.3880596924573183 0.1786310465540737 0.016791044385172427 0.030050082597881556
0 0.4067164084408432 0.1869782917201519 0.01865671598352492 0.03338898066431284
0 0.4291044676210731 0.17195325042121112 0.02052238758187741 0.04006677679717541
0 0.4486940194037743 0.21786309883464128 0.01865671598352492 0.038397327763959765
0 0.4524253626004793 0.17779632203746587 0.014925372786819935 0.038397327763959765
0 0.4710820785840042 0.18196994462050498 0.016791044385172427 0.03672787873074412
0 0.47667909337906167 0.22871451755054295 0.022388059180229902 0.04006677679717541
0 0.4729477501823567 0.13606009620707482 0.013059701188467443 0.028380633564665914
0 0.48274252607370727 0.14607679040636867 0.01585820858599618 0.028380633564665914
0 0.5065298389527015 0.1794657710706815 0.01865671598352492 0.04173622583039105
0 0.5317164055304602 0.1869782917201519 0.02052238758187741 0.04006677679717541
0 0.5457089425181039 0.16944907687138766 0.016791044385172427 0.038397327763959765
0 0.5055970031535253 0.12270450394134969 0.014925372786819935 0.028380633564665914
0 0.519589540141169 0.1393989942735061 0.011194029590114951 0.02504173549823463
0 0.5289178981329314 0.14941568847279996 0.016791044385172427 0.028380633564665914
0 0.5676305837987456 0.17028380138799548 0.017723880184348673 0.03672787873074412
0 0.5503731215139851 0.1235392284579575 0.013059701188467443 0.02671118453145027
0 0.5620335690036882 0.12020033039152622 0.013992536987643689 0.023372286465018988
0 0.5825559565855656 0.13355592265725136 0.01585820858599618 0.03338898066431284
0 0.5932835682760924 0.11352253425866365 0.011194029590114951 0.030050082597881556
0 0.5979477472719736 0.09599331940989941 0.011194029590114951 0.021702837431803346
0 0.6152052095567342 0.12437395297456533 0.010261193790938705 0.02504173549823463
0 0.6277984928456135 0.14607679040636867 0.014925372786819935 0.0317195316310972
0 0.6413246119336691 0.11018363619223237 0.012126865389291197 0.03338898066431284
0 0.6483208804274909 0.09682804392650723 0.013059701188467443 0.02671118453145027
0 0.6655783427122515 0.10767946264240891 0.010261193790938705 0.0317195316310972
0 0.6581156563188415 0.12437395297456533 0.010261193790938705 0.02504173549823463
0 0.7080223715747707 0.10016694199293852 0.011194029590114951 0.030050082597881556
0 0.6553171489213128 0.16611017880495638 0.021455223381053656 0.04507512389682233
0 0.5116604358481709 0.28380633564665914 0.02518656657775864 0.05676126712933183
0 0.5657649122003932 0.29298830532934517 0.023320894979406148 0.0517529200296849
0 0.5792910312884487 0.23789648723322898 0.024253730778582394 0.038397327763959765
0 0.6305970002431422 0.2387312117498368 0.02052238758187741 0.03338898066431284
0 0.6366604329377878 0.293823029845953 0.027052238176111132 0.05008347099646926
0 0.6310634181427304 0.19699498591944575 0.01585820858599618 0.04006677679717541
0 0.6576492384192534 0.21202002721838653 0.01865671598352492 0.04006677679717541
0 0.6795708796998952 0.15275458653923124 0.017723880184348673 0.038397327763959765
0 0.7038246104784776 0.16527545428834856 0.01585820858599618 0.04006677679717541
0 0.7271455054578837 0.16026710718870163 0.017723880184348673 0.03338898066431284
0 0.7308768486545887 0.19699498591944575 0.019589551782701164 0.04340567486360669
0 0.7061566999764182 0.22454089496750385 0.01865671598352492 0.04173622583039105
0 0.7355410276504699 0.24457428336609155 0.021455223381053656 0.04841402196325362
0 0.6958955061854795 0.303004999528639 0.02985074557363987 0.06176961422897875
0 0.7462686393409967 0.36477461375761777 0.03171641717199236 0.07512520649470389
0 0.7826492355088703 0.29298830532934517 0.02985074557363987 0.06176961422897875
0 0.819496249576332 0.34808012342546135 0.0345149245695211 0.05843071616254747
0 0.7649253553245217 0.21368947625160217 0.022388059180229902 0.05676126712933183
0 0.7868469966051634 0.1944908123696223 0.019589551782701164 0.04507512389682233
0 0.8157649063796271 0.2462437323993072 0.021455223381053656 0.04841402196325362
0 0.8302238612668589 0.19949915946926922 0.016791044385172427 0.04507512389682233
0 0.8120335631829221 0.13772954524029046 0.013992536987643689 0.03505842969752848
0 0.7863805787055753 0.1393989942735061 0.014925372786819935 0.0317195316310972
0 0.7672574448224623 0.12520867749117315 0.013992536987643689 0.030050082597881556
0 0.7392723708471749 0.13355592265725136 0.01585820858599618 0.03672787873074412
0 0.7444029677426443 0.11352253425866365 0.014925372786819935 0.030050082597881556
0 0.8558768457442056 0.28380633564665914 0.021455223381053656 0.05676126712933183
0 0.9193096800881904 0.41235391120426357 0.03824626776622608 0.07345575746148825
0 0.9113805757951923 0.2871452337130904 0.024253730778582394 0.05676126712933183
0 0.8731343080289662 0.20617695560213178 0.01865671598352492 0.03505842969752848
0 0.8554104278446175 0.16444072977174073 0.013059701188467443 0.03505842969752848
0 0.8586753531417344 0.14106844330672175 0.012126865389291197 0.028380633564665914
0 0.8670708753343206 0.12437395297456533 0.013992536987643689 0.0317195316310972
0 0.8330223686643876 0.13355592265725136 0.014925372786819935 0.03338898066431284
0 0.8899253524141386 0.18614356720354408 0.016791044385172427 0.0317195316310972
0 0.8941231135104317 0.1594323826720938 0.013992536987643689 0.0317195316310972
0 0.9053171431005467 0.1469115149229765 0.012126865389291197 0.030050082597881556
0 0.9319029633770697 0.16026710718870163 0.011194029590114951 0.023372286465018988
0 0.9235074411844835 0.20534223108552396 0.01865671598352492 0.03672787873074412
0 0.9207089337869547 0.25709515111520886 0.016791044385172427 0.03672787873074412
