0 0.7739583736984059 0.6499999884981662 0.11666667275130749 0.22037036647088826
0 0.8723958788323216 0.6231481371214613 0.10416667209938169 0.16296296007931232
0 0.9661458837217651 0.6277777666691691 0.0677083368645981 0.15370370098389685
0 0.6682292015175335 0.6050925818854012 0.03020833490882069 0.06944444321561605
0 0.6406250334111974 0.6060185077949427 0.020833334419876337 0.04907407320570201
0 0.6127604486246128 0.587037026649341 0.01614583417540416 0.0351851845625788
0 0.5815104469947983 0.5712962861871347 0.03281250171130523 0.0666666654869914
0 0.6817708688904531 0.5990740634733811 0.02291666786186397 0.05555555457249284
0 0.5565104456909467 0.6365740628098138 0.05885416973615065 0.11574073869269341
0 0.509114609885728 0.5865740636945702 0.0432291689212434 0.08981481322553009
0 0.4828125251806341 0.5745370268705301 0.03020833490882069 0.06203703593928367
0 0.45026044014957733 0.56851850845851 0.024479167943354696 0.05185185093432665
0 0.44453127318411134 0.64629628486 0.07031250366708264 0.1388888864312321
0 0.4020833543036133 0.5782407305086963 0.03750000195577741 0.07314814685378224
0 0.34713543477118947 0.6060185077949427 0.05677083629416302 0.10462962777819484
0 0.3414062678057235 0.5495370273129083 0.041145835479255766 0.07685185049194843
0 0.27265626422013156 0.5791666564182378 0.038020835316274315 0.087962961406447
0 0.21354167780373245 0.5569444345892407 0.028125001466833055 0.04907407320570201
0 0.17890625933068804 0.5833333230111748 0.0432291689212434 0.08148148003965616
0 0.1046875054598786 0.558333323453553 0.03229166835080832 0.0685185173060745
