0 0.08437500125728548 0.8021076949080452 0.11562500172294676 0.19906322355382144
0 0.05390625080326572 0.6873536013299599 0.07968750118743628 0.128805615240708
0 0.18515625275904313 0.7716627313056961 0.07968750118743628 0.12412177468650043
0 0.2210937532945536 0.6498828768962994 0.0703125010477379 0.11007025302387774
0 0.2984375044470653 0.825526897679083 0.1531250022817403 0.26463699131272733
0 0.37734375562286004 0.7529273690888658 0.09531250142026693 0.17564402078278363
0 0.3929687558556907 0.6791568803600967 0.07968750118743628 0.13114753551781178
0 0.5132812576484866 0.46838405542075634 0.06406250095460564 0.12177985440939665
0 0.47265625704312697 0.7330210467334837 0.07343750109430403 0.14988289773464203
0 0.5500000081956387 0.8091334557393566 0.10000000149011612 0.203747064108029
0 0.5570312583004124 0.686182641191408 0.09843750146683306 0.14519905718043447
0 0.6453125096159056 0.686182641191408 0.06250000093132257 0.11709601385518909
0 0.6867187602329068 0.7060889635467902 0.07968750118743628 0.128805615240708
0 0.6906250102911144 0.8138172962935641 0.15625000232830644 0.18969554244540632
0 0.703125010477379 0.9180327486246824 0.14687500218860805 0.16393441939726472
0 0.8718750129919499 0.912177947931923 0.19375000288709998 0.17564402078278363
0 0.8421875125495717 0.7798594522755593 0.12812500190921128 0.1920374627225101
0 0.8578125127824023 0.6733020796673372 0.0656250009778887 0.1147540935780853
0 0.8148437621421181 0.6615924782818183 0.05468750081490725 0.10538641246967018
0 0.9000000134110451 0.7540983292274177 0.08437500125728548 0.17330210050567985
