0 0.0890748028177768 0.2336860599461943 0.012795275542885065 0.029982362408190966
0 0.11368110193870962 0.2557319146580994 0.016732283402234316 0.028218694031238556
0 0.14616141677834094 0.2336860599461943 0.016732283402234316 0.029982362408190966
0 0.16092519625090063 0.35008817282505333 0.030511810909956694 0.0723104034550488
0 0.18799212528392673 0.3262786497361958 0.027559055015444756 0.06701939832419157
0 0.2795275580137968 0.22134038130752742 0.013779527507722378 0.026455025654286146
0 0.3415354317985475 0.20987653685733676 0.015748031437397003 0.024691357277333736
0 0.34547243965789676 0.24250440183095634 0.01771653536707163 0.033509699162095785
0 0.38041338440962136 0.1798941744491458 0.028543306980282068 0.05643738806247711
0 0.3937007859349251 0.19400352146476507 0.015748031437397003 0.031746030785143375
0 0.4094488173723221 0.2698412616737187 0.019685039296746254 0.042328041046857834
0 0.4237204708624631 0.14197530434466898 0.012795275542885065 0.022927688900381327
0 0.428149604704231 0.180776008637622 0.013779527507722378 0.029982362408190966
0 0.44045275426469743 0.215167541988194 0.01870078733190894 0.042328041046857834
0 0.4699803132098168 0.18694884795695543 0.020669291261583567 0.031746030785143375
0 0.49753936822526157 0.22486771806143224 0.022637795191258192 0.040564372669905424
0 0.4714566911570728 0.13051145989447832 0.011811023578047752 0.024691357277333736
0 0.49311023438349366 0.12345678638666868 0.011811023578047752 0.021164020523428917
0 0.5231299193110317 0.12345678638666868 0.01082677161321044 0.021164020523428917
0 0.5265748011879623 0.06349206157028675 0.011811023578047752 0.024691357277333736
0 0.542814958607778 0.1278659573290497 0.012795275542885065 0.019400352146476507
0 0.5108267697505653 0.1825396770145744 0.015748031437397003 0.033509699162095785
0 0.5433070845901966 0.2001763607840985 0.01771653536707163 0.037037035916000605
0 0.587106297025457 0.17107583256438375 0.016732283402234316 0.031746030785143375
0 0.5939960607793182 0.1437389727216214 0.012795275542885065 0.026455025654286146
0 0.5777559033595026 0.12345678638666868 0.011811023578047752 0.024691357277333736
0 0.5949803127441555 0.11728394706733525 0.01082677161321044 0.022927688900381327
0 0.6033464544452727 0.1093474393710494 0.011811023578047752 0.024691357277333736
0 0.6328740133903921 0.1084656051825732 0.011811023578047752 0.022927688900381327
0 0.6363188952673227 0.13668429921381176 0.01476377947255969 0.029982362408190966
0 0.6806102336850017 0.11816578125581145 0.012795275542885065 0.024691357277333736
0 0.686023619491607 0.10052909748628736 0.011811023578047752 0.021164020523428917
0 0.6441929109860212 0.19135801889933646 0.01870078733190894 0.040564372669905424
0 0.6304133834782988 0.2566137488465756 0.01870078733190894 0.040564372669905424
0 0.6564960605464876 0.26278658816590905 0.023622047156095505 0.04585537780076265
0 0.6092519662342966 0.26543209073133767 0.02165354322642088 0.037037035916000605
0 0.5821850372012705 0.2733685984276235 0.022637795191258192 0.042328041046857834
0 0.7027559028938413 0.16754849581047893 0.015748031437397003 0.031746030785143375
0 0.7342519657686353 0.13844796759076416 0.013779527507722378 0.029982362408190966
0 0.7534448790829629 0.13315696245990694 0.01082677161321044 0.022927688900381327
0 0.7391732255928218 0.1816578428260982 0.015748031437397003 0.031746030785143375
0 0.7012795249465853 0.21075837104581296 0.01870078733190894 0.033509699162095785
0 0.7180118083488196 0.22222221549600363 0.016732283402234316 0.035273367539048195
0 0.7298228319268674 0.26102291978895664 0.022637795191258192 0.04938271455466747
0 0.7613188948016614 0.2671957591082901 0.020669291261583567 0.040564372669905424
0 0.7913385797291994 0.28306877450086176 0.023622047156095505 0.05114638293161988
0 0.8331692882347852 0.2328042257577181 0.01476377947255969 0.035273367539048195
0 0.844980311812833 0.21164020523428917 0.01476377947255969 0.031746030785143375
0 0.8508858236018568 0.18871251633390784 0.01476377947255969 0.031746030785143375
0 0.8297244063578546 0.17019399837590754 0.013779527507722378 0.029982362408190966
0 0.8631889731623232 0.27689593518152833 0.01771653536707163 0.04938271455466747
0 0.8469488157425076 0.31922397622838616 0.022637795191258192 0.04938271455466747
0 0.9114173194393516 0.34920633863657713 0.019685039296746254 0.06349206157028675
0 0.9271653508767486 0.3121693027205765 0.019685039296746254 0.04938271455466747
0 0.9192913351580501 0.258377417223528 0.015748031437397003 0.040564372669905424
0 0.887795272283256 0.23015872319228947 0.015748031437397003 0.037037035916000605
0 0.9340551146306098 0.22222221549600363 0.013779527507722378 0.028218694031238556
0 0.9438976342789829 0.20899470266886055 0.013779527507722378 0.029982362408190966
0 0.9389763744547963 0.18959435052238405 0.013779527507722378 0.029982362408190966
0 0.19340551109053195 0.4365079232957214 0.04035433055832982 0.07936507696285844
