0 0.3606249919394031 0.7325000177370384 0.11374999745748937 0.15833333716727793
0 0.2637499941047281 0.6466666823253036 0.09749999782070518 0.11000000266358256
0 0.178124996018596 0.5666666803881526 0.07374999835155904 0.09666666900739074
0 0.07312499836552888 0.535000012954697 0.0712499984074384 0.09000000217929482
0 0.042499999050050974 0.4908333452185616 0.03749999916180968 0.05500000133179128
0 0.012499999720603228 0.5100000123493373 0.02249999949708581 0.07000000169500709
0 0.19624999561347067 0.4200000101700425 0.024999999441206455 0.04000000096857548
0 0.24187499459367245 0.43166667711921036 0.028749999357387424 0.04666666779667139
0 0.25812499423045665 0.4525000109570101 0.023749999469146132 0.041666667675599456
0 0.3256249927217141 0.460000011138618 0.03124999930150807 0.0533333346247673
0 0.3512499921489507 0.46416667790617794 0.029999999329447746 0.051666667917743325
0 0.3768749915761873 0.48583334509748966 0.038749999133870006 0.05833333474583924
0 0.4406249901512638 0.5108333457028493 0.04874999891035259 0.06833333498798311
0 0.5093749886145815 0.536666679661721 0.04124999907799065 0.08333333535119891
0 0.37812499154824764 0.4141666766954586 0.026249999413266778 0.03500000084750354
0 0.3624999918974936 0.4116666766349226 0.019999999552965164 0.03666666755452752
0 0.4318749903468415 0.4300000104121864 0.028749999357387424 0.04000000096857548
0 0.4806249892571941 0.4283333437051624 0.03124999930150807 0.05000000121071935
0 0.4818749892292544 0.3966666762717068 0.021249999525025487 0.03666666755452752
0 0.5262499882373959 0.39416667621117085 0.02249999949708581 0.03500000084750354
0 0.557499987538904 0.4075000098673627 0.024999999441206455 0.04833333450369537
0 0.5331249880837277 0.4441666774218902 0.03124999930150807 0.0383333342615515
0 0.5974999866448343 0.45500001101754606 0.03499999921768904 0.05000000121071935
0 0.6399999856948853 0.537500013015233 0.0549999987706542 0.07833333523012698
0 0.6618749852059409 0.46333334455266595 0.04124999907799065 0.06333333486691117
0 0.7249999837949872 0.42500001029111445 0.0274999993853271 0.043333334382623434
0 0.7487499832641333 0.4666666779667139 0.042499999050050974 0.05666666803881526
0 0.8143749817973003 0.42500001029111445 0.038749999133870006 0.05666666803881526
0 0.8299999814480543 0.48583334509748966 0.05749999871477485 0.07500000181607902
0 0.8862499801907688 0.44166667736135423 0.042499999050050974 0.06666666828095913
0 0.9593749785562977 0.49416667863260955 0.06374999857507646 0.0916666688863188
0 0.9849999779835343 0.44750001083593816 0.029999999329447746 0.051666667917743325
