0 0.03728070203214884 0.3369140625 0.04605263192206621 0.080078125
0 0.0794956146273762 0.388671875 0.04934210563078523 0.09765625
0 0.19846491375938058 0.3740234375 0.035087719559669495 0.068359375
0 0.2247807034291327 0.4609375 0.05263157933950424 0.10546875
0 0.24232456320896745 0.3095703125 0.030701754614710808 0.068359375
0 0.29605263378471136 0.29296875 0.024122807197272778 0.0546875
0 0.31853070412762463 0.3447265625 0.027412280905991793 0.052734375
0 0.35087719559669495 0.3759765625 0.04385964944958687 0.076171875
0 0.3760964940302074 0.458984375 0.06798245664685965 0.12109375
0 0.40296052931807935 0.3525390625 0.03399122832342982 0.068359375
0 0.42763158213347197 0.3125 0.02631578966975212 0.05859375
0 0.45614035427570343 0.3828125 0.04605263192206621 0.078125
0 0.5433114075567573 0.37109375 0.04495614068582654 0.078125
0 0.5723684253171086 0.322265625 0.030701754614710808 0.0625
0 0.6233552678022534 0.283203125 0.029605263378471136 0.0546875
0 0.6408991275820881 0.353515625 0.053728070575743914 0.1171875
0 0.6255482502747327 0.47265625 0.08223684271797538 0.16015625
0 0.7483552687335759 0.38671875 0.060307017993181944 0.1171875
0 0.9462719368748367 0.2451171875 0.03728070203214884 0.080078125
