0 0.10234375152504072 0.35000001825392246 0.1140625016996637 0.17708334256894886
0 0.17460937760188244 0.26145834696944803 0.055468750826548785 0.08750000456348062
0 0.24453125364379957 0.28177084802882746 0.06250000093132257 0.09687500505242497
0 0.352343755250331 0.23750001238659024 0.03906250058207661 0.06875000358559191
0 0.4019531309895683 0.41041668807156384 0.13515625201398507 0.20625001075677574
0 0.4515625067288056 0.26197918032994494 0.0437500006519258 0.07812500407453626
0 0.5156250076834112 0.28020834794733673 0.07812500116415322 0.11875000619329512
0 0.5667968834459316 0.33020835055503994 0.07421875110594556 0.12083333963528275
0 0.6421875095693395 0.44114585634088144 0.15000000223517418 0.2281250118976459
0 0.6207031342491973 0.25052084639901295 0.03671875054715201 0.061458336538635194
0 0.6734375100350007 0.25729168008547276 0.051562500768341124 0.07708333735354245
0 0.7550781362515409 0.30000001564621925 0.08671875129221007 0.13958334061317146
0 0.8390625125030056 0.295833348762244 0.051562500768341124 0.09375000488944352
0 0.9640625143656507 0.2661458472139202 0.05625000083819032 0.10312500537838787
0 0.9492187641444616 0.5614583626156673 0.10156250151339918 0.23750001238659024
