0 0.07979184878058732 0.5867051891982555 0.034692108165472746 0.045086704194545746
0 0.083694710949203 0.5624277330935001 0.03209020005306229 0.03583814948797226
0 0.21118820845731534 0.493063572794199 0.04596704331925139 0.06589595228433609
0 0.7619254255841952 0.5988439172506332 0.030355594644788653 0.053179189562797546
0 0.8091934229596518 0.5872832238674164 0.022549870307557285 0.04393063485622406
0 0.8252385229861829 0.6028901599347591 0.03382480546133593 0.058959536254405975
0 0.8720728690095711 0.5843930505216122 0.03382480546133593 0.042774565517902374
0 0.8690373095450923 0.6341040320694447 0.034692108165472746 0.045086704194545746
0 0.9488291583256796 0.573988426476717 0.024284475715830922 0.03583814948797226
0 0.9765828448580578 0.5878612585365772 0.034692108165472746 0.045086704194545746
0 0.949262809677748 0.544508658349514 0.014744145970325917 0.03005780279636383
0 0.9735472853935789 0.5549132823944092 0.01994796219514683 0.02774566411972046
0 0.9666088637604844 0.5387283116579056 0.011274935153778642 0.020809248089790344
0 0.9293148474826012 0.5531791783869267 0.01821335678687319 0.03352601081132889
0 0.9223764258495066 0.5393063463270664 0.014744145970325917 0.0242774561047554
0 0.8989592528378125 0.5578034557402134 0.01821335678687319 0.028901733458042145
0 0.8959236933733337 0.5358381383121014 0.017346054082736373 0.02196531742811203
0 0.8603642825037241 0.5485549010336399 0.020815264899283648 0.03583814948797226
0 0.8469210905896034 0.5641618371009827 0.01821335678687319 0.02774566411972046
0 0.8386817149003036 0.5398843809962273 0.015611448674462736 0.025433525443077087
0 0.8287077338027302 0.5583814904093742 0.01994796219514683 0.03005780279636383
0 0.8148308905365411 0.5514450743794441 0.016478751378599554 0.025433525443077087
0 0.8152645418886095 0.5381502769887447 0.017346054082736373 0.02196531742811203
0 0.7758022688503843 0.5069364048540592 0.01300954056205228 0.017341040074825287
0 0.7285342714749277 0.577456634491682 0.020815264899283648 0.040462426841259
0 0.7111882173921913 0.5606936290860176 0.020815264899283648 0.03005780279636383
0 0.6942758146615233 0.5537572130560875 0.016478751378599554 0.025433525443077087
0 0.6764961092267185 0.5502890050411224 0.015611448674462736 0.020809248089790344
0 0.6452732118777931 0.5728323571383953 0.01908065949101001 0.03352601081132889
0 0.6821335768036079 0.5884392932057381 0.028620989236515015 0.036994218826293945
0 0.7424111147411168 0.5491329357028008 0.010407632449641824 0.018497109413146973
0 0.6183868280495517 0.5728323571383953 0.022549870307557285 0.03583814948797226
0 0.5832610685320105 0.5884392932057381 0.028620989236515015 0.04161849617958069
0 0.5524718225351535 0.5878612585365772 0.027753686532378197 0.03583814948797226
0 0.5650477117451373 0.5635838024318218 0.021682567603420466 0.031213872134685516
0 0.5424978414375801 0.5624277330935001 0.016478751378599554 0.026589594781398773
0 0.528620998171391 0.5601155944168568 0.016478751378599554 0.026589594781398773
0 0.511708595440723 0.5502890050411224 0.013876843266189098 0.020809248089790344
0 0.5030355683993548 0.5682080797851086 0.020815264899283648 0.03352601081132889
0 0.48525586296455003 0.5676300451159477 0.016478751378599554 0.0323699414730072
0 0.26322637070552446 0.5433525890111923 0.007805724337231368 0.011560693383216858
0 0.25802255448070355 0.5381502769887447 0.007805724337231368 0.015028901398181915
0 0.28230703019653447 0.5456647276878357 0.007805724337231368 0.01387283205986023
0 0.2918473599420395 0.5497109703719616 0.009540329745505005 0.015028901398181915
0 0.3026886437437497 0.5375722423195839 0.008673027041368186 0.020809248089790344
0 0.3074588086165022 0.5479768663644791 0.007805724337231368 0.011560693383216858
0 0.30919341402477585 0.5589595250785351 0.009540329745505005 0.017341040074825287
0 0.3174327897140756 0.552023109048605 0.012142237857915461 0.017341040074825287
0 0.32827407351578586 0.5497109703719616 0.007805724337231368 0.012716762721538544
0 0.3399826600216329 0.5514450743794441 0.010407632449641824 0.0161849707365036
0 0.35125759517541155 0.5497109703719616 0.012142237857915461 0.01965317875146866
0 0.34605377895059064 0.552023109048605 0.010407632449641824 0.017341040074825287
0 0.363399833033327 0.5508670397102833 0.012142237857915461 0.02196531742811203
0 0.3759757222433109 0.5560693517327309 0.01300954056205228 0.023121386766433716
0 0.39809194119879976 0.544508658349514 0.013876843266189098 0.020809248089790344
0 0.3863833546929527 0.5537572130560875 0.009540329745505005 0.020809248089790344
0 0.41240243581705727 0.5497109703719616 0.011274935153778642 0.01965317875146866
0 0.42541197637910955 0.5549132823944092 0.011274935153778642 0.023121386766433716
0 0.4332177007163409 0.5485549010336399 0.01300954056205228 0.02196531742811203
0 0.43408500342047773 0.5653179064393044 0.014744145970325917 0.03005780279636383
0 0.4501301034470089 0.5722543224692345 0.01908065949101001 0.0323699414730072
0 0.49132698189350776 0.5393063463270664 0.0060711189289577305 0.015028901398181915
