0 0.17250000819331035 0.40035586862359196 0.05300000251736492 0.12455515912733972
0 0.34000001614913344 0.49021351913688704 0.06400000303983688 0.12633451854344457
0 0.3680000174790621 0.2313167240936309 0.02200000104494393 0.04626334481872618
0 0.4115000195452012 0.2010676140198484 0.017000000807456672 0.03914590715430677
0 0.43000002042390406 0.22330960672115907 0.01600000075995922 0.037366547738201916
0 0.446500021207612 0.254448396502994 0.02300000109244138 0.042704625986516476
0 0.47050002234755084 0.23309608350973576 0.021000000997446477 0.03558718832209706
0 0.4800000227987766 0.19572953577153385 0.020000000949949026 0.042704625986516476
0 0.5890000279759988 0.10409252584213391 0.012000000569969416 0.026690391241572797
0 0.605000028735958 0.10587188525823876 0.012000000569969416 0.019572953577153385
0 0.6405000304221176 0.11565836204681545 0.013000000617466867 0.02846975065767765
0 0.6690000317757949 0.10943060409044847 0.01600000075995922 0.026690391241572797
0 0.6000000284984708 0.2179715284728445 0.02200000104494393 0.04448398540262133
0 0.641500030469615 0.2375444820499979 0.02300000109244138 0.05160142306704074
