0 0.07500000181607902 0.44862155127339065 0.04666666779667139 0.07518796948716044
0 0.08500000205822289 0.4235588947776705 0.043333334382623434 0.07017543818801641
0 0.1616666705813259 0.4423558871494606 0.04000000096857548 0.06265664123930037
0 0.12333333631977439 0.505012528388761 0.05000000121071935 0.09273182903416455
0 0.16333333728834987 0.3897243085084483 0.04000000096857548 0.05263157864101231
0 0.25583333952818066 0.41729323065374047 0.031666667433455586 0.05263157864101231
0 0.35666667530313134 0.4223057619528845 0.033333334140479565 0.05263157864101231
0 0.47916667826939374 0.43483709020074457 0.031666667433455586 0.04761904734186828
0 0.5108333457028493 0.4097744337050244 0.02833333401940763 0.04761904734186828
0 0.48000001162290573 0.3696741833118722 0.030000000726431608 0.05764410994015634
0 0.5641666803276166 0.4185463634785265 0.025000000605359674 0.04511278169229627
0 0.5808333473978564 0.4022556367563084 0.031666667433455586 0.05263157864101231
0 0.6675000161631033 0.3872180428588763 0.03500000084750354 0.06265664123930037
0 0.7266666842624545 0.43107769172638655 0.030000000726431608 0.060150375589728355
0 0.7775000188266858 0.4248120276024565 0.0383333342615515 0.07268170383758843
0 0.8266666866838932 0.4398496214998886 0.05000000121071935 0.07769423513673246
0 0.8791666879551485 0.44611528562381864 0.051666667917743325 0.08020050078630447
0 0.9458333562361076 0.43107769172638655 0.07166666840203106 0.10025062598288059
