0 0.14333333680406213 0.4703557500615716 0.0533333346247673 0.10671937186270952
0 0.1755555598065257 0.42490120278671384 0.035555556416511536 0.07509881723672152
0 0.24833333934657276 0.4466403340920806 0.05222222348675132 0.09881423320621252
0 0.2661111175548285 0.41798420646227896 0.03444444527849555 0.07312253257259727
0 0.3433333416469395 0.4822134580463171 0.055555556900799274 0.12252964917570353
0 0.38500000932253897 0.4832016003783792 0.03222222300246358 0.07312253257259727
0 0.35611111973412335 0.40513835614547133 0.03222222300246358 0.05928853992372751
0 0.43277778825722635 0.41403163713403046 0.03666666755452752 0.07707510190084577
0 0.458888900000602 0.489130454370752 0.04444444552063942 0.11660079518333077
0 0.4766666782088578 0.4624506114050746 0.031111111864447594 0.07905138656497002
0 0.5077777900733054 0.4239130604546517 0.02666666731238365 0.06126482458785176
0 0.537777790799737 0.46837946539744735 0.028888889588415623 0.06324110925197601
0 0.5727777916472405 0.45652175741270185 0.047777778934687376 0.11462451051920652
0 0.5994444589596242 0.4752964617218822 0.025555556174367666 0.05335968593135476
0 0.610555570339784 0.42193677579052746 0.025555556174367666 0.06126482458785176
0 0.6583333492744714 0.4703557500615716 0.05222222348675132 0.10276680253446102
0 0.765555574093014 0.4545454727485776 0.04888889007270336 0.11462451051920652
0 0.8205555754248053 0.32707511191256344 0.03444444527849555 0.06916996324434876
0 0.7516666848678142 0.3339921082369983 0.025555556174367666 0.05928853992372751
0 0.7100000171922147 0.33992096222937107 0.02666666731238365 0.06324110925197601
0 0.6666666828095913 0.3379446775652468 0.028888889588415623 0.07114624790847301
0 0.6311111263930798 0.3300395389087498 0.02444444503635168 0.05928853992372751
0 0.6022222368046641 0.3339921082369983 0.028888889588415623 0.06324110925197601
0 0.5455555687658489 0.3013834112789482 0.02666666731238365 0.05731225525960326
0 0.4911111230030656 0.29545455728657544 0.031111111864447594 0.07707510190084577
0 0.44666667748242617 0.31521740392781794 0.031111111864447594 0.06126482458785176
0 0.39277778728865087 0.3092885499354452 0.03222222300246358 0.06521739391610026
0 0.3138888964895159 0.3063241229392588 0.03444444527849555 0.06719367858022451
0 0.24277778365649283 0.2737154259812087 0.03444444527849555 0.06521739391610026
0 0.15055555920116603 0.2934782726224512 0.05000000121071935 0.08893280988559127
0 0.09555555786937475 0.17094862344674766 0.03777777869254351 0.08498024055734277
0 0.1827777822036296 0.15810277312994003 0.03888888983055949 0.07114624790847301
0 0.24611111707054079 0.17391305044293404 0.03444444527849555 0.07114624790847301
0 0.31611111876554787 0.16304348479025066 0.03444444527849555 0.08102767122909427
0 0.383888898184523 0.20454546273685992 0.025555556174367666 0.06916996324434876
0 0.44722223305143416 0.20849803206510842 0.03444444527849555 0.06916996324434876
0 0.4983333454001695 0.20553360506892204 0.03222222300246358 0.06324110925197601
0 0.5427777909208089 0.22628459404222667 0.027777778450399637 0.06521739391610026
0 0.5800000140443444 0.22529645171016455 0.02666666731238365 0.06324110925197601
0 0.6383333487901837 0.20553360506892204 0.030000000726431608 0.06324110925197601
0 0.6755555719137192 0.2154150283895433 0.028888889588415623 0.05928853992372751
0 0.7200000174343586 0.21640317072160542 0.028888889588415623 0.06521739391610026
0 0.7994444638025016 0.20948617439717054 0.03222222300246358 0.05928853992372751
