0 0.15551839338149875 0.7134502977132797 0.02675585262477398 0.05263157933950424
0 0.08946488221408799 0.8143274914473295 0.04515050130430609 0.07309941574931145
0 0.2600334426970221 0.8245614096522331 0.04515050130430609 0.08187134563922882
0 0.3102006663684733 0.7178362626582384 0.038461538148112595 0.06725146248936653
0 0.48327758803498 0.5394736882299185 0.02675585262477398 0.061403509229421616
0 0.44230768870329484 0.7807017602026463 0.04515050130430609 0.0760233923792839
0 0.4531772538321093 0.906432755291462 0.04013377893716097 0.0760233923792839
0 0.6229096939205192 0.7967836316674948 0.03511705657001585 0.061403509229421616
0 0.6605351116741076 0.9152046851813793 0.043478260515257716 0.08771929889917374
0 0.7909698932198808 0.8508771993219852 0.04013377893716097 0.07017543911933899
0 0.899665544508025 0.766081877052784 0.03678929735906422 0.07017543911933899
0 0.9690635372535326 0.849415211006999 0.04849498288240284 0.07894736900925636
