0 0.6090000289259478 0.4144144244492054 0.03800000180490315 0.060060061514377594
0 0.9590000455500558 0.72372374124825 0.06200000294484198 0.08408408612012863
0 0.9460000449325889 0.6006006151437759 0.04800000227987766 0.08408408612012863
0 0.9190000436501577 0.6576576735824347 0.050000002374872565 0.07807807996869087
0 0.8790000417502597 0.6381381535902619 0.07000000332482159 0.12912913225591183
0 0.8050000382354483 0.7027027197182178 0.08200000389479101 0.1321321353316307
0 0.7510000356705859 0.6456456612795591 0.07000000332482159 0.10210210457444191
0 0.7380000350531191 0.5705705843865871 0.04800000227987766 0.07807807996869087
0 0.6680000317282975 0.7702702889218926 0.10000000474974513 0.18918919377028942
0 0.4660000221338123 0.7417417597025633 0.10800000512972474 0.17417417839169502
0 0.5430000257911161 0.6846847012639046 0.0740000035148114 0.14414414763450623
0 0.6020000285934657 0.6186186335980892 0.06000000284984708 0.10810811072587967
0 0.6770000321557745 0.5915916059166193 0.050000002374872565 0.07807807996869087
0 0.5560000264085829 0.5780780920758843 0.05600000265985727 0.08108108304440975
0 0.5350000254111364 0.549549562856555 0.042000001994892955 0.07807807996869087
0 0.5070000240812078 0.6066066212952137 0.05400000256486237 0.08408408612012863
0 0.45700002170633525 0.6321321474388242 0.07000000332482159 0.10510510765016079
0 0.4540000215638429 0.5600600736215711 0.04800000227987766 0.07507507689297199
0 0.26200001244433224 0.72372374124825 0.09600000455975533 0.15615615993738174
0 0.3260000154841691 0.6231231382116675 0.06800000322982669 0.12312312610447407
0 0.35400001681409776 0.5645645782351494 0.03200000151991844 0.07207207381725311
0 0.3740000177640468 0.53603604901582 0.03600000170990825 0.06906907074153423
0 0.26600001263432205 0.5675675813108683 0.04800000227987766 0.09609609842300415
0 0.23500001116190106 0.5240240367129445 0.03800000180490315 0.051051052287220955
0 0.2340000111144036 0.5675675813108683 0.03600000170990825 0.054054055362939835
0 0.16900000802706927 0.5915916059166193 0.058000002754852176 0.09609609842300415
0 0.12900000612717122 0.5720720859244466 0.042000001994892955 0.06906907074153423
0 0.10100000479724258 0.5135135259479284 0.03800000180490315 0.060060061514377594
0 0.06200000294484198 0.5270270397886634 0.04400000208988786 0.057057058438658714
0 0.04500000213738531 0.5690690828487277 0.06600000313483179 0.09309309534728527
0 0.06000000284984708 0.6801801966503263 0.10400000493973494 0.14114114455878735
