0 0.12750000308733433 0.666249985108152 0.20166667154990137 0.34249999234452844
0 0.20500000496394932 0.48124998924322426 0.08000000193715096 0.12249999726191163
0 0.4308333437656984 0.3024999932385981 0.08833333547227085 0.14999999664723873
0 0.5125000124098733 0.5037499887403101 0.061666668159887195 0.11249999748542905
0 0.5558333467924967 0.43749999022111297 0.07166666840203106 0.1099999975413084
0 0.6541666825069115 0.46874998952262104 0.06833333498798311 0.15749999647960067
0 0.7341666844440624 0.42624999047257006 0.06833333498798311 0.1374999969266355
0 0.7916666858363897 0.5024999887682498 0.08666666876524687 0.12999999709427357
0 0.8833333547227085 0.43124999036081135 0.06333333486691117 0.11249999748542905
0 0.9483333562966436 0.46499998960644007 0.08333333535119891 0.14999999664723873
