1 0.46166667784564197 0.4325396884814836 0.05500000133179128 0.13809523999225348
1 0.33250000805128366 0.38492064020829275 0.051666667917743325 0.13492063677404076
1 0.5308333461871371 0.3785714337718673 0.051666667917743325 0.1285714303376153
1 0.43208334379596636 0.3206349250394851 0.04750000115018338 0.1206349222920835
1 0.27250000659842044 0.34285714756697416 0.05500000133179128 0.11746031907387078
1 0.22041667200392112 0.4031746087130159 0.05416666797827929 0.1333333351649344
1 0.14333333680406213 0.3873015926219523 0.05833333474583924 0.13968254160135984
1 0.08208333532093093 0.38968254503561184 0.06250000151339918 0.13492063677404076
1 0.013333333656191826 0.267460321134422 0.025000000605359674 0.1412698432104662
1 0.6266666818410158 0.48015873675467446 0.0533333346247673 0.11904762068297714
1 0.6675000161631033 0.38174603699008003 0.051666667917743325 0.1285714303376153
1 0.5712500138324685 0.3253968298668042 0.04416666773613542 0.11746031907387078
1 0.6941666834754869 0.33968254434876144 0.04666666779667139 0.1079365094192326
1 0.76875001861481 0.4031746087130159 0.04916666785720736 0.13650793838314712
1 0.8220833532395773 0.34841270319884643 0.0458333344431594 0.11269841424655169
1 0.8712500210967846 0.3880952434265055 0.04916666785720736 0.13174603355582803
1 0.9316666892264038 0.34682540158974007 0.05500000133179128 0.1285714303376153
1 0.9845833571744151 0.3698412749217823 0.030833334079943597 0.13650793838314712
