0 0.16616916202474385 0.25611887825652957 0.01990049844607711 0.047202796675264835
0 0.25572140503209084 0.20629370398819447 0.015920398756861687 0.03846153803169727
0 0.3069651885307394 0.2613636334426701 0.03283582243602723 0.061188810504972935
0 0.34577116050058976 0.22727272473275661 0.022885573212988675 0.03496503457427025
0 0.3930348443100229 0.25087412307038903 0.01990049844607711 0.03671328630298376
0 0.5009950483799912 0.2858391576446593 0.03482587228063494 0.07867132779210806
0 0.426865691668354 0.15909090731292963 0.011940299067646265 0.024475524201989174
0 0.44825872749788687 0.15734265558421612 0.01293532398995012 0.024475524201989174
0 0.4726368380943313 0.12937062792479992 0.013930348912253976 0.031468531116843224
0 0.5054726605303586 0.1538461521267891 0.013930348912253976 0.0279720276594162
0 0.5213930592872202 0.17919580219313502 0.013930348912253976 0.02972027938812971
0 0.5467661948059686 0.18531468324363232 0.016915423679165542 0.03496503457427025
0 0.9472637260332704 0.2097902074456215 0.011940299067646265 0.031468531116843224
