0 0.19603961007669568 0.34588440670631826 0.04356435779482126 0.07530647842213511
0 0.4148514980915934 0.24255691305734217 0.019801980815827847 0.03677758248522878
0 0.37920793262310326 0.24868651013821363 0.017821782734245062 0.031523642130196095
0 0.3361386243486777 0.23555165925063193 0.014851485611870885 0.029772328678518534
0 0.3321782281855121 0.21366024110466242 0.01683168369345367 0.02101576142013073
0 0.30594060360454023 0.2101576142013073 0.013861386571079493 0.031523642130196095
0 0.347029713797383 0.17688265861943364 0.008910891367122531 0.017513134516775608
0 0.35445545660331845 0.19352013641037047 0.013861386571079493 0.029772328678518534
0 0.3757425859803334 0.19789842003956437 0.0128712875302881 0.031523642130196095
0 0.3896039725514129 0.1970227633137256 0.014851485611870885 0.03677758248522878
0 0.4153465476119891 0.19439579313620925 0.01683168369345367 0.03852889593690634
0 0.44455446931533515 0.2189141814596951 0.019801980815827847 0.035026269033551216
0 0.49950496607925743 0.28283712244592607 0.022772277938202024 0.054290717002004385
0 0.4797029852634296 0.22942206216976047 0.014851485611870885 0.04203152284026146
0 0.4113861514488235 0.14360770303755999 0.008910891367122531 0.017513134516775608
0 0.41683169617317617 0.1611208375543356 0.013861386571079493 0.028021015226840973
0 0.4361386274686083 0.17688265861943364 0.0128712875302881 0.02451838832348585
0 0.44405941979493946 0.1611208375543356 0.0128712875302881 0.028021015226840973
0 0.47178219293709844 0.1830122557003051 0.0128712875302881 0.026269701775163412
0 0.4623762520495802 0.14185638958588243 0.009900990407913923 0.02101576142013073
0 0.4762376386206597 0.14098073286004364 0.009900990407913923 0.026269701775163412
0 0.4900990251917392 0.13309982232749462 0.009900990407913923 0.02101576142013073
0 0.492079223273322 0.15761821065098047 0.009900990407913923 0.02101576142013073
0 0.49752476799767464 0.1917688229586929 0.0128712875302881 0.033274955581873655
0 0.5222772440174595 0.1602451808284968 0.010891089448705316 0.033274955581873655
0 0.5089109069667757 0.14185638958588243 0.009900990407913923 0.02451838832348585
0 0.5069307088851929 0.1208406281657517 0.009900990407913923 0.017513134516775608
0 0.5282178382622078 0.1252189117949456 0.010891089448705316 0.026269701775163412
0 0.5559406114043668 0.17775831534527242 0.0128712875302881 0.03677758248522878
0 0.5564356609247625 0.15499124047346413 0.011881188489496708 0.01926444796845317
0 0.5584158590063453 0.12434325506910682 0.011881188489496708 0.02451838832348585
0 0.5876237807096913 0.1698774048127234 0.014851485611870885 0.035026269033551216
0 0.5861386321485043 0.11908931471407413 0.009900990407913923 0.02451838832348585
0 0.5777227903017774 0.11033274745568633 0.008910891367122531 0.02451838832348585
0 0.6029703158419579 0.11471103108488023 0.007920792326331139 0.026269701775163412
0 0.609405959607102 0.11996497143991292 0.010891089448705316 0.026269701775163412
0 0.6202970490558073 0.16287215100601315 0.010891089448705316 0.028021015226840973
0 0.6306930889841169 0.12259194161742926 0.009900990407913923 0.02451838832348585
0 0.666336654452607 0.10332749364897609 0.009900990407913923 0.02451838832348585
0 0.6797029915032908 0.13047285214997828 0.010891089448705316 0.029772328678518534
0 0.6836633876664564 0.11821365798823535 0.008910891367122531 0.02276707487180829
0 0.6930693285539746 0.10245183692313731 0.009900990407913923 0.02276707487180829
0 0.7272277454612777 0.10858143400400877 0.010891089448705316 0.02451838832348585
0 0.6544554659631103 0.13047285214997828 0.011881188489496708 0.01926444796845317
0 0.5534653638023883 0.3082311674952507 0.0257425750605762 0.052539403550326824
0 0.6024752663215622 0.31085813767276704 0.022772277938202024 0.06129597080871463
0 0.5891089292708784 0.24343256978318095 0.02178217889741063 0.04553414974361658
0 0.6282178413821384 0.2320490323472768 0.02079207985661924 0.04728546319529414
0 0.6797029915032908 0.26182136102579534 0.02079207985661924 0.054290717002004385
0 0.6787128924624994 0.34150612307712436 0.028712872182950377 0.06304728426039219
0 0.7485148748382926 0.3879159295465797 0.031683169305324554 0.07530647842213511
0 0.7366336863487959 0.28721540607511997 0.015841584652662277 0.04553414974361658
0 0.7732673508580774 0.29246934643015265 0.023762376978993416 0.06304728426039219
0 0.7707921032560989 0.23992994287982583 0.02079207985661924 0.04553414974361658
0 0.7242574483389035 0.22241680836305022 0.02079207985661924 0.04203152284026146
0 0.6891089323908091 0.18388791242614388 0.013861386571079493 0.028021015226840973
0 0.7079208141658455 0.1830122557003051 0.015841584652662277 0.033274955581873655
0 0.760891112848185 0.1917688229586929 0.01683168369345367 0.03677758248522878
0 0.7603960633277893 0.1558668971993029 0.013861386571079493 0.028021015226840973
0 0.7524752710014582 0.13047285214997828 0.013861386571079493 0.029772328678518534
0 0.7871287374291569 0.14010507613420486 0.011881188489496708 0.028021015226840973
0 0.800000024959445 0.1567425539251417 0.011881188489496708 0.033274955581873655
0 0.8039604211226106 0.21628721128217876 0.015841584652662277 0.026269701775163412
0 0.8128713124897331 0.25306479376740754 0.017821782734245062 0.04728546319529414
0 0.8217822038568556 0.3966724968049675 0.02970297122374177 0.06479859771206975
0 0.8311881447443739 0.3493870336096734 0.02079207985661924 0.0402802093885839
0 0.8752475520595908 0.27408055518753827 0.017821782734245062 0.04728546319529414
0 0.8801980472635478 0.22416812181472778 0.015841584652662277 0.04553414974361658
0 0.9405940887518227 0.21628721128217876 0.013861386571079493 0.0402802093885839
0 0.9381188411498442 0.2907180329784751 0.01683168369345367 0.052539403550326824
0 0.9188119098544121 0.35026269033551216 0.019801980815827847 0.06304728426039219
0 0.905940622324124 0.4325744225643575 0.027722773142158985 0.06304728426039219
