0 0.5079710321151651 0.09940944844856858 0.03333333448972553 0.053149606101214886
0 0.4869565386325121 0.1702755899168551 0.03768116072751582 0.06496062967926264
0 0.5536232076119632 0.3238188964314759 0.05797101650387049 0.07677165325731039
0 0.6492753848433495 0.11318897595629096 0.03768116072751582 0.06102362181991339
0 0.7311594456550665 0.20374015672132373 0.04782608861569315 0.06889763753861189
0 0.8768116246210411 0.2726377942599356 0.049275364028289914 0.08070866111665964
0 0.9775362657965161 0.29724409338086843 0.04492753779049963 0.09055118076503277
0 0.9876811936846934 0.1870078733190894 0.024637682014144957 0.07086614146828651
0 0.9086956836981699 0.7057086587883532 0.09275362640619278 0.1161417318508029
0 0.9246377132367343 0.9173228312283754 0.1072463805321604 0.14566929079592228
0 0.7355072718928568 0.7185039343312383 0.07391304604243487 0.11417322792112827
0 0.5086956698214635 0.6476377928629518 0.08695652475580573 0.12204724363982677
0 0.3478260990232229 0.7755905482918024 0.08115942310541868 0.12204724363982677
0 0.1760869626305066 0.6505905487574637 0.08840580016840249 0.10433070827275515
0 0.17681160033680499 0.5767716513946652 0.07826087228022516 0.09055118076503277
0 0.044202900084201247 0.4724409431219101 0.06811594439204782 0.10629921220242977
0 0.12173913465812802 0.39173228200525045 0.05797101650387049 0.08267716504633427
0 0.17028986098011956 0.30708661302924156 0.056521741091273725 0.07480314932763577
0 0.18333333969349042 0.19685039296746254 0.0420289869653061 0.05118110217154026
0 0.11014493135735393 0.22933070780709386 0.05217391485348344 0.06496062967926264
0 0.07826087228022516 0.29133858159184456 0.05507246567867696 0.06692913360893726
0 0.05289855255978182 0.11515747988596559 0.03913043614011258 0.049212598241865635
0 0.237681167665869 0.0698818895034492 0.03188405907712877 0.049212598241865635
