0 0.07177033403422683 0.5152990330243483 0.0430622004205361 0.08205841551534832
0 0.21889951880439185 0.3511822019936517 0.016746411274652928 0.034770515048876405
0 0.26036682291305624 0.34492350928485394 0.02153110021026805 0.04728790046647191
0 0.28309409535722807 0.36230876680929214 0.017543859430588782 0.03755215625278652
0 0.28588516390300356 0.3018080706242472 0.013556618650909513 0.03337969444692135
0 0.3297448124794755 0.36509040801320225 0.02153110021026805 0.04033379745669663
0 0.3504784645338077 0.3317107135662809 0.016746411274652928 0.034770515048876405
0 0.354465705313487 0.2899860955076292 0.01515151496278122 0.02920723264105618
0 0.38078149445937015 0.33031989296432585 0.016746411274652928 0.034770515048876405
0 0.4039074909815099 0.33588317537214607 0.019936203898396343 0.03755215625278652
0 0.4011164224357344 0.29624478821642697 0.017543859430588782 0.030598053243011236
0 0.40031897427979857 0.27121001738123596 0.014354066806845367 0.02503477083519101
0 0.3811802185373381 0.2552155804587528 0.01275917049497366 0.026425591437146068
0 0.4409888302325271 0.334492354770191 0.01913875574246049 0.04033379745669663
0 0.42982455604942515 0.31084840453695506 0.014354066806845367 0.03198887384496629
0 0.46251993044279516 0.3018080706242472 0.014354066806845367 0.03337969444692135
0 0.4553428970393725 0.272600837983191 0.015948963118717074 0.027816412039101124
0 0.44617224324611016 0.25869263196364045 0.011961722339037806 0.0222531296312809
0 0.4393939339206554 0.247566067148 0.01275917049497366 0.02503477083519101
0 0.46371610267669894 0.2329624508274719 0.01515151496278122 0.02920723264105618
0 0.4840510306530632 0.2670375555753708 0.015948963118717074 0.041724618058651686
0 0.5163476809684653 0.2649513246724382 0.01515151496278122 0.03198887384496629
0 0.5239234384498559 0.25382475985679775 0.015948963118717074 0.026425591437146068
0 0.5402711256465409 0.284422813099809 0.016746411274652928 0.034770515048876405
0 0.539473677490605 0.2273991684196517 0.01515151496278122 0.026425591437146068
0 0.5701754314941354 0.2545201701577753 0.015948963118717074 0.03616133565083146
0 0.5641945703246165 0.23435327142942697 0.011961722339037806 0.023643950233235955
0 0.5633971221686807 0.21627260360401124 0.013556618650909513 0.020862309029325843
0 0.5897129113145638 0.22461752721574157 0.013556618650909513 0.02920723264105618
0 0.588915463158628 0.24826147744897753 0.011961722339037806 0.026425591437146068
0 0.6004784614196979 0.20166898728348315 0.011164274183101952 0.027816412039101124
0 0.6164274245384149 0.21140473149716854 0.015948963118717074 0.02503477083519101
0 0.632376387657132 0.24408901564311236 0.01275917049497366 0.02920723264105618
0 0.6479266266978811 0.2204450654098764 0.011961722339037806 0.023643950233235955
0 0.6614832453487907 0.22878998902160674 0.013556618650909513 0.03198887384496629
0 0.6770334843895398 0.22114047571085393 0.01275917049497366 0.03337969444692135
0 0.6937798956641927 0.24547983624506742 0.017543859430588782 0.034770515048876405
0 0.6642743138945661 0.2642559143714607 0.017543859430588782 0.03616133565083146
0 0.6220095616299659 0.29833101911935955 0.017543859430588782 0.03755215625278652
0 0.5869218427687883 0.32336578995455056 0.020733652054332197 0.04867872106842697
0 0.5219298180600163 0.3518776122946292 0.024720892834011465 0.052851182874292135
0 0.49960126969381236 0.3247566105565056 0.019936203898396343 0.045897079864516854
0 0.4509569321817253 0.4304589763050899 0.03429027070524171 0.06536856829188764
0 0.5346889885549899 0.39986092306207865 0.02791068545775488 0.05146036227233708
0 0.5801435334433336 0.42906815570313483 0.029505581769626588 0.07371349190361798
0 0.5733652241178788 0.3956884612562135 0.027113237301819026 0.04867872106842697
0 0.6295853191113565 0.4610570295481011 0.03588516701711342 0.06815020949579775
0 0.6471291785419453 0.38734353764448315 0.02791068545775488 0.06258692708797753
0 0.6447368340741377 0.3296244826633483 0.023125996522139758 0.0445062592625618
0 0.6798245529353153 0.3442280989838764 0.023125996522139758 0.04867872106842697
0 0.6842105177929625 0.5111265712184832 0.03668261517304927 0.0792767743114382
0 0.7256778219016269 0.3956884612562135 0.03030302992556244 0.06536856829188764
0 0.708532686549006 0.2816411718958989 0.01515151496278122 0.03198887384496629
0 0.7204944088880438 0.2524339392548427 0.01515151496278122 0.034770515048876405
0 0.7264752700575627 0.23643950233235955 0.01275917049497366 0.02503477083519101
0 0.7348484756948892 0.22600834781769663 0.011961722339037806 0.026425591437146068
0 0.746810198033927 0.26147427316755056 0.01515151496278122 0.02503477083519101
0 0.7555821277492214 0.2767732997890562 0.01515151496278122 0.03616133565083146
0 0.7695374704780988 0.26564673497341573 0.014354066806845367 0.030598053243011236
0 0.7647527815424837 0.23713491263333708 0.014354066806845367 0.02920723264105618
0 0.8002392244816292 0.2642559143714607 0.013556618650909513 0.027816412039101124
0 0.8193779802240897 0.2649513246724382 0.013556618650909513 0.03198887384496629
0 0.7970494318578858 0.29554937791544944 0.01515151496278122 0.03198887384496629
0 0.806618809729116 0.3372739959741011 0.019936203898396343 0.03755215625278652
0 0.790271122532431 0.3643949977122247 0.02392344467807561 0.04728790046647191
0 0.7587719203729648 0.43184979690704495 0.02791068545775488 0.06258692708797753
0 0.7966507077799179 0.5062586991116405 0.03189792623743415 0.0667593888938427
0 0.828548634017352 0.43671766901388764 0.03189792623743415 0.05841446528211236
0 0.8401116322784219 0.36787204921711236 0.024720892834011465 0.05424200347624719
0 0.8572567676310427 0.36995828012004495 0.015948963118717074 0.0445062592625618
0 0.8863636253227014 0.3929068200523034 0.026315789145883173 0.05424200347624719
0 0.89433810688206 0.45688456774223596 0.031100478081498295 0.06536856829188764
0 0.9082934496109374 0.34492350928485394 0.017543859430588782 0.041724618058651686
0 0.9178628274821676 0.31293463543988764 0.015948963118717074 0.030598053243011236
0 0.9234449645737186 0.2677329658763483 0.014354066806845367 0.02920723264105618
0 0.877990419685375 0.2872044543037191 0.015948963118717074 0.03755215625278652
0 0.8640350769564975 0.31780250754673034 0.016746411274652928 0.03755215625278652
0 0.8269537377054803 0.30806676333304495 0.015948963118717074 0.034770515048876405
0 0.8365231155767106 0.3025034809252247 0.014354066806845367 0.03755215625278652
0 0.8385167359665502 0.27051460708025843 0.011961722339037806 0.03198887384496629
0 0.8520733546174597 0.2579972216626629 0.011961722339037806 0.034770515048876405
