0 0.5381083526881412 0.07013201538939029 0.012855830951593816 0.024752476019784808
0 0.6460055053175893 0.12128713249694556 0.017447199148591608 0.031353136291727424
0 0.7516069738485385 0.12953795783687383 0.013774104590993375 0.031353136291727424
0 0.7635445311607327 0.1410891133127734 0.013774104590993375 0.03795379656367004
0 0.5840220346581191 0.2293729444500059 0.020202020066790283 0.04620462190359831
0 0.81083562358981 0.25330033793579787 0.025711661903187633 0.05445544724352658
0 0.8824609674629755 0.2392739348579198 0.020202020066790283 0.03960396163165569
0 0.9141414080222603 0.2483498427318409 0.019283746427390724 0.04125412669964135
0 0.40817263271310367 0.214521458838135 0.019283746427390724 0.036303631495684385
0 0.6189164329553023 0.13036304037086666 0.020202020066790283 0.036303631495684385
0 0.6372819057432935 0.1410891133127734 0.014692378230392933 0.028052806155756116
0 0.8861340620205738 0.21287129377014935 0.01652892550919205 0.036303631495684385
