0 0.071987479692325 0.508113578078337 0.06885758927091956 0.1075050684157759
0 0.07824726053513587 0.37728193821385503 0.037558685056865215 0.05273833544924855
0 0.12206572643481195 0.3853955282829702 0.037558685056865215 0.05679513048380613
0 0.16118935670237988 0.39452331711072475 0.031298904214054346 0.0425963478628546
0 0.1666666649398394 0.35294116800650954 0.026604068581946194 0.04056795034557581
0 0.20109545957529917 0.37119674566201866 0.026604068581946194 0.03651115531101823
0 0.22300469252513722 0.41582149104215205 0.04225352068897337 0.05679513048380613
0 0.20031298696994781 0.48377280787099153 0.05633802758529782 0.07099391310475767
0 0.19170578831108287 0.6531440005637705 0.09859154827427119 0.1501014162786305
0 0.2785602475050837 0.5375253420788795 0.06572769884951413 0.11764705600216985
0 0.32237871340475976 0.49695739173330367 0.04694835632108152 0.0851926957257092
0 0.29968700784957036 0.431034472421743 0.02973395900335163 0.04665314289741218
0 0.32629107643151656 0.4077079009730369 0.026604068581946194 0.04462474538013339
0 0.3161189325619489 0.37525354069657624 0.021909232949838042 0.04056795034557581
0 0.28090766532113776 0.3215010064886883 0.020344287739135325 0.03448275779373944
0 0.25039123371243477 0.3245436027646065 0.021909232949838042 0.04056795034557581
0 0.3748043779633008 0.41987828607670963 0.02347417816054076 0.03651115531101823
0 0.3787167409900576 0.4949289942160249 0.03442879463545978 0.0649087205529213
0 0.40766822738805786 0.46044623642228544 0.026604068581946194 0.03651115531101823
0 0.4139280082308687 0.41784988855943084 0.02347417816054076 0.03651115531101823
0 0.453834111103788 0.45740364014636725 0.02816901379264891 0.04665314289741218
0 0.46478872757870704 0.41683568980079144 0.021909232949838042 0.03853955282829702
0 0.4773082892643288 0.37626773945521563 0.018779342528432608 0.03448275779373944
0 0.503912357846275 0.4036511059384793 0.025039123371243477 0.04462474538013339
0 0.43974960420746356 0.5446247333893552 0.06259780842810869 0.1075050684157759
0 0.5125195565051399 0.6217038390459493 0.08607198658864945 0.1480730187613517
0 0.4859154879231937 0.5040567830437794 0.048513301531784236 0.08722109324298799
0 0.5219092277693562 0.4888438016641885 0.0453834111103788 0.07302231062203646
0 0.5579029676155187 0.4006085096625611 0.026604068581946194 0.05070993793196976
0 0.5876369266188703 0.4006085096625611 0.02347417816054076 0.03853955282829702
0 0.6298904473078437 0.4685598264914006 0.026604068581946194 0.04056795034557581
0 0.6314553925185464 0.41480729228351265 0.020344287739135325 0.03448275779373944
0 0.650234735046979 0.39452331711072475 0.02347417816054076 0.0425963478628546
0 0.6799686940503307 0.41683568980079144 0.020344287739135325 0.03853955282829702
0 0.6658841871540062 0.47667341656051576 0.026604068581946194 0.04462474538013339
0 0.6885758927091956 0.47870181407779455 0.025039123371243477 0.04868154041469097
0 0.7034428722108714 0.4432048575254157 0.02347417816054076 0.0425963478628546
0 0.7128325434750877 0.41683568980079144 0.020344287739135325 0.03853955282829702
0 0.6995305091841146 0.37728193821385503 0.021909232949838042 0.03245436027646065
0 0.7480438107158989 0.4239350811112672 0.02816901379264891 0.04056795034557581
0 0.752738646348007 0.464503031456843 0.025039123371243477 0.04056795034557581
0 0.7245696325553581 0.4929005966987461 0.037558685056865215 0.06896551558747888
0 0.7824726053513587 0.5111561743542552 0.04068857547827065 0.07302231062203646
0 0.833333324699197 0.513184571871534 0.048513301531784236 0.09330628579482436
0 0.8904538248898461 0.5862068824935704 0.06885758927091956 0.11359026096761227
0 0.8669796467293054 0.4949289942160249 0.031298904214054346 0.05679513048380613
0 0.9045383317861706 0.49594319297466427 0.031298904214054346 0.058823528001084924
0 0.9553990511340089 0.5121703731128946 0.054773082374595106 0.09533468331210315
0 0.9303599277627654 0.4036511059384793 0.02973395900335163 0.04868154041469097
0 0.8591549206757918 0.4290060749044642 0.031298904214054346 0.04665314289741218
0 0.802816893090494 0.39858011214528233 0.025039123371243477 0.03853955282829702
