0 0.21610169086488895 0.49667772906832397 0.038606402289588004 0.07973421737551689
0 0.39548021857626736 0.2765780665213242 0.018832391360774636 0.038205979159101844
0 0.37052730002324097 0.18853820150252432 0.014124293520580977 0.02491694292984903
0 0.4044256044726353 0.22342192160431296 0.017890771792735904 0.031561461044475436
0 0.46186439812299795 0.22508305113296956 0.017890771792735904 0.038205979159101844
0 0.4180790882091969 0.1652823881013319 0.013182673952542245 0.028239201987162232
0 0.49340865365229547 0.13953488040715456 0.011299434816464782 0.02657807245850563
0 0.51977400155738 0.12873753847088665 0.011299434816464782 0.028239201987162232
0 0.5489642081665806 0.12707640894223005 0.015065913088619709 0.02491694292984903
0 0.5696798386634327 0.13538205658551306 0.011299434816464782 0.028239201987162232
0 0.5682674093113746 0.1860465072095394 0.01600753265665844 0.03654484963044524
0 0.5908662789443042 0.12541527941357344 0.012241054384503514 0.02491694292984903
0 0.48399245797190815 0.3438538124319166 0.028248587041161954 0.04318936774507165
0 0.5376647733501159 0.333887035259977 0.022598869632929564 0.04318936774507165
0 0.6233521540416405 0.264950159820728 0.0207156304968521 0.04485049727372825
0 0.6610169367631897 0.22508305113296956 0.024482108769007027 0.04485049727372825
0 0.6925611922924872 0.30897009233012795 0.03107344574527815 0.05980066303163767
0 0.7109227738692425 0.2599667712347582 0.02636534790508449 0.06146179256029427
0 0.7782485729840118 0.28654484369326383 0.02542372833704576 0.06146179256029427
0 0.8290960296581034 0.32308969332370907 0.027306967473123223 0.06146179256029427
0 0.9133709809975699 0.30398670374415815 0.024482108769007027 0.056478403974324465
0 0.8488700405869167 0.12126245559193194 0.014124293520580977 0.02657807245850563
0 0.9378530897665769 0.15863786998670548 0.013182673952542245 0.031561461044475436
0 0.9105461222934537 0.15116278710775077 0.011299434816464782 0.023255813401192427
0 0.8940677798527759 0.14368770422879606 0.012241054384503514 0.02491694292984903
