0 0.36455107340589166 0.8246606691973284 0.18111454602330923 0.305429877480492
0 0.41176469437777996 0.627828081487678 0.07430340349674225 0.10633484623394907
0 0.4489163961261511 0.5497737794648856 0.030959751456975937 0.04977375781163573
0 0.5092879114672542 0.5067873522639275 0.02476780116558075 0.0407239836640656
0 0.31811144622042775 0.5848416542867199 0.0479876147583127 0.07013574964366853
0 0.3304953468032181 0.5384615617804229 0.023219813592731953 0.0407239836640656
0 0.16718265786767006 0.5848416542867199 0.037151701748371124 0.07013574964366853
0 0.08591331029310822 0.6708145086886361 0.07585139106959105 0.11990950745530427
0 0.7476779976859689 0.6153846420347691 0.0495356023311615 0.0950226285494864
0 0.9620742765255272 0.729638040647842 0.07585139106959105 0.14705882989801466
0 0.9651702516712248 0.6527149603934959 0.06656346563249826 0.09276018501259387
0 0.9806501273997128 0.5916289848973975 0.03560371417552233 0.06561086256988347
0 0.9396284567192197 0.5735294366022572 0.04024767689406872 0.0610859754960984
0 0.6230649980716407 0.5678733277600259 0.041795664466917515 0.0542986448854208
0 0.5967492093332112 0.5497737794648856 0.02941176388412714 0.03619909659028053
0 0.57894735224545 0.5328054529381916 0.02476780116558075 0.033936653053388
0 0.2585139246657491 0.5486425576964393 0.021671826019883156 0.038461540127173066
