0 0.031666667433455586 0.2377777835354209 0.05666666803881526 0.07555555738508701
0 0.13666666997596622 0.28000000678002834 0.060000001452863216 0.1066666692495346
0 0.20166667154990137 0.2822222290560603 0.07000000169500709 0.11111111380159855
0 0.3533333418890834 0.27111111767590046 0.07333333510905504 0.1066666692495346
0 0.48500001174397767 0.6622222382575274 0.24333333922550082 0.3288888968527317
0 0.5200000125914812 0.25777778401970863 0.06666666828095913 0.08888889104127884
0 0.536666679661721 0.08888889104127884 0.04666666779667139 0.07111111283302307
0 0.7000000169500709 0.24000000581145287 0.08666666876524687 0.13333333656191826
0 0.920000022277236 0.5155555680394173 0.1600000038743019 0.24888889491558075
0 0.9450000228825957 0.3666666755452752 0.11000000266358256 0.2000000048428774
0 0.9116666887421161 0.2377777835354209 0.11000000266358256 0.12888889200985432
