0 0.13728549145162106 0.39050133526325226 0.053042121697217226 0.08443272113800049
0 0.1879875195445493 0.4670184887945652 0.05772230890579522 0.11081794649362564
0 0.3018720749532804 0.49076519161462784 0.07020280812866986 0.11609499156475067
0 0.30733229336328804 0.1622691359370947 0.031201248057186604 0.05540897324681282
0 0.41887675516773015 0.7915567606687546 0.054602184100076556 0.09498681128025055
0 0.47269890806637704 0.8166227247565985 0.043681747280061245 0.087071243673563
0 0.5741029642522335 0.8232190310955048 0.046801872085779905 0.08970976620912552
0 0.6279251171508804 0.7994723282754421 0.045241809682920575 0.08443272113800049
0 0.7129485181067139 0.7176781296730042 0.034321372862905264 0.0686015859246254
0 0.6903276132652536 0.8126649409532547 0.035881435265764594 0.07387863099575043
0 0.7628705149982125 0.737467048689723 0.031201248057186604 0.07124010846018791
0 0.7893915758468211 0.7097625620663166 0.034321372862905264 0.06332454085350037
0 0.826833073515445 0.6886543817818165 0.031201248057186604 0.0686015859246254
0 0.840873635141179 0.63984171487391 0.037441497668623924 0.06596306338906288
0 0.8322932919254526 0.5897097866982222 0.029641185654327273 0.04485488310456276
0 0.8400936039397493 0.5514512099325657 0.023400936042889953 0.047493405640125275
0 0.833853354328312 0.5197889395058155 0.023400936042889953 0.042216360569000244
0 0.817472699098289 0.4670184887945652 0.021840873640030622 0.047493405640125275
0 0.7488299533724785 0.39973616413772106 0.018720748834311962 0.04485488310456276
0 0.7355694229481742 0.38390502892434597 0.014040561625733972 0.03957783803343773
0 0.8837753512198105 0.7493404000997543 0.045241809682920575 0.08970976620912552
