0 0.07083333504851907 0.5288889016956091 0.06833333498798311 0.09333333559334278
0 0.050833334564231336 0.4688889002427459 0.041666667675599456 0.057777779176831245
0 0.060000001452863216 0.4344444549642503 0.033333334140479565 0.04666666779667139
0 0.03750000090803951 0.41777778789401054 0.021666667191311717 0.031111111864447594
0 0.021666667191311717 0.41777778789401054 0.02000000048428774 0.02666666731238365
0 0.1225000029662624 0.4344444549642503 0.025000000605359674 0.03777777869254351
0 0.152500003692694 0.4677777891047299 0.03500000084750354 0.05111111234873533
0 0.23500000569038093 0.5011111232452095 0.05000000121071935 0.0688888905569911
0 0.28000000678002834 0.5700000138022006 0.08666666876524687 0.1222222251817584
0 0.44833334418945014 0.5022222343832254 0.06666666828095913 0.08888889104127884
0 0.36500000883825123 0.4666666779667139 0.043333334382623434 0.06666666828095913
0 0.31666667433455586 0.4444444552063942 0.03666666755452752 0.04000000096857548
0 0.24000000581145287 0.4444444552063942 0.03666666755452752 0.04888889007270336
0 0.19750000478234142 0.4300000104121864 0.031666667433455586 0.04222222324460745
0 0.17500000423751771 0.4155555656179786 0.023333333898335695 0.035555556416511536
0 0.15833333716727793 0.4055555653758347 0.02000000048428774 0.033333334140479565
0 0.20083333819638938 0.37888889806345105 0.01833333377726376 0.028888889588415623
0 0.24916667270008475 0.4066666765138507 0.01833333377726376 0.031111111864447594
0 0.2833333401940763 0.41888889903202653 0.02000000048428774 0.028888889588415623
0 0.2616666730027646 0.44666667748242617 0.02000000048428774 0.035555556416511536
0 0.21666667191311717 0.41000000992789865 0.016666667070239782 0.028888889588415623
0 0.19750000478234142 0.40111112082377076 0.015000000363215804 0.02444444503635168
0 0.2375000057509169 0.3966666762717068 0.015000000363215804 0.02444444503635168
0 0.26416667306330055 0.40111112082377076 0.015000000363215804 0.02444444503635168
0 0.2758333400124684 0.3966666762717068 0.015000000363215804 0.02000000048428774
0 0.29333334043622017 0.3922222317196429 0.013333333656191826 0.02444444503635168
0 0.3158333409810439 0.40222223196178675 0.015000000363215804 0.031111111864447594
0 0.3283333412837237 0.4133333433419466 0.016666667070239782 0.031111111864447594
0 0.33250000805128366 0.4000000096857548 0.015000000363215804 0.017777778208255768
0 0.3591666753636673 0.41888889903202653 0.021666667191311717 0.033333334140479565
0 0.38666667602956295 0.44777778862044215 0.030000000726431608 0.04222222324460745
0 0.42500001029111445 0.45555556658655405 0.03666666755452752 0.0533333346247673
0 0.5000000121071935 0.4655555668286979 0.033333334140479565 0.05111111234873533
0 0.4733333447948098 0.42444445472210646 0.02000000048428774 0.031111111864447594
0 0.45416667766403407 0.42333334358409047 0.025000000605359674 0.03777777869254351
0 0.44916667754296213 0.3977777874097228 0.01833333377726376 0.02222222276031971
0 0.41833334346301854 0.4077777876518667 0.02000000048428774 0.028888889588415623
0 0.40333334309980273 0.4211111213080585 0.016666667070239782 0.02444444503635168
0 0.3900000094436109 0.4144444544799626 0.02000000048428774 0.033333334140479565
0 0.3741666757268831 0.39555556513369083 0.01833333377726376 0.02666666731238365
0 0.47166667808778584 0.3988888985477388 0.013333333656191826 0.02444444503635168
0 0.4841666783904657 0.3977777874097228 0.015000000363215804 0.02222222276031971
0 0.5058333455817774 0.4155555656179786 0.021666667191311717 0.035555556416511536
0 0.5525000133784488 0.4344444549642503 0.02833333401940763 0.04222222324460745
0 0.5716666805092245 0.460000011138618 0.033333334140479565 0.0533333346247673
0 0.5891666809329763 0.5266666794195771 0.05833333474583924 0.0844444464892149
0 0.535000012954697 0.40333334309980273 0.013333333656191826 0.02000000048428774
0 0.5550000134389848 0.4000000096857548 0.013333333656191826 0.017777778208255768
0 0.5650000136811286 0.4066666765138507 0.013333333656191826 0.02222222276031971
0 0.5775000139838085 0.41888889903202653 0.01833333377726376 0.028888889588415623
0 0.5816666807513684 0.40333334309980273 0.016666667070239782 0.02444444503635168
0 0.6016666812356561 0.4200000101700425 0.02000000048428774 0.031111111864447594
0 0.6016666812356561 0.40111112082377076 0.013333333656191826 0.02444444503635168
0 0.6283333485480398 0.4122222322039306 0.016666667070239782 0.028888889588415623
0 0.6366666820831597 0.4366666772402823 0.030000000726431608 0.04222222324460745
0 0.6775000164052472 0.49222223414108157 0.04500000108964741 0.060000001452863216
0 0.7566666849888861 0.4688889002427459 0.04666666779667139 0.06222222372889519
0 0.8058333528460935 0.4511111220344901 0.025000000605359674 0.04000000096857548
0 0.8291666867444292 0.43111112155020237 0.021666667191311717 0.031111111864447594
0 0.8375000202795491 0.41000000992789865 0.015000000363215804 0.028888889588415623
0 0.8516666872892529 0.4155555656179786 0.016666667070239782 0.02666666731238365
0 0.8766666878946126 0.4122222322039306 0.023333333898335695 0.033333334140479565
0 0.8916666882578284 0.41777778789401054 0.016666667070239782 0.02666666731238365
0 0.9108333553886041 0.4122222322039306 0.015000000363215804 0.028888889588415623
0 0.9291666891658679 0.4144444544799626 0.01833333377726376 0.028888889588415623
0 0.9508333563571796 0.4155555656179786 0.01833333377726376 0.02666666731238365
0 0.7300000176765025 0.4344444549642503 0.02000000048428774 0.033333334140479565
0 0.690833350061439 0.41777778789401054 0.021666667191311717 0.04000000096857548
0 0.6616666826885194 0.4288888992741704 0.02000000048428774 0.04000000096857548
0 0.6566666825674474 0.4000000096857548 0.016666667070239782 0.02666666731238365
0 0.6758333496982232 0.40888889878988266 0.015000000363215804 0.02666666731238365
0 0.6241666817804798 0.39444445399567485 0.011666666949167848 0.02000000048428774
0 0.7033333503641188 0.40111112082377076 0.016666667070239782 0.028888889588415623
0 0.7200000174343586 0.4055555653758347 0.013333333656191826 0.015555555932223797
0 0.7350000177975744 0.40222223196178675 0.013333333656191826 0.02666666731238365
0 0.7525000182213262 0.40333334309980273 0.015000000363215804 0.02444444503635168
0 0.7775000188266858 0.42333334358409047 0.015000000363215804 0.028888889588415623
0 0.7900000191293657 0.4122222322039306 0.016666667070239782 0.028888889588415623
