0 0.016434893128462136 0.3719101161696017 0.03034134116023779 0.0561797758564353
0 0.06826801761053503 0.3932584309950471 0.04045512154698372 0.06741573102772236
0 0.1194690308184363 0.3786516892723739 0.06700379506219178 0.12808988895267248
0 0.18963338225148618 0.3719101161696017 0.027812896063551307 0.06966292206197977
0 0.2117572768474929 0.42022472340613604 0.04171934409532696 0.08539325930178165
0 0.29013907484477386 0.3730337116867304 0.026548673515208066 0.06292134895920753
0 0.3400758655043319 0.38202247582376003 0.03286978625692427 0.076404495164752
0 0.411504439485725 0.38426966685801744 0.03160556370858103 0.06292134895920753
0 0.4355246679042466 0.408988768234849 0.03919089899864048 0.076404495164752
0 0.5676359242061153 0.4101123637519777 0.058154237223789096 0.11011236067861319
0 0.599873599188868 0.38539326237514615 0.03413400880526751 0.08764045033603907
0 0.6523388349451125 0.3730337116867304 0.035398231353610754 0.07191011309623718
0 0.7149178510881029 0.3921348354779184 0.03160556370858103 0.06067415792495012
0 0.6213653825107031 0.40000000409781933 0.026548673515208066 0.07191011309623718
0 0.8116308760363609 0.40337079064920545 0.037926676450297236 0.06966292206197977
0 0.8463969961158 0.40000000409781933 0.04424778919201344 0.08539325930178165
0 0.8950695642270148 0.4123595547862351 0.06573957251384854 0.12359550688415766
