0 0.0437500006519258 0.49218752566957846 0.04218750062864274 0.05937500309664756
0 0.21796875324798748 0.5604166958946735 0.05468750081490725 0.06666667014360428
0 0.19375000288709998 0.5213541938574053 0.0437500006519258 0.05312500277068466
0 0.22617187837022357 0.4645833575632423 0.03984375059371814 0.047916669165715575
0 0.2785156291502062 0.49010419222759083 0.03984375059371814 0.05312500277068466
0 0.2578125038417056 0.5151041935314424 0.05000000074505806 0.061458336538635194
0 0.3257812548545189 0.5072916931239888 0.048437500721774995 0.058333336375653744
0 0.36132813038420863 0.477604191575665 0.03203125047730282 0.051041669328697026
0 0.44765625667059794 0.4807291917386465 0.03906250058207661 0.05312500277068466
0 0.43828125653089955 0.4567708571557887 0.029687500442378223 0.038541668676771224
0 0.4875000072643161 0.4088541879900731 0.03281250048894435 0.051041669328697026
0 0.5242187578114681 0.48437502526212484 0.03281250048894435 0.04375000228174031
0 0.5453125081257895 0.5057291930424981 0.03906250058207661 0.05520833621267229
0 0.4882812572759576 0.5411458615562879 0.0437500006519258 0.0677083368645981
0 0.5097656325960997 0.5817708636750467 0.04765625071013346 0.0677083368645981
0 0.6066406340396497 0.5562500290106982 0.0460937506868504 0.07500000391155481
0 0.6023437589756213 0.4937500257510692 0.03593750053551048 0.054166669491678476
0 0.6675781349476893 0.5031250262400135 0.044531250663567334 0.07291667046956718
0 0.7496093861700501 0.4317708558519371 0.03515625052386895 0.061458336538635194
0 0.818359387194505 0.44322918978286907 0.033593750500585884 0.05937500309664756
0 0.7210937607451342 0.6375000332482159 0.08125000121071935 0.11041667242534459
0 0.8339843874273356 0.6296875328407623 0.0632812509429641 0.10729167226236314
0 0.8847656381840352 0.5557291956502013 0.06015625089639798 0.07812500407453626
0 0.9464843891037162 0.5276041941833682 0.05078125075669959 0.073958337190561
