0 0.40616666231653653 0.618750029389048 0.056333332729991525 0.10450000496348366
0 0.281499996985076 0.6110000290209427 0.04166666622040793 0.0760000036098063
0 0.06899999926099554 0.6715000318945386 0.0693333325907588 0.15300000726711005
0 0.13949999850592576 0.6495000308495946 0.04499999951804057 0.0740000035148114
0 0.09833333228016272 0.5967500283441041 0.033333332976326346 0.060500002873595804
0 0.06183333267108537 0.5562500264204573 0.028333333029877394 0.04750000225612894
0 0.027499999705469236 0.5360000254586339 0.02499999973224476 0.04500000213738531
0 0.10649999885936268 0.5332500253280159 0.020999999775085598 0.037500001781154424
0 0.16083333161077462 0.5307500252092723 0.026333333051297814 0.03650000173365697
0 0.1933333312626928 0.523000024841167 0.02799999970011413 0.04800000227987766
0 0.22149999762768857 0.5135000243899412 0.02033333311555907 0.03300000156741589
0 0.26349999717785977 0.5322500252805185 0.022333333094138652 0.04150000197114423
0 0.2794999970064964 0.5077500241168309 0.019666666456032544 0.03450000163866207
0 0.31016666334471665 0.5192500246630516 0.023666666413191706 0.03650000173365697
0 0.3718333293509204 0.4977500236418564 0.020999999775085598 0.037500001781154424
0 0.42033332883147523 0.5092500241880771 0.017999999807216227 0.037500001781154424
0 0.4701666616310831 0.5147500244493131 0.02299999975366518 0.03550000168615952
0 0.5024999946181197 0.5192500246630516 0.022333333094138652 0.038500001828651875
0 0.5128333278407808 0.5145000244374387 0.01833333313697949 0.03100000147242099
0 0.5433333275141194 0.523000024841167 0.017999999807216227 0.03100000147242099
0 0.5593333273427561 0.4957500235468615 0.017999999807216227 0.031500001496169716
0 0.5798333271231968 0.5077500241168309 0.014333333179820329 0.028500001353677362
0 0.602833326876862 0.531250025233021 0.021666666434612125 0.03550000168615952
0 0.6083333268179558 0.5090000241762027 0.018666666466742754 0.028000001329928637
0 0.6423333264538087 0.5302500251855236 0.018666666466742754 0.03950000187614933
0 0.685666659323033 0.5322500252805185 0.01933333312626928 0.03950000187614933
0 0.7263333255541511 0.5297500251617748 0.015999999828636646 0.03650000173365697
0 0.7558333252381999 0.5250000249361619 0.023666666413191706 0.04400000208988786
0 0.7853333249222487 0.5255000249599107 0.02133333310484886 0.04500000213738531
0 0.8881666571542155 0.5467500259692315 0.025666666391771287 0.0585000027786009
0 0.9134999902162235 0.5447500258742366 0.023666666413191706 0.054500002588611096
