0 0.18560606613755226 0.4530201363377273 0.05303030461072922 0.08724832255393267
0 0.31107955472543836 0.24077181320171803 0.027462122030556202 0.048657718347385526
0 0.3428030405193567 0.21057047077920288 0.022727273404598236 0.03859060420654714
0 0.8920454811304808 0.4630872504785657 0.0416666679084301 0.10067114140838385
0 0.41098486073315144 0.16694630950223655 0.02083333395421505 0.02516778535209596
0 0.442234861664474 0.15352349064778537 0.01515151560306549 0.03187919477932155
0 0.416666679084301 0.21476510167121887 0.02083333395421505 0.03355704713612795
0 0.4285038006491959 0.18036912835668772 0.016098485328257084 0.028523490065708756
0 0.4431818313896656 0.23322147759608924 0.022727273404598236 0.04026845656335354
0 0.47774622635915875 0.23406040377449244 0.027462122030556202 0.03859060420654714
0 0.4715909231454134 0.1342281885445118 0.022727273404598236 0.02013422828167677
0 0.4588068318553269 0.17701342364307493 0.019886364229023457 0.03859060420654714
0 0.474905317183584 0.18540268542710692 0.02367424312978983 0.041946308920159936
0 0.49242425709962845 0.14345637650694698 0.017045455053448677 0.03859060420654714
0 0.5132575910538435 0.14932885975576937 0.01515151560306549 0.03355704713612795
0 0.5336174401454628 0.11744966497644782 0.014204545877873898 0.030201342422515154
0 0.5440341071225703 0.126677852938883 0.01799242477864027 0.028523490065708756
0 0.5449810768477619 0.2021812089951709 0.019886364229023457 0.03859060420654714
0 0.5326704704202712 0.16526845714543015 0.016098485328257084 0.03187919477932155
0 0.5629735016264021 0.15855704771820456 0.016098485328257084 0.041946308920159936
0 0.5989583511836827 0.16359060478862375 0.025568182580173016 0.04530201363377273
0 0.6231060791760683 0.14765100739896297 0.022727273404598236 0.03355704713612795
0 0.6543560801073909 0.15100671211257577 0.018939394503831863 0.04697986599057913
0 0.49242425709962845 0.30788590747397393 0.03030303120613098 0.05872483248822391
0 0.5639204713515937 0.2684563770890236 0.027462122030556202 0.06040268484503031
0 0.5833333507180214 0.29278523626271635 0.03219697065651417 0.07214765134267509
0 0.6107954727485776 0.22399328963365406 0.02651515230536461 0.041946308920159936
0 0.6619318379089236 0.23406040377449244 0.02651515230536461 0.03859060420654714
0 0.6245265337638557 0.30201342422515154 0.036931819282472134 0.07718120841309428
0 0.6699810805730522 0.28942953154910356 0.03314394038170576 0.04530201363377273
0 0.6813447172753513 0.3439597331453115 0.031250000931322575 0.07046979898586869
0 0.6647727470844984 0.1937919472111389 0.02083333395421505 0.04530201363377273
0 0.7514204769395292 0.08808724873233587 0.01799242477864027 0.03859060420654714
0 0.693655323702842 0.17365771892946213 0.02367424312978983 0.03187919477932155
0 0.719223506283015 0.17533557128626853 0.021780303679406643 0.028523490065708756
0 0.7111742636188865 0.24328859173692763 0.028409091755747795 0.06040268484503031
0 0.7362689613364637 0.1887583901407197 0.021780303679406643 0.04530201363377273
0 0.7528409315273166 0.16526845714543015 0.017045455053448677 0.041946308920159936
0 0.7765151746571064 0.1887583901407197 0.02083333395421505 0.03859060420654714
0 0.7945075994357467 0.10402684612199664 0.02083333395421505 0.036912751849740744
0 0.7888257810845971 0.21895973256323487 0.022727273404598236 0.041946308920159936
0 0.7992424480617046 0.18456375924870372 0.028409091755747795 0.04362416127696633
0 0.810132599901408 0.2055369137087837 0.01799242477864027 0.03859060420654714
0 0.8304924489930272 0.17701342364307493 0.017045455053448677 0.03859060420654714
0 0.8063447210006416 0.30285235040355474 0.025568182580173016 0.07214765134267509
0 0.8461174494586885 0.22651006816886365 0.016098485328257084 0.036912751849740744
0 0.8423295705579221 0.3162751692580059 0.027462122030556202 0.0654362419154495
0 0.8607954801991582 0.1929530210327357 0.02083333395421505 0.036912751849740744
0 0.8858901779167354 0.24496644409373403 0.02367424312978983 0.05704698013141751
0 0.8863636627793312 0.2021812089951709 0.01515151560306549 0.041946308920159936
0 0.9034091178327799 0.2013422828167677 0.018939394503831863 0.04026845656335354
0 0.9322916944511235 0.2516778535209596 0.025568182580173016 0.05369127541780472
0 0.9251894215121865 0.30872483365237713 0.024621212854981422 0.05033557070419192
0 0.9086174513213336 0.3766778541030362 0.036931819282472134 0.05872483248822391
0 0.8678977531380951 0.30536912893876433 0.025568182580173016 0.04697986599057913
