0 0.0792910429299809 0.4348534051096067 0.044776118360459805 0.09771986631676555
0 0.24813432258088142 0.27605862234486267 0.02052238758187741 0.03745928208809346
0 0.2868470082466956 0.2630293068359606 0.02518656657775864 0.043973939842544496
0 0.3022387989331037 0.25325732020428404 0.02052238758187741 0.05048859759699553
0 0.3204290970170405 0.25651464908150956 0.023320894979406148 0.04071661096531898
0 0.3143656643223949 0.2076547159231268 0.02052238758187741 0.04071661096531898
0 0.34235073829768226 0.2752442901255563 0.022388059180229902 0.045602604281157255
0 0.3456156635947991 0.2027687226072885 0.019589551782701164 0.047231268719770014
0 0.36007461848203093 0.2076547159231268 0.01865671598352492 0.03745928208809346
0 0.3698693943733815 0.19462540041422471 0.019589551782701164 0.030944624333642423
0 0.3922574535536114 0.2068403837038204 0.021455223381053656 0.03908794652670622
0 0.40531715474207886 0.16449510829988867 0.017723880184348673 0.029315959895029664
0 0.42490670652478 0.17752442380879074 0.019589551782701164 0.029315959895029664
0 0.42490670652478 0.20602605148451403 0.01585820858599618 0.03420195321086794
0 0.43376864661695436 0.22557002474786714 0.016791044385172427 0.03420195321086794
0 0.43749998981365934 0.19381106819491833 0.016791044385172427 0.029315959895029664
0 0.4244402886251919 0.2581433135201223 0.026119402376934886 0.05374592647422105
0 0.4612873026926536 0.1872964104404673 0.021455223381053656 0.04234527540393174
0 0.4547574520984199 0.16205211164196953 0.013992536987643689 0.027687295456416905
0 0.45009327310253866 0.135179148404859 0.01585820858599618 0.029315959895029664
0 0.46595148168853484 0.14983712835237384 0.012126865389291197 0.029315959895029664
0 0.47854476497741416 0.15798045054543763 0.01865671598352492 0.0358306176494807
0 0.47994401867617853 0.12947882286971435 0.01585820858599618 0.027687295456416905
0 0.5125932716473471 0.1514657927909866 0.019589551782701164 0.0358306176494807
0 0.5139925253461115 0.199511393730063 0.01865671598352492 0.04071661096531898
0 0.49906715255929157 0.18892507487908006 0.01865671598352492 0.0358306176494807
0 0.4869402871700004 0.21824103477410972 0.026119402376934886 0.04885993315838277
0 0.48460819767205976 0.29315959895029664 0.02518656657775864 0.061889248667284846
0 0.542444017220987 0.2980455922661349 0.027052238176111132 0.05211726203560829
0 0.5611007332045119 0.24592833023052663 0.02518656657775864 0.04885993315838277
0 0.5984141651715618 0.3143322366522625 0.03264925297116861 0.06514657754451036
0 0.6086753589625005 0.2548859846428968 0.02518656657775864 0.043973939842544496
0 0.5284514802333433 0.12947882286971435 0.013992536987643689 0.027687295456416905
0 0.5452425246185157 0.14576546725584194 0.013992536987643689 0.030944624333642423
0 0.5643656585016288 0.17263843049295247 0.02052238758187741 0.0358306176494807
0 0.5746268522925675 0.14657979947514832 0.01865671598352492 0.0358306176494807
0 0.5517723752127495 0.10667752072913572 0.010261193790938705 0.024429966579191387
0 0.5811567028868012 0.09364820522023365 0.014925372786819935 0.030944624333642423
0 0.58395521028433 0.11889250401873142 0.014925372786819935 0.03257328877225518
0 0.6142723737575579 0.1319218195276335 0.017723880184348673 0.03908794652670622
0 0.6147387916571461 0.09201954078162089 0.016791044385172427 0.024429966579191387
0 0.6389925224357285 0.05048859759699553 0.013059701188467443 0.029315959895029664
0 0.6352611792390235 0.09364820522023365 0.011194029590114951 0.02117263770196587
0 0.6357275971386116 0.1156351751415059 0.013992536987643689 0.022801302140578628
0 0.6511193878250197 0.1669381049578078 0.01865671598352492 0.03420195321086794
0 0.6431902835320216 0.19706839707214385 0.021455223381053656 0.04234527540393174
0 0.603078344167443 0.2076547159231268 0.027052238176111132 0.047231268719770014
0 0.6543843131221365 0.246742662449833 0.030783581372816116 0.05048859759699553
0 0.6930969987879507 0.22068403143202886 0.024253730778582394 0.047231268719770014
0 0.6884328197920695 0.17589575937017798 0.01865671598352492 0.04885993315838277
0 0.6879664018924814 0.14169380615931004 0.019589551782701164 0.03908794652670622
0 0.6665111785114277 0.11319217848358676 0.019589551782701164 0.04071661096531898
0 0.6884328197920695 0.09120520856231451 0.016791044385172427 0.03257328877225518
0 0.6986940135830082 0.1278501584311016 0.01865671598352492 0.03745928208809346
0 0.7238805801607668 0.14902279613306746 0.01865671598352492 0.04071661096531898
0 0.7364738634496462 0.1278501584311016 0.01585820858599618 0.030944624333642423
0 0.7318096844537649 0.10912051738705486 0.010261193790938705 0.022801302140578628
0 0.7439365498430561 0.11644950736081228 0.012126865389291197 0.027687295456416905
0 0.7607275942282286 0.12459282955387607 0.017723880184348673 0.03420195321086794
0 0.7527984899352305 0.14902279613306746 0.016791044385172427 0.043973939842544496
0 0.7789178923121653 0.11319217848358676 0.011194029590114951 0.030944624333642423
0 0.7933768471993972 0.12947882286971435 0.01585820858599618 0.03420195321086794
0 0.8083022199862171 0.11644950736081228 0.013992536987643689 0.027687295456416905
0 0.823227592773037 0.13843647728208452 0.01585820858599618 0.03257328877225518
0 0.8111007273837458 0.16123777942266315 0.01585820858599618 0.03257328877225518
0 0.7910447577014565 0.1677524371771142 0.01865671598352492 0.0358306176494807
0 0.7611940121278167 0.21986969921272248 0.027985073975287378 0.05211726203560829
0 0.7276119233574718 0.18811074265977368 0.02052238758187741 0.03745928208809346
0 0.716884311666945 0.2744299579062499 0.02518656657775864 0.06026058422867209
0 0.6679104322101921 0.3184038977487944 0.02985074557363987 0.06026058422867209
0 0.7835820713080466 0.2825732800993137 0.03171641717199236 0.0635179131058976
0 0.8050372946891002 0.24185666913399473 0.024253730778582394 0.05374592647422105
0 0.8404850550577976 0.1872964104404673 0.01865671598352492 0.04234527540393174
0 0.8460820698528551 0.15065146057168022 0.01865671598352492 0.030944624333642423
0 0.8586753531417344 0.12459282955387607 0.01585820858599618 0.030944624333642423
0 0.8768656512256712 0.18566774600185454 0.02052238758187741 0.03908794652670622
0 0.8852611734182574 0.16123777942266315 0.014925372786819935 0.029315959895029664
0 0.8899253524141386 0.13599348062416539 0.011194029590114951 0.027687295456416905
0 0.9221081874857191 0.1514657927909866 0.01585820858599618 0.029315959895029664
0 0.9188432621886022 0.19706839707214385 0.016791044385172427 0.04234527540393174
0 0.8619402784388512 0.22068403143202886 0.022388059180229902 0.04071661096531898
