0 0.11966604919871315 0.5651815357850865 0.05194805236533284 0.11056105955503881
0 0.2532467552809976 0.27392740128561854 0.016697588260285556 0.03300330135971308
0 0.2820037128403783 0.2450495125958696 0.020408163429237902 0.031353136291727424
0 0.30936920471140184 0.257425750605762 0.017625232052523643 0.042904291767627
0 0.38358070809044875 0.18316832254640758 0.01576994446804747 0.023102310951799154
0 0.4109461999614723 0.19059406535234302 0.01855287584476173 0.031353136291727424
0 0.4322820071829483 0.1806930749444291 0.014842300675809383 0.031353136291727424
0 0.42532467874116264 0.20462046843022108 0.019480519636999816 0.042904291767627
0 0.39981447445461527 0.23019802698399872 0.016697588260285556 0.03465346642769873
0 0.38450835188268684 0.26815182354766876 0.019480519636999816 0.044554456835612655
0 0.35992579138837755 0.2656765759456903 0.020408163429237902 0.036303631495684385
0 0.45315399250830524 0.22854786191601306 0.019480519636999816 0.04125412669964135
0 0.47773655300261453 0.2293729444500059 0.01855287584476173 0.042904291767627
0 0.4689239369763527 0.15759076399262995 0.013914656883571297 0.031353136291727424
0 0.4740259778336622 0.171617167070508 0.014842300675809383 0.03300330135971308
0 0.5074211543542333 0.18234324001241475 0.01855287584476173 0.03465346642769873
0 0.5055658667697571 0.13531353557482362 0.011131725506857038 0.023102310951799154
0 0.5180890579649713 0.1501650211866945 0.013914656883571297 0.026402641087770462
0 0.5315398929524235 0.1468646910507232 0.01855287584476173 0.026402641087770462
0 0.5589053848234471 0.12706271023489535 0.017625232052523643 0.026402641087770462
0 0.5853432329022326 0.13696370064280927 0.01855287584476173 0.03300330135971308
0 0.5964749584090896 0.11798680236097425 0.016697588260285556 0.028052806155756116
0 0.5992578897858039 0.09735973901115358 0.01298701309133321 0.01650165067985654
0 0.6192022313189227 0.0981848215451464 0.008348794130142778 0.024752476019784808
0 0.643320969917113 0.0981848215451464 0.010204081714618951 0.0214521458838135
0 0.665120599034708 0.10231023421511054 0.011131725506857038 0.02970297122374177
0 0.7017625288281124 0.11221122462302446 0.010204081714618951 0.026402641087770462
0 0.6465677231899463 0.13696370064280927 0.009276437922380865 0.02970297122374177
0 0.6164192999422085 0.14273927838075906 0.013914656883571297 0.028052806155756116
0 0.579313548252685 0.17326733213849366 0.019480519636999816 0.03300330135971308
0 0.5310760710563045 0.19801980815827847 0.019480519636999816 0.036303631495684385
0 0.5454545498359948 0.17904290987644345 0.014842300675809383 0.028052806155756116
0 0.7588126220507547 0.12046204996295273 0.014842300675809383 0.02970297122374177
0 0.7708719913498498 0.1254125451669097 0.01298701309133321 0.02970297122374177
0 0.7815398949605878 0.14438944344874471 0.017625232052523643 0.04125412669964135
0 0.80473098976654 0.14438944344874471 0.013914656883571297 0.03795379656367004
0 0.8325603035336826 0.1410891133127734 0.012059369299095124 0.031353136291727424
0 0.8436920290405396 0.13531353557482362 0.013914656883571297 0.03960396163165569
0 0.8631725486775395 0.14026403077878058 0.012059369299095124 0.03300330135971308
0 0.9002783003670629 0.13696370064280927 0.012059369299095124 0.02970297122374177
0 0.9341372987837531 0.15511551639065146 0.011131725506857038 0.026402641087770462
0 0.8882189310679678 0.16666667186655104 0.017625232052523643 0.042904291767627
0 0.8613172610930633 0.17326733213849366 0.017625232052523643 0.03300330135971308
0 0.8242115094035398 0.20627063349820673 0.019480519636999816 0.042904291767627
0 0.7815398949605878 0.1963696430902928 0.019480519636999816 0.042904291767627
0 0.7583488001546357 0.21204621123615652 0.017625232052523643 0.04785478697158396
0 0.7305194863874931 0.19966997322626412 0.017625232052523643 0.03960396163165569
0 0.697124309866922 0.17244224960450083 0.017625232052523643 0.04125412669964135
0 0.686456406256184 0.1559405989246443 0.016697588260285556 0.03465346642769873
0 0.653988873527851 0.18316832254640758 0.016697588260285556 0.03960396163165569
0 0.6767161464376841 0.19719472562428564 0.01576994446804747 0.044554456835612655
0 0.6173469437344465 0.2112211287021637 0.019480519636999816 0.042904291767627
0 0.5649350694729947 0.25000000779982656 0.01855287584476173 0.04125412669964135
0 0.6173469437344465 0.25247525540180504 0.02133580722147599 0.036303631495684385
0 0.5644712475768756 0.2970297122374177 0.026901669974904507 0.049504952039569616
0 0.5064935105619952 0.28877888689748943 0.024118738598190248 0.04620462190359831
0 0.6321892444102559 0.2912541344994679 0.02319109480595216 0.044554456835612655
0 0.7073283915815409 0.2268976968480274 0.019480519636999816 0.04125412669964135
0 0.6980519536591601 0.30115512490738183 0.02875695755938068 0.05115511710755527
0 0.7314471301797312 0.24752476019784808 0.02133580722147599 0.04620462190359831
0 0.7523191155050881 0.3333333437331021 0.029684601351618767 0.07260726299136877
0 0.7861781139217783 0.26815182354766876 0.02319109480595216 0.05115511710755527
0 0.804267167870421 0.23679868725594133 0.01855287584476173 0.04125412669964135
0 0.8121521401044447 0.3828382957726717 0.038033395481761545 0.06270627258345485
0 0.8344155911181588 0.3061056201113388 0.02319109480595216 0.06105610751546919
0 0.8654916581581347 0.2549505030037835 0.020408163429237902 0.04785478697158396
0 0.8761595617688727 0.214521458838135 0.01576994446804747 0.042904291767627
0 0.9243970389652532 0.20379538589622825 0.01576994446804747 0.03795379656367004
0 0.9155844229389913 0.2293729444500059 0.01855287584476173 0.036303631495684385
0 0.9281076141342055 0.2541254204697907 0.017625232052523643 0.03300330135971308
0 0.91141002587392 0.2970297122374177 0.025046382390428334 0.052805282175540924
0 0.8821892464184202 0.3523102420149371 0.027829313767142594 0.06105610751546919
0 0.7555658687779214 0.14768977358471602 0.017625232052523643 0.031353136291727424
