0 0.35000000236323103 0.6331719401059672 0.04181818210054189 0.07506053592078388
0 0.6954545501503162 0.654963708599098 0.038181818439625204 0.060532690258696675
0 0.028181818372104317 0.46852302260231227 0.04181818210054189 0.05569007503800094
0 0.07454545504879206 0.5181598286144435 0.032727272948250175 0.043583536986261606
0 0.10272727342089638 0.473365637823008 0.03090909111779183 0.04116222937591374
0 0.14545454643666744 0.4697336764074862 0.02909090928733349 0.04842615220695734
0 0.1500000010128133 0.43462471605744213 0.02363636379595846 0.036319614155218005
0 0.17181818297831342 0.45278452313505113 0.027272727456875145 0.03874092176556587
0 0.21181818324839696 0.47215498401783407 0.03454545477870852 0.04842615220695734
0 0.2263636378920637 0.43946733127813786 0.027272727456875145 0.04116222937591374
0 0.2618181835860014 0.4951574063161388 0.032727272948250175 0.05084745981730521
0 0.2709090927382931 0.44673125410918146 0.025454545626416802 0.04116222937591374
0 0.31090909300837666 0.47215498401783407 0.03636363660916686 0.053268767427653074
0 0.32363636582158506 0.43704602366779 0.02909090928733349 0.04600484459660947
0 0.3609090933459811 0.47578694543335587 0.03454545477870852 0.04600484459660947
0 0.3700000024982728 0.42857144703157246 0.03090909111779183 0.04842615220695734
0 0.3800000025657937 0.3983051019022241 0.025454545626416802 0.036319614155218005
0 0.34272727504139766 0.400726409512572 0.02363636379595846 0.036319614155218005
0 0.28818182012764737 0.3970944480970502 0.027272727456875145 0.03874092176556587
0 0.23727272887481377 0.3934624866815284 0.027272727456875145 0.036319614155218005
0 0.23545454704435542 0.3607748339418322 0.02363636379595846 0.03389830654487014
0 0.23090909246820956 0.31961260456591845 0.02909090928733349 0.03389830654487014
0 0.18727272853720933 0.35593221872113645 0.025454545626416802 0.029055691324174404
0 0.17090909206308424 0.3292978350073099 0.02909090928733349 0.03874092176556587
0 0.1436363646062091 0.37046006438322365 0.025454545626416802 0.03874092176556587
0 0.09454545518383384 0.364406795357354 0.025454545626416802 0.04116222937591374
0 0.11000000074272975 0.3365617578383535 0.03090909111779183 0.03874092176556587
0 0.27272727456875145 0.3498789496952668 0.025454545626416802 0.04116222937591374
0 0.2963636383647099 0.3401937192538753 0.021818181965500116 0.04116222937591374
0 0.3263636385672726 0.34140437305904925 0.027272727456875145 0.03874092176556587
0 0.3481818205327727 0.3244552197866142 0.02363636379595846 0.03389830654487014
0 0.3790909116505645 0.3426150268642232 0.02363636379595846 0.04116222937591374
0 0.4045454572769813 0.32324456598144025 0.020000000135041773 0.04116222937591374
0 0.4309090938186273 0.3389830654487014 0.02909090928733349 0.03874092176556587
0 0.4527272757841274 0.3171912969555706 0.021818181965500116 0.03874092176556587
0 0.4300000029033981 0.3874092176556587 0.02363636379595846 0.03874092176556587
0 0.41272727551404387 0.44309929269365966 0.025454545626416802 0.043583536986261606
0 0.42545454832725227 0.47094433021266013 0.03636363660916686 0.05569007503800094
0 0.4827272759866901 0.4842615220695734 0.03454545477870852 0.053268767427653074
0 0.4690909122582525 0.4273607932263985 0.02909090928733349 0.04600484459660947
0 0.4890909123932943 0.3910411790711805 0.025454545626416802 0.04600484459660947
0 0.4763636395800859 0.3607748339418322 0.025454545626416802 0.03874092176556587
0 0.49909091246081516 0.3389830654487014 0.02363636379595846 0.03874092176556587
0 0.5309090944938362 0.35593221872113645 0.021818181965500116 0.03874092176556587
0 0.5390909127308987 0.3789346410194412 0.02363636379595846 0.036319614155218005
0 0.5254545490024611 0.4273607932263985 0.03636363660916686 0.05084745981730521
0 0.5427272763918154 0.48668282967992127 0.03454545477870852 0.05811138264834881
0 0.6163636405253783 0.4951574063161388 0.03636363660916686 0.06537530547939241
0 0.6881818228284828 0.49273609870579094 0.03454545477870852 0.060532690258696675
0 0.7663636415381916 0.48668282967992127 0.03454545477870852 0.05811138264834881
0 0.7854545507580042 0.4225181780057028 0.032727272948250175 0.05569007503800094
0 0.8463636420783587 0.47941890684887767 0.03090909111779183 0.053268767427653074
0 0.8554545512306504 0.43704602366779 0.03090909111779183 0.05569007503800094
0 0.9254545517032966 0.4987893677316606 0.032727272948250175 0.05811138264834881
0 0.9136363698053174 0.44309929269365966 0.03090909111779183 0.043583536986261606
0 0.9172727334662341 0.4055690247332677 0.02363636379595846 0.04116222937591374
0 0.9736363702104427 0.4261501394212246 0.03454545477870852 0.06295399786904454
0 0.9809090975322761 0.3535109111107886 0.03090909111779183 0.05811138264834881
0 0.9509090973297134 0.33414045022800565 0.032727272948250175 0.05811138264834881
0 0.8772727331961505 0.39588379429187626 0.020000000135041773 0.036319614155218005
0 0.8527272784849629 0.3837772562401369 0.025454545626416802 0.05084745981730521
0 0.8945454605855048 0.3607748339418322 0.02909090928733349 0.03874092176556587
0 0.8836363696027547 0.34140437305904925 0.025454545626416802 0.03874092176556587
0 0.8200000055367127 0.38135594862978905 0.02909090928733349 0.04600484459660947
0 0.8254545510280877 0.3365617578383535 0.025454545626416802 0.03389830654487014
0 0.7990909144864418 0.3583535263314843 0.020000000135041773 0.03389830654487014
0 0.7818181870970875 0.34140437305904925 0.025454545626416802 0.03874092176556587
0 0.7609090960468166 0.3789346410194412 0.02363636379595846 0.04116222937591374
0 0.7481818232336082 0.3547215649159625 0.02363636379595846 0.036319614155218005
0 0.726363641268108 0.3220339121762663 0.027272727456875145 0.03874092176556587
0 0.7136363684548996 0.346246988279745 0.027272727456875145 0.043583536986261606
0 0.7090909138787538 0.4237288318108767 0.032727272948250175 0.053268767427653074
0 0.694545459235087 0.3934624866815284 0.021818181965500116 0.03147699893452227
0 0.6709090954391286 0.3583535263314843 0.02909090928733349 0.03874092176556587
0 0.6618181862868369 0.33777241164352745 0.021818181965500116 0.021791768493130803
0 0.646363640727941 0.43825667747296393 0.02363636379595846 0.043583536986261606
0 0.6409090952365659 0.3983051019022241 0.027272727456875145 0.036319614155218005
0 0.5981818222207949 0.43099275464192033 0.02909090928733349 0.04842615220695734
0 0.588181822153274 0.39225183287635446 0.027272727456875145 0.03389830654487014
0 0.5827272766618989 0.35593221872113645 0.02363636379595846 0.03874092176556587
0 0.6072727313730866 0.3401937192538753 0.025454545626416802 0.04116222937591374
0 0.6318181860842742 0.3498789496952668 0.02363636379595846 0.04600484459660947
0 0.5527272764593363 0.33050848881248385 0.025454545626416802 0.036319614155218005
