0 0.15917159657692537 0.4125000215135515 0.05088757362682372 0.09583333833143115
0 0.38224851817358285 0.20104167715180665 0.018934911116957664 0.03541666851378977
0 0.4272189320763573 0.26250001369044185 0.02366863889619708 0.054166669491678476
0 0.4508875709725544 0.2281250118976459 0.028402366675436497 0.047916669165715575
0 0.48343194945482537 0.1677083420800045 0.02011834306176752 0.03958333539776504
0 0.5698224814259447 0.13645834045019 0.015384615282528102 0.027083334745839238
0 0.462130174448248 0.3291666838340461 0.027218934730626643 0.054166669491678476
0 0.5147928959922865 0.2906250151572749 0.03313609445467591 0.05625000293366611
0 0.6307692265836522 0.2416666792705655 0.02366863889619708 0.05000000260770321
0 0.6923076877137646 0.18229167617391795 0.016568047227337956 0.04375000228174031
