0 0.13170731719583273 0.5293040313990787 0.039024390280246735 0.06227106251753867
0 0.185365853831172 0.520146522205323 0.04878048785030842 0.06593406619504094
0 0.2451219514477998 0.5036630056565627 0.036585365887731314 0.04761904780752957
0 0.2829268295317888 0.507326009334065 0.02439024392515421 0.03296703309752047
0 0.33048780518583953 0.5183150203665718 0.041463414672762156 0.06959706987254322
0 0.36585365887731314 0.5164835185278207 0.039024390280246735 0.05128205148503184
0 0.39146341499872506 0.4963369983015582 0.02682926831766963 0.04761904780752957
0 0.48414634191431105 0.4377289394615218 0.02682926831766963 0.04029304045252502
0 0.5170731712132692 0.5238095258828253 0.043902439065277576 0.08058608090505004
0 0.539024390745908 0.5036630056565627 0.03414634149521589 0.04761904780752957
0 0.669512195745483 0.5164835185278207 0.03170731710270047 0.05860805884003639
0 0.6963414640631527 0.5146520166890696 0.036585365887731314 0.06227106251753867
0 0.7463414641097188 0.5091575111728162 0.05365853663533926 0.06593406619504094
0 0.787804878782481 0.5018315038178116 0.02926829271018505 0.05128205148503184
0 0.8231707324739546 0.48351648543030024 0.03170731710270047 0.05128205148503184
0 0.8695121959317476 0.507326009334065 0.036585365887731314 0.06959706987254322
0 0.8963414642494172 0.4926739946240559 0.03170731710270047 0.06227106251753867
0 0.9487804886884987 0.5000000019790605 0.05365853663533926 0.07692307722754776
