0 0.20671206220868044 0.43923611438367516 0.03793774318182841 0.07986111170612276
0 0.16196498050703667 0.22743055725004524 0.016536964976694435 0.03819444472901523
0 0.28696498047793284 0.23263889062218368 0.015564202331006527 0.03819444472901523
0 0.3336575874709524 0.2152777793817222 0.017509727622382343 0.03472222248092294
0 0.3497081711248029 0.2612847241689451 0.020428015559446067 0.04340277810115367
0 0.3579766536131501 0.21701389050576836 0.01945525291375816 0.03819444472901523
0 0.3939688715036027 0.1961805570172146 0.01945525291375816 0.031250000232830644
0 0.4090466925117653 0.24392361292848364 0.016536964976694435 0.036458333604969084
0 0.42217898822855204 0.1961805570172146 0.013618677039630711 0.031250000232830644
0 0.4508754862763453 0.2152777793817222 0.01848249026807025 0.03819444472901523
0 0.49270428004092537 0.1736111124046147 0.012645914393942803 0.031250000232830644
0 0.47276264580432326 0.15538194560213014 0.013618677039630711 0.03298611135687679
0 0.4416342411423102 0.15798611228819937 0.015564202331006527 0.024305555736646056
0 0.42412451351992786 0.1631944456603378 0.011673151748254895 0.020833333488553762
0 0.5447470815852284 0.1927083347691223 0.01945525291375816 0.04513888922519982
0 0.5442607002623845 0.15625000116415322 0.016536964976694435 0.031250000232830644
0 0.49173151739523746 0.13888888992369175 0.014591439685318619 0.031250000232830644
0 0.5009727625292726 0.15190972335403785 0.015564202331006527 0.026041666860692203
0 0.6648832683276851 0.05121527815936133 0.014591439685318619 0.02256944461259991
0 0.7334630348486826 0.14322916773380712 0.013618677039630711 0.03298611135687679
0 0.6527237352565862 0.2291666683740914 0.01945525291375816 0.041666666977107525
0 0.6746108947845642 0.23003472393611446 0.016536964976694435 0.03993055585306138
0 0.5992217897437513 0.2352430573082529 0.02334630349650979 0.03298611135687679
0 0.9119649803324137 0.35763889155350626 0.02821011672494933 0.0555555559694767
0 0.8929961087414995 0.24045139068039134 0.017509727622382343 0.04340277810115367
0 0.9221789881121367 0.24305555736646056 0.017509727622382343 0.04513888922519982
0 0.9012645912298467 0.20052083482732996 0.014591439685318619 0.036458333604969084
0 0.9382295717659872 0.20312500151339918 0.014591439685318619 0.03472222248092294
0 0.9547665367426816 0.17881944577675313 0.014591439685318619 0.02777777798473835
