0 0.07767442025942728 0.36312399740563706 0.040000000852160156 0.07890499278437346
0 0.275348843075335 0.196457328973338 0.01860465155914426 0.03542673145420849
0 0.29953489010222256 0.2028985528741032 0.01860465155914426 0.041867955354973674
0 0.3106976810377091 0.18840579909738153 0.02232558187097311 0.045088567305356264
0 0.40651163656730205 0.17552335129585117 0.026046512182801962 0.061191627057269216
0 0.4897674522944726 0.17874396324623376 0.030697675072588027 0.057971015106886625
0 0.5051162898307666 0.15942029154393822 0.02232558187097311 0.054750403156504035
0 0.5409302440821193 0.14975845569279045 0.023255814448930323 0.045088567305356264
0 0.5706976865767501 0.1642512094695121 0.02511627960484475 0.051529791206121445
0 0.5725581517326646 0.28180354565847665 0.030697675072588027 0.061191627057269216
0 0.6283721064100973 0.25845410901820287 0.03441860538441688 0.0660225449828431
0 0.6818604796426371 0.28663446358405054 0.04465116374194622 0.09017713461071253
0 0.7874418772407807 0.22705314250197262 0.0288372099166736 0.0644122390076518
0 0.5990697802044451 0.24235104926628992 0.024186047026887536 0.04991948523093015
