0 0.13317384204128757 0.5464632636867464 0.039872407796792686 0.08044383069500327
0 0.22647527628578246 0.33495146746281534 0.017543859430588782 0.03467406495474279
0 0.2567783062113449 0.33633843006100506 0.01913875574246049 0.040221915347501636
0 0.2775119582656771 0.370319013716653 0.020733652054332197 0.038834952749311924
0 0.3233652272319887 0.36615812592208385 0.02153110021026805 0.04438280314207077
0 0.2850877157470677 0.3009708838071674 0.019936203898396343 0.03328710235655308
0 0.34370015520835295 0.3231622853782028 0.017543859430588782 0.03328710235655308
0 0.34688994783209637 0.29126214561983943 0.014354066806845367 0.030513177160173655
0 0.3803827703814022 0.33356450486462563 0.01913875574246049 0.040221915347501636
0 0.40031897427979857 0.32732317317277193 0.01913875574246049 0.030513177160173655
0 0.3991228020458948 0.29403607081621885 0.016746411274652928 0.02773925196379423
0 0.387161079706857 0.2524271928705275 0.016746411274652928 0.03328710235655308
0 0.41666666147648357 0.25658808066509664 0.013556618650909513 0.02496532676741481
0 0.4290271078934893 0.27184466924518347 0.015948963118717074 0.03328710235655308
0 0.42982455604942515 0.30513177160173655 0.020733652054332197 0.0360610275529325
0 0.4377990376087837 0.33495146746281534 0.022328548366203904 0.040221915347501636
0 0.49242423629038967 0.31622747238725424 0.019936203898396343 0.0360610275529325
0 0.4629186545207631 0.303051327704452 0.019936203898396343 0.040221915347501636
0 0.4545454488834366 0.2399445294868201 0.015948963118717074 0.030513177160173655
0 0.4657097230665386 0.2621359310578555 0.015948963118717074 0.03328710235655308
0 0.4944178566802293 0.25520111806690693 0.017543859430588782 0.03328710235655308
0 0.5083731994091067 0.2711511879460886 0.01515151496278122 0.031900139758363366
0 0.5083731994091067 0.24202497338410467 0.016746411274652928 0.02635228936560452
0 0.5299042996193748 0.24687934247776866 0.01515151496278122 0.03328710235655308
0 0.5430621941923164 0.28016644483432174 0.017543859430588782 0.03328710235655308
0 0.5633971221686807 0.25658808066509664 0.013556618650909513 0.030513177160173655
0 0.5602073295449372 0.23023579129949212 0.011961722339037806 0.02496532676741481
0 0.5546251924533863 0.21775312791578472 0.011961722339037806 0.022191401571035385
0 0.5717703278060071 0.2337031977949664 0.011164274183101952 0.02635228936560452
0 0.5841307742230128 0.24895978637505323 0.01515151496278122 0.029126214561983943
0 0.5897129113145638 0.21914009051397443 0.011961722339037806 0.02496532676741481
0 0.5937001520942431 0.2052704645320773 0.013556618650909513 0.02496532676741481
0 0.6144338041485753 0.21220527752302587 0.013556618650909513 0.02773925196379423
0 0.6244019060977735 0.22399445960763842 0.011164274183101952 0.029126214561983943
0 0.6283891468774527 0.2413314920850098 0.014354066806845367 0.02773925196379423
0 0.6539074878674 0.2274618661031127 0.015948963118717074 0.02773925196379423
0 0.6559011082572397 0.2052704645320773 0.011961722339037806 0.022191401571035385
0 0.6686602787522133 0.22191401571035385 0.011961722339037806 0.02773925196379423
0 0.5267145069956314 0.34396672435104847 0.023125996522139758 0.04715672833845019
0 0.4704944120021537 0.3987517469795421 0.028708133613690734 0.0596393917221576
0 0.5307017477753107 0.4049930786713958 0.029505581769626588 0.05547850392758846
0 0.5729665000399109 0.4403606249252334 0.031100478081498295 0.06518724211491644
0 0.5873205668467563 0.37586686410941184 0.02791068545775488 0.04993065353482962
0 0.5873205668467563 0.32385576667729765 0.023125996522139758 0.03744799015112221
0 0.6251993542537093 0.29542303341440856 0.020733652054332197 0.04160887794569135
0 0.6535087637894321 0.2773925196379423 0.016746411274652928 0.03328710235655308
0 0.6794258288573474 0.298196958610788 0.017543859430588782 0.038834952749311924
0 0.6897926548845135 0.29403607081621885 0.015948963118717074 0.0360610275529325
0 0.6471291785419453 0.36477116332389414 0.026315789145883173 0.05547850392758846
0 0.6722487954539247 0.3529819812392816 0.022328548366203904 0.05409154132939875
0 0.621610837551998 0.4576976574026048 0.031100478081498295 0.06657420471310616
0 0.703349273535423 0.39320389658678323 0.027113237301819026 0.05409154132939875
0 0.6826156214810908 0.5305131938075647 0.035087718861177564 0.06518724211491644
0 0.768740022322163 0.4202496672514826 0.02551834098994732 0.06102635432034731
0 0.8090111541969236 0.4923717223573476 0.03588516701711342 0.072122055105865
0 0.8237639450817369 0.45284328830894083 0.027113237301819026 0.05409154132939875
0 0.6905901030404493 0.24757282377686352 0.01275917049497366 0.029126214561983943
0 0.7133173754846212 0.2510402302723378 0.016746411274652928 0.03328710235655308
0 0.7169058921863325 0.23647712299134582 0.014354066806845367 0.029126214561983943
0 0.730462510837242 0.22954231000039726 0.011164274183101952 0.029126214561983943
0 0.7496012665797025 0.27392511314246804 0.014354066806845367 0.031900139758363366
0 0.7448165776440874 0.2621359310578555 0.01275917049497366 0.022191401571035385
0 0.7679425741662271 0.26560333755332977 0.015948963118717074 0.029126214561983943
0 0.7619617129967082 0.23439667909406126 0.01515151496278122 0.02773925196379423
0 0.790669846610399 0.2447988985804841 0.01515151496278122 0.02635228936560452
0 0.7950558114680462 0.298196958610788 0.017543859430588782 0.04160887794569135
0 0.7922647429222707 0.35228849994018674 0.023125996522139758 0.04438280314207077
0 0.8249601173156407 0.3085991780972108 0.016746411274652928 0.03744799015112221
0 0.8213716006139293 0.2558945993660018 0.014354066806845367 0.031900139758363366
0 0.8333333229529671 0.2697642253478989 0.014354066806845367 0.03467406495474279
0 0.855661871319171 0.24965326767414808 0.014354066806845367 0.02773925196379423
0 0.8712121103599202 0.2711511879460886 0.013556618650909513 0.031900139758363366
0 0.8604465602547862 0.30998614069540054 0.014354066806845367 0.031900139758363366
0 0.8500797342276201 0.3467406495474279 0.020733652054332197 0.04438280314207077
0 0.8381180118885823 0.37101249501574785 0.020733652054332197 0.04576976574026048
0 0.8959330031939317 0.45214980700984597 0.029505581769626588 0.058252429123967886
0 0.888755969790509 0.38210819580126554 0.024720892834011465 0.05409154132939875
0 0.9090908977668732 0.34882109344471246 0.017543859430588782 0.040221915347501636
0 0.9086921736889053 0.3245492479763925 0.02153110021026805 0.04715672833845019
0 0.8891546938684769 0.3009708838071674 0.015948963118717074 0.030513177160173655
0 0.9154704830143601 0.2711511879460886 0.01275917049497366 0.02635228936560452
