0 0.07890625117579475 0.6015228303149343 0.1265625018859282 0.20812182314693928
0 0.04687500069849193 0.36548222601413727 0.06250000093132257 0.11167512461543083
0 0.10000000149011612 0.2994923796504736 0.059375000884756446 0.09644669853150845
0 0.1648437524563633 0.1967005035839975 0.051562500768341124 0.09898476954549551
0 0.18515625275904313 0.31345177022740245 0.0703125010477379 0.1142131956294179
0 0.2453125036554411 0.4111675042659044 0.09062500135041773 0.1776649709790945
0 0.3250000048428774 0.25507613690569997 0.07812500116415322 0.10913705360144377
0 0.39921875594882295 0.2208121782168746 0.06093750090803951 0.09644669853150845
0 0.41640625620493665 0.39213197166100144 0.07343750109430403 0.12436547968536615
0 0.43593750649597496 0.5583756230771542 0.11562500172294676 0.18781725503504276
0 0.6593750098254532 0.3032994861714542 0.1406250020954758 0.23096446227282286
