0 0.5050000239862129 0.48048049211502075 0.03000000142492354 0.042042043060064316
0 0.658000031253323 0.648648664355278 0.04800000227987766 0.08408408612012863
0 0.8130000386154279 0.7072072243317962 0.07000000332482159 0.11111111380159855
0 0.8670000411802903 0.6351351505145431 0.06600000313483179 0.11111111380159855
0 0.5570000264560804 0.6666666828095913 0.050000002374872565 0.07207207381725311
0 0.49800002365373075 0.7402402581647038 0.0720000034198165 0.1471471507102251
0 0.370000017574057 0.8933934150263667 0.1560000074096024 0.19519519992172718
0 0.3680000174790621 0.7417417597025633 0.06400000303983688 0.10810811072587967
0 0.44500002113636583 0.6636636797338724 0.042000001994892955 0.07207207381725311
0 0.36000001709908247 0.6561561720445752 0.04000000189989805 0.06906907074153423
0 0.24200001149438322 0.648648664355278 0.04000000189989805 0.07207207381725311
0 0.20200000959448516 0.7282282458618283 0.05600000265985727 0.08708708919584751
0 0.12800000607967377 0.6906907074153423 0.05200000246986747 0.07807807996869087
0 0.1600000075995922 0.648648664355278 0.028000001329928637 0.048048049211502075
0 0.10000000474974513 0.6456456612795591 0.03200000151991844 0.048048049211502075
0 0.06500000308733433 0.6351351505145431 0.03000000142492354 0.045045046135783195
0 0.06100000289734453 0.6981982151046395 0.05400000256486237 0.07507507689297199
0 0.05200000246986747 0.8828829042613506 0.10000000474974513 0.17417417839169502
0 0.012000000569969416 0.672672688961029 0.020000000949949026 0.060060061514377594
