0 0.2601702930405736 0.36325503524858505 0.047303689643740654 0.09228187962435186
0 0.2876064330339432 0.22986577288247645 0.01892147585749626 0.04026845656335354
0 0.30700094578787684 0.22567114199046046 0.0217596972361207 0.03859060420654714
0 0.3268684954382479 0.22063758492004126 0.016083254478871822 0.03859060420654714
0 0.34342478681355715 0.22567114199046046 0.020813623443245888 0.03859060420654714
0 0.3481551557779312 0.17701342364307493 0.01513718068599701 0.035234899492934346
0 0.36613055784255266 0.1954697995679453 0.01513718068599701 0.035234899492934346
0 0.3760643326677382 0.2038590613519773 0.016083254478871822 0.03187919477932155
0 0.3907284764572978 0.20805369224399328 0.01892147585749626 0.04026845656335354
0 0.37937559094280005 0.17449664510786533 0.01513718068599701 0.02684563770890236
0 0.4058656571432948 0.23489932995289564 0.017029328271746635 0.04026845656335354
0 0.42384105920791626 0.2558724844129756 0.022705771028995514 0.04530201363377273
0 0.4214758747257292 0.20973154460079968 0.01797540206462145 0.04026845656335354
0 0.42431409610435367 0.18624161160551012 0.01797540206462145 0.030201342422515154
0 0.40255439886823297 0.16862416185904294 0.016083254478871822 0.035234899492934346
0 0.42431409610435367 0.15771812153980136 0.014191106893122196 0.02684563770890236
0 0.4422894981689751 0.16191275243181735 0.016083254478871822 0.028523490065708756
0 0.4470198671333492 0.18624161160551012 0.016083254478871822 0.03355704713612795
0 0.4626300847157836 0.1979865781031549 0.017029328271746635 0.04362416127696633
0 0.4777672654017806 0.1929530210327357 0.01513718068599701 0.04026845656335354
0 0.46736045368015766 0.15771812153980136 0.01513718068599701 0.030201342422515154
0 0.47303689643740654 0.1367449670797214 0.01513718068599701 0.028523490065708756
0 0.49621570436283946 0.15520134300459176 0.016083254478871822 0.03859060420654714
0 0.5165562909096479 0.1929530210327357 0.020813623443245888 0.04026845656335354
0 0.5373699143528938 0.16610738332383335 0.01513718068599701 0.036912751849740744
0 0.5411542095243931 0.14429530268535018 0.017029328271746635 0.02684563770890236
0 0.5108798481523991 0.1384228194365278 0.011352885514497757 0.028523490065708756
0 0.4995269626379013 0.126677852938883 0.011352885514497757 0.02516778535209596
0 0.5473036891780794 0.1283557052956894 0.014191106893122196 0.021812080638483167
0 0.5648060543462634 0.15268456446938217 0.01513718068599701 0.030201342422515154
0 0.5586565746925771 0.18456375924870372 0.0217596972361207 0.04697986599057913
0 0.5837275302037597 0.17197986657265574 0.01892147585749626 0.03859060420654714
0 0.5742667922750115 0.12332214822527021 0.011352885514497757 0.02516778535209596
0 0.6007568584755063 0.16191275243181735 0.01513718068599701 0.03187919477932155
0 0.596972563304007 0.14010067179333419 0.013245033100247383 0.03187919477932155
0 0.6007568584755063 0.11912751733325422 0.011352885514497757 0.023489932995289564
0 0.622516555711627 0.139261745614931 0.01513718068599701 0.03355704713612795
0 0.6163670760579407 0.09647651051636785 0.01229895930737257 0.028523490065708756
0 0.6338694412261248 0.11409396026283503 0.01513718068599701 0.030201342422515154
0 0.6532639539800584 0.10570469847880304 0.014191106893122196 0.030201342422515154
0 0.6589403967373073 0.11241610790602863 0.01229895930737257 0.03355704713612795
0 0.6518448432907462 0.1384228194365278 0.017029328271746635 0.02516778535209596
0 0.6423841053619981 0.15687919536139816 0.01513718068599701 0.03187919477932155
0 0.6788079463876784 0.11409396026283503 0.014191106893122196 0.030201342422515154
0 0.6901608319021761 0.11912751733325422 0.016083254478871822 0.036912751849740744
0 0.7038789018988609 0.11493288644123822 0.013245033100247383 0.03187919477932155
0 0.5629139067605138 0.2558724844129756 0.02459791861474514 0.05201342306099832
0 0.6130558177828789 0.2692953032674268 0.02459791861474514 0.055369127774611115
0 0.605014190543443 0.23741610848810524 0.019867549650371075 0.035234899492934346
0 0.6414380315691233 0.2684563770890236 0.028382213786244392 0.0637583895586431
0 0.6613055812194943 0.24832214880734682 0.02459791861474514 0.04697986599057913
0 0.6688741715624928 0.1887583901407197 0.020813623443245888 0.041946308920159936
0 0.7171239349991083 0.1946308733895421 0.017029328271746635 0.04026845656335354
0 0.7010406805202365 0.17953020217828453 0.01513718068599701 0.036912751849740744
0 0.7436140011996031 0.1954697995679453 0.01892147585749626 0.05201342306099832
0 0.7346263001672924 0.14681208122055978 0.016083254478871822 0.035234899492934346
0 0.7526017022319138 0.1342281885445118 0.01797540206462145 0.03355704713612795
0 0.7786187315359712 0.14597315504215658 0.01513718068599701 0.02684563770890236
0 0.7805108791217208 0.1258389267604798 0.011352885514497757 0.023489932995289564
0 0.7918637646362185 0.17701342364307493 0.01513718068599701 0.035234899492934346
0 0.8003784287720919 0.20973154460079968 0.01892147585749626 0.04362416127696633
0 0.7634815508499742 0.2567114105913788 0.02459791861474514 0.04697986599057913
0 0.7284768205136061 0.24328859173692763 0.022705771028995514 0.04026845656335354
0 0.6660359501838684 0.35067114257253706 0.03405865654349327 0.08724832255393267
0 0.7436140011996031 0.380033558816649 0.03027436137199402 0.07214765134267509
0 0.7833491005003452 0.3120805383659899 0.028382213786244392 0.0671140942722559
0 0.837748343590647 0.265939598553814 0.025543992407619953 0.05201342306099832
0 0.8438978232443333 0.22818792052567005 0.020813623443245888 0.04362416127696633
0 0.855250708758831 0.21979865874163806 0.013245033100247383 0.03355704713612795
0 0.8169347201474011 0.2030201351735741 0.01797540206462145 0.04026845656335354
0 0.8287606425583363 0.18120805453509092 0.017029328271746635 0.03355704713612795
0 0.8093661298044026 0.14681208122055978 0.01229895930737257 0.028523490065708756
0 0.8268684949725866 0.14513422886375338 0.01513718068599701 0.03859060420654714
0 0.842478712555021 0.16359060478862375 0.014191106893122196 0.035234899492934346
0 0.8547776718623936 0.15268456446938217 0.01229895930737257 0.03355704713612795
0 0.8666035942733288 0.1887583901407197 0.01513718068599701 0.041946308920159936
0 0.8774834428913891 0.16778523568063974 0.014191106893122196 0.04026845656335354
0 0.8869441808201373 0.253355705877766 0.019867549650371075 0.04697986599057913
0 0.9129612101241946 0.36157718289177865 0.03027436137199402 0.0687919466290623
0 0.9361400180496275 0.2684563770890236 0.01797540206462145 0.04362416127696633
0 0.9309366121888161 0.23070469906087965 0.017029328271746635 0.041946308920159936
0 0.9375591287389398 0.20889261842239648 0.011352885514497757 0.03859060420654714
0 0.9456007559783757 0.1954697995679453 0.014191106893122196 0.03187919477932155
0 0.898297066334635 0.21644295402802527 0.016083254478871822 0.04362416127696633
0 0.9049195828847587 0.1979865781031549 0.01797540206462145 0.03355704713612795
0 0.9068117304705083 0.17114094039425254 0.01229895930737257 0.02684563770890236
0 0.9120151363313198 0.15771812153980136 0.00946073792874813 0.02013422828167677
