0 0.035555556416511536 0.44000001065433025 0.06666666828095913 0.1000000024214387
0 0.02222222276031971 0.35666667530313134 0.04000000096857548 0.07333333510905504
0 0.09666666900739074 0.36333334213122725 0.05111111234873533 0.08666666876524687
0 0.18222222663462162 0.3916666761506349 0.057777779176831245 0.076666668523103
0 0.17000000411644578 0.4450000107754022 0.055555556900799274 0.076666668523103
0 0.21222222736105323 0.540000013075769 0.07777777966111898 0.12000000290572643
0 0.28000000678002834 0.6050000146497041 0.09333333559334278 0.13666666997596622
0 0.21111111622303724 0.31666667433455586 0.035555556416511536 0.07333333510905504
0 0.23555556125938892 0.33333334140479565 0.035555556416511536 0.060000001452863216
0 0.27777778450399637 0.32500000786967576 0.04000000096857548 0.05666666803881526
0 0.3155555631965399 0.3450000083539635 0.04000000096857548 0.07000000169500709
0 0.3666666755452752 0.47833334491588175 0.06666666828095913 0.10333333583548665
0 0.4355555661022663 0.3516666751820594 0.04444444552063942 0.07000000169500709
0 0.4077777876518667 0.31166667421348393 0.033333334140479565 0.05000000121071935
0 0.3900000094436109 0.30333334067836404 0.02444444503635168 0.04666666779667139
0 0.4522222331725061 0.3216666744556278 0.028888889588415623 0.043333334382623434
0 0.4833333450369537 0.3350000081118196 0.033333334140479565 0.06333333486691117
0 0.5844444585964084 0.381666675908491 0.04444444552063942 0.076666668523103
0 0.5155555680394173 0.4966666786931455 0.06666666828095913 0.12000000290572643
0 0.4344444549642503 0.7783333521801978 0.1222222251817584 0.21000000508502126
0 0.7166666840203106 0.761666685109958 0.10888889152556658 0.21666667191311717
0 0.6455555711872876 0.5000000121071935 0.06444444600492716 0.1066666692495346
0 0.6444444600492716 0.4216666768770665 0.057777779176831245 0.076666668523103
0 0.6733333496376872 0.35666667530313134 0.04444444552063942 0.06666666828095913
0 0.763333351816982 0.44000001065433025 0.055555556900799274 0.08666666876524687
0 0.764444462954998 0.3733333423733711 0.04444444552063942 0.07333333510905504
0 0.765555574093014 0.535000012954697 0.07333333510905504 0.13666666997596622
0 0.8333333535119891 0.4666666779667139 0.06222222372889519 0.09333333559334278
0 0.8377777980640531 0.3900000094436109 0.04888889007270336 0.07333333510905504
0 0.843333353754133 0.685000016586855 0.11333333607763052 0.1833333377726376
0 0.9266666891053319 0.38500000932253897 0.057777779176831245 0.08333333535119891
0 0.9811111348681152 0.40333334309980273 0.03777777869254351 0.07333333510905504
