0 0.05833333474583924 0.47222223365679383 0.09333333559334278 0.13555555883795023
0 0.07166666840203106 0.6666666828095913 0.14000000339001417 0.3200000077486038
0 0.32666667457669973 0.45666667772457004 0.08000000193715096 0.14000000339001417
0 0.28583334025461227 0.3733333423733711 0.051666667917743325 0.08000000193715096
0 0.2683333398308605 0.33333334140479565 0.0533333346247673 0.08000000193715096
0 0.22083333868067712 0.30111111840233207 0.03500000084750354 0.04666666779667139
0 0.10250000248197466 0.3677777866832912 0.05500000133179128 0.09111111331731081
0 0.1291666697943583 0.3600000087171793 0.04500000108964741 0.06222222372889519
0 0.14000000339001417 0.3288888968527317 0.033333334140479565 0.04888889007270336
0 0.1300000031478703 0.2966666738502681 0.030000000726431608 0.04222222324460745
0 0.014166667009703815 0.34000000823289156 0.025000000605359674 0.057777779176831245
0 0.3125000075669959 0.2922222292982042 0.02833333401940763 0.05111111234873533
0 0.3600000087171793 0.230000005569309 0.05666666803881526 0.09111111331731081
0 0.4508333442499861 0.34222223050892353 0.0383333342615515 0.04888889007270336
0 0.49500001198612154 0.2844444513320923 0.02666666731238365 0.04444444552063942
0 0.5191666792379692 0.31666667433455586 0.041666667675599456 0.06444444600492716
0 0.5466666799038649 0.2744444510899484 0.030000000726431608 0.04222222324460745
0 0.5491666799644008 0.3211111188866198 0.0383333342615515 0.055555556900799274
0 0.614166681538336 0.3366666748188436 0.05500000133179128 0.08222222421318293
0 0.610000014770776 0.28000000678002834 0.02666666731238365 0.035555556416511536
0 0.6700000162236392 0.3000000072643161 0.030000000726431608 0.057777779176831245
0 0.7083333504851907 0.3155555631965399 0.04000000096857548 0.08000000193715096
0 0.7491666848072782 0.3600000087171793 0.05833333474583924 0.1066666692495346
0 0.7366666845045984 0.2900000070221722 0.030000000726431608 0.04666666779667139
0 0.764166685170494 0.2766666733659804 0.021666667191311717 0.03777777869254351
0 0.7966666859574616 0.3200000077486038 0.03666666755452752 0.07555555738508701
0 0.5900000142864883 0.540000013075769 0.1833333377726376 0.2666666731238365
0 0.8883333548437804 0.3511111196130514 0.07000000169500709 0.12444444745779037
0 0.8791666879551485 0.27777778450399637 0.031666667433455586 0.04000000096857548
0 0.92166668898426 0.2666666731238365 0.030000000726431608 0.04888889007270336
0 0.9791666903765872 0.31888889661058784 0.041666667675599456 0.08222222421318293
