0 0.08666666876524687 0.4925187199842185 0.16666667070239782 0.30673317750915885
0 0.11166666937060654 0.3204488886985928 0.15000000363215804 0.11720698652788997
0 0.04500000108964741 0.25062344991602004 0.08333333535119891 0.07730673579499125
0 0.10500000254251063 0.22568579320795834 0.08333333535119891 0.0573566104285419
0 0.33333334140479565 0.24937656708061695 0.07333333510905504 0.05486284475773573
0 0.28833334031514823 0.2219451447017491 0.05666666803881526 0.04987531341612339
0 0.2516666727606207 0.21072319918312132 0.043333334382623434 0.032418953720480204
0 0.41666667675599456 0.28054863796569407 0.09333333559334278 0.09226932981982827
0 0.5983333478216082 0.33167083421722054 0.19000000460073352 0.16957606561481953
0 0.4833333450369537 0.2294264417141676 0.07333333510905504 0.06483790744096041
0 0.41666667675599456 0.22693267604336143 0.0533333346247673 0.03491271939128637
0 0.5900000142864883 0.22319202753715217 0.0533333346247673 0.03740648506209254
0 0.6750000163447112 0.26433916110545397 0.076666668523103 0.06483790744096041
0 0.765000018524006 0.25062344991602004 0.07000000169500709 0.0573566104285419
0 0.8600000208243728 0.24064838723279536 0.060000001452863216 0.04738154774531722
0 0.8916666882578284 0.32169577153399587 0.11666666949167848 0.10473815817385912
0 0.9750000236090273 0.2842892864719033 0.05000000121071935 0.07481297012418509
0 0.7466666847467422 0.15960100293159485 0.060000001452863216 0.05486284475773573
