0 0.05999999865889549 0.6674999850802124 0.09999999776482582 0.21499999519437551
0 0.16749999625608325 0.754999983124435 0.05999999865889549 0.12999999709427357
0 0.22749999491497874 0.6149999862536788 0.0549999987706542 0.11999999731779099
0 0.33124999259598553 0.5674999873153865 0.042499999050050974 0.10499999765306711
0 0.433749990304932 0.4324999903328717 0.0874999980442226 0.20499999541789293
0 0.5424999878741801 0.49749998888000846 0.06499999854713678 0.15499999653548002
0 0.6799999848008156 0.557499987538904 0.03999999910593033 0.09499999787658453
0 0.7562499830964953 0.5824999869801104 0.042499999050050974 0.12499999720603228
0 0.8162499817553908 0.5799999870359898 0.042499999050050974 0.09999999776482582
0 0.8512499809730798 0.6849999846890569 0.06749999849125743 0.12999999709427357
0 0.9262499792966992 0.6824999847449362 0.07249999837949872 0.14499999675899744
0 0.673749984940514 0.8599999807775021 0.0874999980442226 0.18999999575316906
