0 0.19459889241261408 0.39481065596919507 0.042891184450127184 0.08274894743226469
0 0.29984115055412985 0.2559607272269204 0.021445592225063592 0.043478260515257716
0 0.3133439308439847 0.2601683008251712 0.02303415461210534 0.046283309580758214
0 0.33756950724637136 0.21458625351078808 0.017474186257459223 0.033660588786005974
0 0.35385227171354927 0.25315567816141993 0.026211279386188835 0.043478260515257716
0 0.3705321767774876 0.23422159696929157 0.021445592225063592 0.044880785048007965
0 0.3907863472122699 0.2559607272269204 0.02541699819266796 0.04908835864625871
0 0.4003177215345204 0.22720897430554032 0.01906274864450097 0.033660588786005974
0 0.415409064211417 0.18793828738853335 0.01906274864450097 0.03646563785150647
0 0.42255759495310485 0.24474053096491843 0.02541699819266796 0.05189340771175921
0 0.4447974683716893 0.2265077120391652 0.02065131103154272 0.046283309580758214
0 0.4658459199999925 0.23141654790379107 0.024622716999147087 0.04768583411350846
0 0.43764893763000146 0.16409537033177912 0.014297061483375728 0.033660588786005974
0 0.4519459991133772 0.16830294393002987 0.01270849909633398 0.030855539720505476
0 0.4523431397101376 0.13955119100864977 0.013502780289854854 0.029453015187755227
0 0.46902304477407597 0.15357643633615226 0.013502780289854854 0.03506311331875622
0 0.5059571202727966 0.12973351927939802 0.01906274864450097 0.02664796612225473
0 0.5174741975788493 0.15287517406977713 0.015091342676896602 0.030855539720505476
0 0.5039714172889944 0.1809256647247821 0.019857029838021845 0.03927068691700697
0 0.5496425859164447 0.15988779673352838 0.017474186257459223 0.03927068691700697
0 0.5488483047229238 0.13253856834489852 0.015885623870417476 0.02664796612225473
0 0.5607625226257369 0.18232818925753236 0.022239873418584466 0.03927068691700697
0 0.5305798372719437 0.1318373060785234 0.01270849909633398 0.028050490655004978
0 0.547259742335882 0.24824684229679406 0.028594122966751456 0.04768583411350846
0 0.5416997739812359 0.3008415122749284 0.03494837251491845 0.057503505842760205
0 0.6064336912531871 0.31416549533605576 0.032565528934355825 0.06171107944101095
0 0.6032565664791036 0.25385694042779505 0.027799841773230582 0.056100981310009956
0 0.6028594258823432 0.2089761553797871 0.02700556057970971 0.05049088317900896
0 0.5651310691901017 0.1234221588820219 0.01667990506393835 0.030855539720505476
0 0.5861795208184049 0.1437587646069005 0.01906274864450097 0.04067321144975722
0 0.6068308318499476 0.14516128913965076 0.017474186257459223 0.03506311331875622
0 0.6036537070758641 0.11781206075102091 0.011119936709292233 0.028050490655004978
0 0.6115965190110728 0.11009817582089454 0.014297061483375728 0.03506311331875622
0 0.5933280515600927 0.1030855531571433 0.011119936709292233 0.02384291705675423
0 0.6393963607843034 0.13113604381214827 0.017474186257459223 0.03506311331875622
0 0.6501191568968352 0.11150070035364479 0.015091342676896602 0.032258064253255725
0 0.6437649073486682 0.09677419275976717 0.011914217902813107 0.022440392524003983
0 0.6679904837510549 0.11711079848464578 0.017474186257459223 0.03506311331875622
0 0.6969817473145667 0.10448807768989354 0.011914217902813107 0.029453015187755227
0 0.6894360759761184 0.17251051752828062 0.017474186257459223 0.03927068691700697
0 0.6584591094288044 0.22300140070728958 0.023828435805626214 0.04768583411350846
0 0.6576648282352835 0.2601683008251712 0.028594122966751456 0.04908835864625871
0 0.7954726153111551 0.38008414837531745 0.04209690325660631 0.08415147196501493
0 0.8367752373742405 0.31697054440155625 0.027799841773230582 0.07012622663751245
0 0.7783955696504563 0.29102384054567665 0.023828435805626214 0.05189340771175921
0 0.7482128842966631 0.22230013844091445 0.028594122966751456 0.05469845677725971
0 0.7073074028303381 0.22019635164178908 0.024622716999147087 0.05329593224450946
0 0.7287529950554017 0.1809256647247821 0.01667990506393835 0.044880785048007965
0 0.7164416365558282 0.16269284579902887 0.01906274864450097 0.04207573598250747
0 0.7414614941517357 0.11640953621827066 0.019857029838021845 0.03646563785150647
0 0.7509928684739862 0.1374474042095244 0.013502780289854854 0.030855539720505476
0 0.7795869914407376 0.157784009934403 0.01667990506393835 0.03506311331875622
0 0.7728356012958102 0.20406731951516122 0.022239873418584466 0.04908835864625871
0 0.749007165490184 0.16479663259815425 0.017474186257459223 0.03506311331875622
0 0.7970611776981968 0.17952314019203186 0.018268467450980097 0.03646563785150647
0 0.8129468015686143 0.15077138727065176 0.018268467450980097 0.03506311331875622
0 0.7779984290536959 0.1206171098165214 0.01667990506393835 0.028050490655004978
0 0.8057982708269265 0.11500701168552041 0.018268467450980097 0.033660588786005974
0 0.839952362148324 0.12482468341477215 0.018268467450980097 0.030855539720505476
0 0.8375695185677614 0.18162692699115723 0.018268467450980097 0.043478260515257716
0 0.8204924729070626 0.21107994217891246 0.01906274864450097 0.04067321144975722
0 0.8022240054560825 0.2412342196330428 0.023828435805626214 0.05329593224450946
0 0.8594122513895854 0.2468443177640438 0.023828435805626214 0.05049088317900896
0 0.8796664218243677 0.23141654790379107 0.021445592225063592 0.05049088317900896
0 0.9030977170332335 0.2868162669474259 0.0333598101278767 0.0715287511702627
0 0.9082605447911192 0.2524544158950448 0.02303415461210534 0.04768583411350846
0 0.9197776220971718 0.23352033470291644 0.02541699819266796 0.04067321144975722
0 0.8911834991304204 0.1837307137902826 0.01906274864450097 0.04207573598250747
0 0.8951549050980248 0.14726507593877614 0.017474186257459223 0.03646563785150647
0 0.8558379860187415 0.16409537033177912 0.01667990506393835 0.033660588786005974
0 0.8641779385507107 0.14796633820515126 0.017474186257459223 0.032258064253255725
0 0.880857843614649 0.41725104849319905 0.036536934901960194 0.08555399649776518
