0 0.08730468880094122 0.6122396152641159 0.06835937601863407 0.09739583841292188
0 0.22382812833529897 0.7604167063254863 0.16328125243308023 0.2354166789446026
0 0.3396484425611561 0.7846354575885925 0.08320312623982318 0.13906250725267455
0 0.3050781295460183 0.6648437846743036 0.06406250095460564 0.09010417136596516
0 0.25625000381842256 0.6343750330852345 0.08046875119907781 0.09687500505242497
0 0.3373046925262315 0.6166666988283396 0.06210937592550181 0.0802083375165239
0 0.5044921950175194 0.6604167011100799 0.07070312605355866 0.0989583384944126
0 0.5480468831665348 0.6429687835334335 0.0437500006519258 0.06406250334111974
0 0.6990234479162609 0.6479167004581541 0.05429687580908649 0.0802083375165239
0 0.7433593860769179 0.6760417019249871 0.06484375096624717 0.10416667209938169
0 0.9054687634925358 0.6846354523731861 0.07968750118743628 0.1171875061118044
0 0.44433594412112143 0.4742187747324351 0.02695312540163286 0.041145835479255766
