0 0.02833333401940763 0.42624999047257006 0.04000000096857548 0.07749999826774001
0 0.19583333807531744 0.46874998952262104 0.051666667917743325 0.0824999981559813
0 0.1991666714893654 0.44124999013729393 0.041666667675599456 0.06749999849125743
0 0.3133333409205079 0.4349999902769923 0.07000000169500709 0.1149999974295497
0 0.3533333418890834 0.4237499905284494 0.03666666755452752 0.06749999849125743
0 0.43916667730081826 0.45374998985789716 0.04833333450369537 0.07749999826774001
0 0.44833334418945014 0.4274999904446304 0.030000000726431608 0.05999999865889549
0 0.5141666791168973 0.43624999024905264 0.0383333342615515 0.05749999871477485
0 0.5575000134995207 0.4562499898020178 0.05500000133179128 0.0824999981559813
0 0.609166681417264 0.4387499901931733 0.03500000084750354 0.06249999860301614
0 0.6958333501825109 0.4662499895785004 0.061666668159887195 0.10249999770894647
0 0.7550000182818621 0.41499999072402716 0.076666668523103 0.09999999776482582
0 0.8533333539962769 0.48124998924322426 0.04000000096857548 0.07249999837949872
0 0.9116666887421161 0.48624998913146555 0.030000000726431608 0.05749999871477485
0 0.9550000231247395 0.5012499887961894 0.04000000096857548 0.06249999860301614
