0 0.31687899719690904 0.1960600377060473 0.022292994777671993 0.04690431524068117
0 0.35138006054330617 0.2157598501071334 0.023354565957561135 0.056285178288817406
0 0.406050976307597 0.22138836793601513 0.011677282978780568 0.026266416534781456
0 0.4177282592863776 0.25797373382374644 0.022292994777671993 0.04690431524068117
0 0.443205967603717 0.21951219532638788 0.018046710058115423 0.03377110697329044
0 0.5122080942965113 0.22607879946008325 0.022292994777671993 0.039399624802172184
0 0.5217622349155135 0.13789868680760264 0.013800425338558853 0.028142589144408703
0 0.5902335760183632 0.10694183874875307 0.01273885415866971 0.026266416534781456
0 0.6125265707960352 0.10225140722468495 0.010615711798891425 0.020637898705899715
0 0.6236730681848712 0.11538461549207568 0.009554140619002283 0.020637898705899715
0 0.6544586324016564 0.1041275798343122 0.013800425338558853 0.02439024392515421
0 0.5934182895580307 0.24484052555635571 0.02123142359778285 0.04315197002142668
0 0.6380042791133747 0.23921200772747397 0.02547770831733942 0.050656660459935665
