0 0.1427264402154833 0.34072249807650223 0.029277218505740166 0.060755337006412446
0 0.2776761192653794 0.26026272744638845 0.017383348487783223 0.034482758841477334
0 0.29368709813570604 0.273399016528856 0.020128087722696364 0.034482758841477334
0 0.2991765766055323 0.2471264383639209 0.018298261566087604 0.037766831112094223
0 0.33440073012025096 0.27504105266416445 0.019213174644391984 0.044334975653328
0 0.3650503182434477 0.2873563236789778 0.018298261566087604 0.03940886724740267
0 0.3687099705566652 0.2536945829051547 0.018298261566087604 0.027914614300243556
0 0.38609331904444844 0.18637110135750845 0.012808783096261322 0.031198686570860445
0 0.40027447175816633 0.19458128203405067 0.013723696174565703 0.027914614300243556
0 0.40484903714968823 0.17159277613973245 0.013723696174565703 0.027914614300243556
0 0.42223238563747145 0.17241379420738667 0.015553522331174463 0.03284072270616889
0 0.4249771248723846 0.20032840850763023 0.015553522331174463 0.029556650435552
0 0.44464775605592877 0.22824302280787379 0.018298261566087604 0.03612479497678578
0 0.4528819737606682 0.19704433623701334 0.018298261566087604 0.026272578164935112
0 0.4515096041432116 0.1584564870572649 0.015553522331174463 0.031198686570860445
0 0.471637691865908 0.16830870386911556 0.013723696174565703 0.027914614300243556
0 0.47758462687488645 0.15188834251603112 0.009149130783043802 0.024630542029626667
0 0.4839890184230171 0.192118227831088 0.018298261566087604 0.03940886724740267
0 0.4752973441791255 0.22413793246960267 0.019213174644391984 0.037766831112094223
0 0.510064041154692 0.16830870386911556 0.017383348487783223 0.034482758841477334
0 0.5105214976938441 0.14449917990714312 0.010978956939652562 0.022988505894318223
0 0.5027447365282569 0.125615764351096 0.011893870017956942 0.024630542029626667
0 0.5457456512085628 0.12068965594517067 0.013723696174565703 0.027914614300243556
0 0.5329368681123015 0.18719211942516267 0.017383348487783223 0.03612479497678578
0 0.5402561727387365 0.17980295681627467 0.013723696174565703 0.027914614300243556
0 0.5699908477836289 0.17487684841034934 0.016468435409478843 0.034482758841477334
0 0.560841717000585 0.133004926959984 0.010978956939652562 0.029556650435552
0 0.5777676089492161 0.14860427024541423 0.013723696174565703 0.031198686570860445
0 0.5855443701148033 0.13546798116294667 0.009149130783043802 0.02134646975900978
0 0.5782250654883683 0.11904761980986223 0.009149130783043802 0.01806239748839289
0 0.5841720004973467 0.10673234879504889 0.013723696174565703 0.026272578164935112
0 0.608874653611565 0.14778325217776 0.015553522331174463 0.03284072270616889
0 0.611161936307326 0.11001642106566578 0.014638609252870083 0.029556650435552
0 0.6349496763432398 0.1362889992306009 0.014638609252870083 0.026272578164935112
0 0.6395242417347617 0.11247947526862845 0.010978956939652562 0.024630542029626667
0 0.6294601978734136 0.10262725845677778 0.010978956939652562 0.027914614300243556
0 0.6582799598400015 0.10591133072739467 0.011893870017956942 0.027914614300243556
0 0.6935041133547202 0.10509031265974045 0.010978956939652562 0.03284072270616889
0 0.6765782214060891 0.15270936058368534 0.015553522331174463 0.03284072270616889
0 0.6944190264330246 0.17651888454565778 0.014638609252870083 0.037766831112094223
0 0.6482159159786534 0.18226601101923734 0.021043000801000744 0.03940886724740267
0 0.6678865471621975 0.21100164338713512 0.021957913879305124 0.04105090338271111
0 0.6079597405332606 0.21100164338713512 0.024702653114218265 0.044334975653328
0 0.5686184781661723 0.2471264383639209 0.021043000801000744 0.044334975653328
0 0.5329368681123015 0.33004926319699734 0.032021957740653306 0.05582922860048711
0 0.5356816073472146 0.2775041068671271 0.021043000801000744 0.03940886724740267
0 0.4926806926669087 0.2906403959495947 0.026532479270827025 0.059113300871104
0 0.6193961540120654 0.26026272744638845 0.021957913879305124 0.04761904792394489
0 0.6239707194035873 0.2947454862878658 0.025617566192522645 0.05090312019456178
0 0.6614821556140669 0.3218390825204551 0.03476669697556645 0.06896551768295467
0 0.7063128964509815 0.25697865517577156 0.029277218505740166 0.05747126473579556
0 0.6948764829721767 0.22331691440194845 0.021043000801000744 0.03940886724740267
0 0.7209515057038516 0.2101806253194809 0.020128087722696364 0.04269293951801956
0 0.7305580930260476 0.17241379420738667 0.017383348487783223 0.03284072270616889
0 0.7401646803482436 0.15024630638072267 0.012808783096261322 0.027914614300243556
0 0.7319304626435041 0.11494252947159111 0.014638609252870083 0.03284072270616889
0 0.7589203984534834 0.1288998366217129 0.017383348487783223 0.031198686570860445
0 0.7731015511672013 0.14121510763652623 0.014638609252870083 0.03612479497678578
0 0.7698993553931359 0.19704433623701334 0.017383348487783223 0.052545156329870224
0 0.7465690718963742 0.21592775179306045 0.020128087722696364 0.04761904792394489
0 0.758005485375179 0.2873563236789778 0.024702653114218265 0.06239737314172089
0 0.7351326584175695 0.37110016657970846 0.03934126236708835 0.07553366222418845
0 0.8042085958295502 0.4088669976918027 0.04757548007182777 0.07224958995357156
0 0.892955164425075 0.4022988531505689 0.03842634928878397 0.07224958995357156
0 0.8947849905816838 0.2947454862878658 0.023787740035913885 0.060755337006412446
0 0.8998170125123579 0.24958949256688356 0.017383348487783223 0.045977011788636446
0 0.9112534259911627 0.21921182406367734 0.020128087722696364 0.034482758841477334
0 0.9172003610001411 0.25205254676984623 0.013723696174565703 0.044334975653328
0 0.8586459239886608 0.251231528702192 0.021043000801000744 0.04269293951801956
0 0.849496793205617 0.29638752242317423 0.032021957740653306 0.06403940927702934
0 0.7987191173597239 0.2504105106345378 0.020128087722696364 0.05090312019456178
0 0.8161024658475071 0.2101806253194809 0.020128087722696364 0.059113300871104
0 0.7987191173597239 0.14614121604245156 0.016468435409478843 0.03612479497678578
0 0.8257090531697031 0.14449917990714312 0.013723696174565703 0.029556650435552
0 0.820677031239029 0.1288998366217129 0.010978956939652562 0.027914614300243556
0 0.847209510509856 0.14449917990714312 0.014638609252870083 0.029556650435552
0 0.859103380527813 0.13136289082467556 0.012808783096261322 0.029556650435552
0 0.8513266193622258 0.17487684841034934 0.013723696174565703 0.031198686570860445
0 0.8732845332415309 0.17487684841034934 0.013723696174565703 0.034482758841477334
0 0.8796889247896615 0.15927750512491912 0.011893870017956942 0.029556650435552
0 0.9153705348435324 0.16174055932788178 0.010064043861348182 0.027914614300243556
0 0.8623055763018783 0.20853858918417245 0.017383348487783223 0.03284072270616889
