0 0.03771551710087806 0.4743975726887584 0.0711206893902272 0.10542168281972408
0 0.10560344788245857 0.48192769289016724 0.08620689623057842 0.132530115544796
0 0.17672413727268577 0.5436746785417199 0.09482758585363626 0.12349397130310535
0 0.34051724011078477 0.5451807025820017 0.10344827547669411 0.132530115544796
0 0.4665948258480057 0.5120481736958027 0.07974137901328504 0.12048192322254181
0 0.5581896530929953 0.4728915486484766 0.07758620660752058 0.10240963473916054
0 0.5431034462526441 0.5918674478307366 0.09913793066516519 0.11144577898085117
0 0.6562499975552782 0.2861445676535368 0.07543103420175612 0.11445782706141472
0 0.6745689630042762 0.5120481736958027 0.09913793066516519 0.13855421170592308
0 0.795258617727086 0.5180722698569298 0.0818965514190495 0.1265060193836689
0 0.9245689620729536 0.49849395733326674 0.09482758585363626 0.13554216362535954
