0 0.13981635653181002 0.5634005597094074 0.045909848413430154 0.08645532885566354
0 0.23580967594170943 0.3407780879060738 0.01752921484876424 0.03314120939467102
0 0.2654423962812871 0.34654177649645135 0.021702837431803346 0.04178674228023738
0 0.2900667695212178 0.3731988362269476 0.022537561948411167 0.046109508723020554
0 0.2942403921042569 0.30835733958519995 0.019198663881979883 0.0374639758374542
0 0.3376460669678636 0.3724783751531504 0.02420701098162681 0.047550430870614946
0 0.358931542141363 0.32708932750392705 0.01836393936537206 0.0374639758374542
0 0.3622704402077943 0.2953890402568504 0.01669449033215642 0.03170028724707663
0 0.3944073340971954 0.3386167046846822 0.022537561948411167 0.04322766442783177
0 0.4186143450788222 0.3357348603894934 0.022537561948411167 0.040345820132642984
0 0.41485808475408703 0.2989913456258364 0.01836393936537206 0.03314120939467102
0 0.40692820184631273 0.2636887530097738 0.0158597658155486 0.0374639758374542
0 0.44407344283536077 0.30763687851140276 0.01669449033215642 0.03602305368985981
0 0.4565943105844781 0.3371757825370878 0.01669449033215642 0.040345820132642984
0 0.47996659704949707 0.30907780065899715 0.021702837431803346 0.04178674228023738
0 0.4411519070272334 0.2759365912643261 0.0158597658155486 0.03025936509948224
0 0.43196993734454736 0.2622478308621794 0.01752921484876424 0.0374639758374542
0 0.4686978160752915 0.25216137582901865 0.01752921484876424 0.03170028724707663
0 0.4770450612413697 0.23847261542687193 0.014190316782332957 0.02449567650910467
0 0.48247077059932053 0.26729105837875977 0.015025041298940778 0.03025936509948224
0 0.49999998544808477 0.264409214083571 0.015025041298940778 0.03025936509948224
0 0.5162771135219373 0.2615273697883822 0.0158597658155486 0.03314120939467102
0 0.5308847925625741 0.2773775134119205 0.01836393936537206 0.03314120939467102
0 0.5308847925625741 0.2456772261648439 0.013355592265725136 0.03025936509948224
0 0.5509181809611619 0.25072045368142426 0.015025041298940778 0.034582131542265415
0 0.5646911354851909 0.28818442951887846 0.01752921484876424 0.034582131542265415
0 0.5851418861420825 0.2615273697883822 0.015025041298940778 0.03314120939467102
0 0.578046727750916 0.2226224718033336 0.012520867749117315 0.021613832213915884
0 0.5947412180830725 0.24063399864826351 0.012520867749117315 0.023054754361510277
0 0.6085141726071015 0.25144091475522146 0.01669449033215642 0.03314120939467102
0 0.6143572442233562 0.22190201072953641 0.013355592265725136 0.02593659865669906
0 0.6227044893894345 0.2046109449584037 0.011686143232509494 0.023054754361510277
0 0.63397327036364 0.21829970536055043 0.012520867749117315 0.02449567650910467
0 0.6502503984374925 0.2262247771723196 0.013355592265725136 0.023054754361510277
0 0.6535892965039238 0.24999999260762706 0.015025041298940778 0.03025936509948224
0 0.6865609149099328 0.23342938791029155 0.014190316782332957 0.028818442951887846
0 0.6974123336258344 0.2262247771723196 0.0158597658155486 0.03170028724707663
0 0.6782136697438546 0.20893371140118688 0.014190316782332957 0.028818442951887846
0 0.49874789867317304 0.38688759662909433 0.030884807114489377 0.059077808051370084
0 0.5137729399721138 0.32636886643012986 0.02587646001484245 0.04178674228023738
0 0.5413188490201719 0.3595100758248009 0.029215358081273735 0.059077808051370084
0 0.5592654261272401 0.4092218899168074 0.0317195316310972 0.05475504160858691
0 0.6005842896993272 0.38040344696491957 0.029215358081273735 0.06340057449415326
0 0.6118530706735328 0.3328530160943046 0.02671118453145027 0.04899135301820934
0 0.6510851229541004 0.30475503421621397 0.020033388398587704 0.03890489798504859
0 0.6590150058618747 0.34438039327505976 0.027545909048058093 0.046109508723020554
0 0.6456594135961495 0.4704610811895691 0.037562603247351944 0.07348702952731401
0 0.6001669274410233 0.45461093756603077 0.0317195316310972 0.07636887382250279
0 0.7141068239579909 0.5533141046762466 0.045909848413430154 0.0749279516749084
0 0.676126858452335 0.38472621340770274 0.028380633564665914 0.06051873019896448
0 0.7028380429837853 0.371037453005556 0.023372286465018988 0.053314119460992515
0 0.7404006462311372 0.4099423509906046 0.03505842969752848 0.0561959637561813
0 0.7065943033085205 0.3025936509948224 0.020868112915195525 0.040345820132642984
0 0.6782136697438546 0.2780979744857177 0.019198663881979883 0.0374639758374542
0 0.7191151710576378 0.25432275905041024 0.0158597658155486 0.03602305368985981
0 0.7191151710576378 0.3004322677734308 0.01752921484876424 0.03890489798504859
0 0.7420700952643529 0.2586455254931934 0.015025041298940778 0.03890489798504859
0 0.7495826159138232 0.24063399864826351 0.011686143232509494 0.028818442951887846
0 0.7608513968880288 0.23270892683649436 0.014190316782332957 0.03314120939467102
0 0.7846410456113517 0.2759365912643261 0.01836393936537206 0.03314120939467102
0 0.7954924643272534 0.2420749207958579 0.01836393936537206 0.034582131542265415
0 0.8242904601502232 0.24783860938623548 0.014190316782332957 0.03170028724707663
0 0.8284640827332623 0.27377520804293454 0.012520867749117315 0.028818442951887846
0 0.8267946337000467 0.30907780065899715 0.019198663881979883 0.03890489798504859
0 0.8222036488587037 0.3595100758248009 0.02504173549823463 0.053314119460992515
0 0.8017528982018121 0.4308357221307233 0.030884807114489377 0.06340057449415326
0 0.8459932975820266 0.5136887456174009 0.037562603247351944 0.07925071811769158
0 0.8601836143643595 0.45533139863982797 0.03422370518092066 0.0749279516749084
0 0.9411518924753182 0.47550430870614946 0.039232052280567586 0.0749279516749084
0 0.9286310247262008 0.39913543488364667 0.022537561948411167 0.04899135301820934
0 0.8743739311466925 0.3789625248173252 0.02420701098162681 0.05763688590377569
0 0.8839732630876824 0.34365993220126256 0.020033388398587704 0.053314119460992515
0 0.8601836143643595 0.3148414892493747 0.022537561948411167 0.047550430870614946
0 0.8622704256558791 0.27449566911673173 0.013355592265725136 0.03314120939467102
0 0.8589315275894478 0.25648414227180183 0.015025041298940778 0.028818442951887846
0 0.8902336969622411 0.2586455254931934 0.0158597658155486 0.03314120939467102
0 0.8714523953385651 0.2759365912643261 0.013355592265725136 0.03602305368985981
0 0.9090149985859171 0.2766570523381233 0.015025041298940778 0.034582131542265415
0 0.9040066514862701 0.3220460999873467 0.020033388398587704 0.04466858657542616
0 0.9248747644014657 0.30619595636380836 0.01669449033215642 0.03314120939467102
0 0.9457428773166612 0.3580691536772065 0.01836393936537206 0.04178674228023738
0 0.9482470508664846 0.30979826173279434 0.01669449033215642 0.03170028724707663
0 0.9561769337742589 0.2773775134119205 0.0158597658155486 0.03314120939467102
