0 0.06500000157393515 0.5250626535853371 0.1000000024214387 0.18295739241875708
0 0.33333334140479565 0.7167919757775962 0.1833333377726376 0.31077694054692984
0 0.19000000460073352 0.8959899697219953 0.15666667046025395 0.20802004891447723
0 0.2750000066589564 0.47994987189304084 0.08000000193715096 0.13283207942731678
0 0.20833333837799728 0.5187969894614071 0.060000001452863216 0.10025062598288059
0 0.3616666754242033 0.5350877161836252 0.06666666828095913 0.10776942293159664
0 0.383333342615515 0.49749373144004494 0.043333334382623434 0.08270676643587649
0 0.5008333454607055 0.2531328306067735 0.051666667917743325 0.09523809468373656
0 0.536666679661721 0.3922305741580203 0.043333334382623434 0.08270676643587649
0 0.5883333475794643 0.506265661213547 0.060000001452863216 0.0852130320854485
0 0.540000013075769 0.6115288184955716 0.06333333486691117 0.12030075117945671
0 0.6016666812356561 0.685463655157946 0.08333333535119891 0.14786967332474887
0 0.5033333455212414 0.8972431025467813 0.14000000339001417 0.20551378326490521
0 0.7875000190688297 0.7681704215938225 0.17500000423751771 0.3182957374956459
0 0.7275000176159665 0.5664160368032753 0.07833333523012698 0.13032581377774477
0 0.7058333504246548 0.4223057619528845 0.04500000108964741 0.08270676643587649
0 0.8150000197347254 0.23433583823498338 0.05000000121071935 0.0676691725384444
0 0.8375000202795491 0.511278192512691 0.051666667917743325 0.09523809468373656
0 0.9041666885605082 0.49749373144004494 0.05500000133179128 0.09273182903416455
0 0.8900000215508044 0.5964912245981395 0.07333333510905504 0.11528821988031268
0 0.9533333564177155 0.6867167879827321 0.09333333559334278 0.2355889710597694
0 0.9475000229431316 0.4862155360169709 0.041666667675599456 0.08020050078630447
0 0.6391666821436957 0.4035087695810944 0.04500000108964741 0.08020050078630447
