0 0.18999073334271088 0.4233937301905826 0.03892493073362857 0.07578253536485136
0 0.26506024261470884 0.26606259698746726 0.012974976911209524 0.024711696314625442
0 0.2933271565998439 0.2808896147762425 0.017608897236641496 0.03130148199852556
0 0.2882298442418687 0.251235579198692 0.01853568130172789 0.03130148199852556
0 0.3368860076589044 0.2858319540391676 0.019462465366814286 0.03459637484047562
0 0.3785912905877922 0.2792421683552675 0.015755329106468707 0.03459637484047562
0 0.3600556092860643 0.23558483819942921 0.013901760976295918 0.02965403557755053
0 0.3716404100996442 0.19934101693797857 0.014828545041382313 0.02965403557755053
0 0.39620018782443367 0.2009884633589536 0.013901760976295918 0.023064249893650413
0 0.3929564435966313 0.22817132930504158 0.01853568130172789 0.03130148199852556
0 0.39805375595460646 0.16968698136042804 0.013901760976295918 0.023064249893650413
0 0.43095459026517347 0.18039538309676573 0.016682113171555102 0.0280065891565755
0 0.44856348750181496 0.2347611149889417 0.016682113171555102 0.03130148199852556
0 0.4888785943330731 0.22075782041065395 0.015755329106468707 0.03624382126145065
0 0.4578313281526789 0.18698516878066584 0.012974976911209524 0.0280065891565755
0 0.44949027156690136 0.15321251715067774 0.011121408781036735 0.02635914273560047
0 0.4749768333567772 0.15485996357165277 0.012048192846123129 0.019769357051700354
0 0.516682116285665 0.20428335620090365 0.013901760976295918 0.03624382126145065
0 0.5180722923832946 0.1449752850458026 0.012974976911209524 0.023064249893650413
0 0.5301204852294177 0.17133442778140306 0.011121408781036735 0.02635914273560047
0 0.5092678437649738 0.13261943688848987 0.01019462471595034 0.024711696314625442
0 0.4925857305934187 0.18863261520164087 0.012048192846123129 0.024711696314625442
0 0.5013901792117395 0.16392091888701543 0.012974976911209524 0.0280065891565755
0 0.5597775753121823 0.17051070457091555 0.014828545041382313 0.0280065891565755
0 0.582483784906799 0.17215815099189058 0.015755329106468707 0.0280065891565755
0 0.587117705232231 0.14662273146677762 0.013901760976295918 0.023064249893650413
0 0.6047266024688724 0.15238879394019023 0.015755329106468707 0.024711696314625442
0 0.5903614494600333 0.11943986552068964 0.012974976911209524 0.021416803472675383
0 0.5695088079955895 0.1285008208360523 0.01019462471595034 0.02635914273560047
0 0.5569972231169231 0.12767709762556478 0.011121408781036735 0.024711696314625442
0 0.652919373853365 0.1400329457828775 0.012048192846123129 0.02635914273560047
0 0.6672845268622041 0.11779241909971461 0.012974976911209524 0.024711696314625442
0 0.7080630257260054 0.10543657094240189 0.009267840650863945 0.02965403557755053
0 0.6316033403563779 0.11285007983678952 0.01019462471595034 0.018121910630725324
0 0.6204819315753412 0.10296540131093934 0.01019462471595034 0.024711696314625442
0 0.6404077889746986 0.14085666899336502 0.011121408781036735 0.021416803472675383
0 0.5064874915697146 0.3171334360376932 0.026876737887505442 0.044481053366325796
0 0.5287303091317881 0.34925864124670625 0.021316033496987075 0.049423392629250884
0 0.5602409673447255 0.26029653451405466 0.019462465366814286 0.042833606945350766
0 0.6274328120634891 0.24958813277771696 0.016682113171555102 0.044481053366325796
0 0.6306765562912915 0.2125205883057788 0.017608897236641496 0.03624382126145065
0 0.6696014870249201 0.2182866507791914 0.017608897236641496 0.03789126768242568
0 0.6691380949923769 0.1672158117289655 0.014828545041382313 0.03130148199852556
0 0.6969416169449687 0.18533772235969082 0.01853568130172789 0.044481053366325796
0 0.6964782249124255 0.1565074099926278 0.013901760976295918 0.023064249893650413
0 0.7298424512555357 0.168039534939453 0.013901760976295918 0.03294892841950059
0 0.7418906441016588 0.11696869588922709 0.013901760976295918 0.02965403557755053
0 0.6075069546641316 0.31054365035379305 0.023169601627159864 0.05766062473412603
0 0.6936978727171663 0.3138385431957431 0.02873030601767823 0.051070839050225914
0 0.7293790592229925 0.2520593024091795 0.01853568130172789 0.046128499787300825
0 0.7025023213354871 0.24135090067284182 0.01853568130172789 0.03459637484047562
0 0.7303058432880789 0.20593080262187868 0.012974976911209524 0.03294892841950059
0 0.7511584847525228 0.15733113320311531 0.013901760976295918 0.024711696314625442
0 0.7761816545098554 0.1342668833094649 0.01019462471595034 0.0280065891565755
0 0.7849861031281762 0.14085666899336502 0.012974976911209524 0.0280065891565755
0 0.812789625080768 0.15980230283457786 0.012974976911209524 0.02965403557755053
0 0.8345690506102983 0.14250411541434005 0.012048192846123129 0.024711696314625442
0 0.8679332769534085 0.13014826725702733 0.01019462471595034 0.023064249893650413
0 0.7706209501193371 0.20922569546382874 0.017608897236641496 0.03294892841950059
0 0.7525486608501524 0.23887973104137927 0.01853568130172789 0.042833606945350766
0 0.74930491662235 0.3410214091418311 0.02873030601767823 0.06589785683900118
0 0.7942539437790401 0.2858319540391676 0.01853568130172789 0.047775946208275855
0 0.8090824888204224 0.26029653451405466 0.01853568130172789 0.03953871410340071
0 0.8303985223174095 0.20840197225334123 0.016682113171555102 0.04118616052437574
0 0.8568118681723718 0.1449752850458026 0.012048192846123129 0.023064249893650413
0 0.8521779478469398 0.18039538309676573 0.012048192846123129 0.0280065891565755
0 0.8883225263853092 0.16968698136042804 0.01019462471595034 0.023064249893650413
0 0.8975903670361731 0.18533772235969082 0.012048192846123129 0.0280065891565755
0 0.9291010252491105 0.1614497492555529 0.01019462471595034 0.02635914273560047
0 0.9193697925657034 0.21581548114772886 0.014828545041382313 0.023064249893650413
0 0.923076928826049 0.2504118559882045 0.016682113171555102 0.03624382126145065
0 0.9017608953290619 0.2973640789859928 0.02224281756207347 0.05766062473412603
0 0.8799814697995316 0.37067544471938163 0.026876737887505442 0.06260296399705112
0 0.8146431932109408 0.33937396272085607 0.029657090082764626 0.05930807115510106
0 0.8378127948381007 0.3031301414594054 0.02224281756207347 0.056013178313151
0 0.8651529247581493 0.2677100434084423 0.017608897236641496 0.044481053366325796
0 0.8744207654090133 0.20922569546382874 0.015755329106468707 0.046128499787300825
