0 0.2398467484745197 0.18353782803751528 0.06896551873069257 0.10531697096303105
0 0.2777777837764006 0.5547034635674208 0.09731800976442173 0.12372187850996852
0 0.40421456811600365 0.48721880256198347 0.0773946376866661 0.11349692987278104
0 0.49042146652936935 0.47955009108409286 0.07509578706230968 0.09406952746212482
0 0.5659003953624051 0.4744376167654991 0.06666666810633615 0.08793455827981234
0 0.631417638156563 0.46574641042388976 0.06590038456488401 0.08486707368865609
0 0.6735632329364307 0.44836399774067104 0.05670498206745833 0.0807770942337811
0 0.7256705137551762 0.4212678838521242 0.05823754915036261 0.07770960964262486
0 0.7881226223835256 0.37372187268920243 0.049808430194389075 0.06850715586915612
0 0.8091954197734594 0.36145193432457745 0.03831417707260698 0.05828220723196864
0 0.4478927299787756 0.7796523335855454 0.16015326016349718 0.2341513237915933
0 0.6053639977471903 0.7254601058084518 0.15325670829042792 0.19734150869771838
0 0.730268215003889 0.6262781040277332 0.1333333362126723 0.16666666278615594
0 0.7272030808380805 0.5322085765656084 0.11647509830072522 0.12576686823740602
0 0.7873563388420735 0.4928425243124366 0.08659004018409178 0.1083844555541873
0 0.8298850753926672 0.481083833379671 0.05977011623326689 0.10940695041790605
0 0.9325670699472539 0.46625765785574913 0.09348659205716103 0.1042944760993123
