0 0.1320754736661911 0.555240785703063 0.1320754736661911 0.2266288921236992
0 0.18490566313266754 0.4334277561865747 0.09811320900917053 0.15864022448658943
0 0.35849057137966156 0.5297450353391469 0.10566037893295288 0.2266288921236992
0 0.6481132172048092 0.743626052280888 0.13773585110902786 0.2577903647907078
0 0.8235849179327488 0.5878186889458448 0.12641509622335434 0.2691218093968928
0 0.7396226525306702 0.4107648669742048 0.06415094435214996 0.10764872375875711
0 0.7933962382376194 0.3711048108525574 0.0584905669093132 0.10764872375875711
0 0.7575471810996532 0.16713880794122815 0.05471698194742203 0.10198300145566463
0 0.8622641637921333 0.23796033672988415 0.04528301954269409 0.07365438994020224
0 0.9216981269419193 0.3215297407004982 0.05094339698553085 0.0991501403041184
0 0.9405660517513752 0.4263456033077091 0.06981132179498672 0.1274787518195808
0 0.9745283164083958 0.33144475473091006 0.05094339698553085 0.07932011224329472
0 0.6849056705832481 0.27478753169998527 0.04150943458080292 0.06798866763710976
0 0.6481132172048092 0.29461755976080894 0.043396227061748505 0.06232294533401728
0 0.6141509525477886 0.37960339430719614 0.05094339698553085 0.09065155684947968
0 0.49056604504585266 0.3413597687613219 0.06037735939025879 0.0991501403041184
0 0.48018868640065193 0.2648725176695734 0.03962264209985733 0.05949008418247104
0 0.49056604504585266 0.2351274755783379 0.04150943458080292 0.05099150072783232
0 0.5518868006765842 0.2620396565180272 0.035849057137966156 0.06515580648556352
0 0.5905660465359688 0.2507082119118422 0.03396226465702057 0.05949008418247104
0 0.438679251819849 0.27478753169998527 0.035849057137966156 0.07365438994020224
0 0.38773585483431816 0.2337110450025648 0.03962264209985733 0.06515580648556352
0 0.3698113262653351 0.20254957233555615 0.030188679695129395 0.04815863957628608
0 0.2962264195084572 0.3130311572458595 0.049056604504585266 0.0991501403041184
0 0.21509434282779694 0.31019829609431326 0.05283018946647644 0.08781869569793344
0 0.2207547202706337 0.2648725176695734 0.04150943458080292 0.07648725109174848
0 0.09716981276869774 0.2634560870938003 0.03962264209985733 0.06232294533401728
0 0.059433963149785995 0.25920679536648095 0.04716981202363968 0.08781869569793344
0 0.04150943458080292 0.212464586365968 0.04150943458080292 0.06232294533401728
0 0.02075471729040146 0.2634560870938003 0.03773584961891174 0.07365438994020224
