0 0.10250000248197466 0.3511627893894911 0.07833333523012698 0.11162790656089783
0 0.19250000466126949 0.2860465105623007 0.061666668159887195 0.08372092992067337
0 0.12416666967328638 0.15930232498794794 0.0383333342615515 0.058139534667134285
0 0.15916667052078992 0.1779069760814309 0.02833333401940763 0.0488372091203928
0 0.07916666858363897 0.11744186002761126 0.021666667191311717 0.03488372080028057
0 0.023333333898335695 0.13255813904106617 0.030000000726431608 0.055813953280448914
0 0.01750000042375177 0.06976744160056114 0.021666667191311717 0.03720930218696594
0 0.21833333862014115 0.14418604597449303 0.023333333898335695 0.03720930218696594
0 0.2675000064773485 0.16511627845466137 0.025000000605359674 0.03720930218696594
0 0.30166667397134006 0.16046511568129063 0.02666666731238365 0.041860464960336685
0 0.3525000085355714 0.15581395290791988 0.01833333377726376 0.0325581394135952
0 0.3366666748188436 0.20930232480168343 0.02666666731238365 0.041860464960336685
0 0.383333342615515 0.20697674341499805 0.02666666731238365 0.03720930218696594
0 0.4066666765138507 0.18488372024148703 0.02000000048428774 0.025581395253539085
0 0.44166667736135423 0.19651162717491388 0.02000000048428774 0.039534883573651314
0 0.47750001156236976 0.19883720856159925 0.01833333377726376 0.030232558026909828
0 0.2766666733659804 0.41860464960336685 0.08000000193715096 0.12093023210763931
0 0.5025000121677294 0.5348837189376354 0.08500000205822289 0.162790697067976
0 0.4141666766954586 0.3406976731494069 0.02833333401940763 0.0488372091203928
0 0.5166666791774333 0.3430232545360923 0.03666666755452752 0.06279069744050503
0 0.5758333472767845 0.3581395335495472 0.04500000108964741 0.07441860437393188
0 0.6175000149523839 0.45930232387036085 0.05833333474583924 0.09069767408072948
0 0.7458333513932303 0.6186046488583088 0.12166666961275041 0.17674418538808823
0 0.8675000210059807 0.5441860444843769 0.06833333498798311 0.12093023210763931
0 0.9566666898317635 0.3918604636564851 0.060000001452863216 0.081395348533988
0 0.7400000179186463 0.3337209289893508 0.03666666755452752 0.058139534667134285
0 0.8125000196741894 0.20116278994828463 0.041666667675599456 0.06279069744050503
0 0.7566666849888861 0.2279069758951664 0.02666666731238365 0.041860464960336685
0 0.6833333498798311 0.2267441852018237 0.02000000048428774 0.039534883573651314
0 0.6691666828701273 0.19069767370820045 0.021666667191311717 0.027906976640224457
0 0.6300000152550638 0.19186046440154314 0.016666667070239782 0.025581395253539085
0 0.6191666816594079 0.22441860381513834 0.01833333377726376 0.025581395253539085
0 0.5983333478216082 0.2197674410417676 0.023333333898335695 0.03488372080028057
0 0.5675000137416646 0.19651162717491388 0.01833333377726376 0.025581395253539085
0 0.5525000133784488 0.18837209232151508 0.021666667191311717 0.041860464960336685
0 0.5266666794195771 0.1941860457882285 0.016666667070239782 0.025581395253539085
0 0.5266666794195771 0.2348837200552225 0.02666666731238365 0.04651162773370743
0 0.5083333456423134 0.2581395339220762 0.02000000048428774 0.041860464960336685
0 0.48500001174397767 0.24883720837533474 0.02666666731238365 0.041860464960336685
