0 0.04999999771825969 0.4466019512619823 0.05789473420009017 0.09708738070912659
0 0.18368420214392245 0.43203884415561333 0.045263155829161406 0.07572815695311874
0 0.15210525621660054 0.34563107532449067 0.02842105133458972 0.06213592365384102
0 0.24736840976402164 0.3786407847655937 0.03157894592732191 0.06213592365384102
0 0.2826315660495311 0.32621359918266535 0.02631578827276826 0.05436893319711089
0 0.30473682819865644 0.398058260907419 0.03052631439641118 0.06213592365384102
0 0.37263156194239855 0.456310689332895 0.05052631348371506 0.10097087593749166
0 0.3868420876096934 0.3728155419230461 0.0242105252109468 0.06213592365384102
0 0.41157892858609557 0.38834952283650637 0.03157894592732191 0.05048543796874583
0 0.45263155829161406 0.3388349586748518 0.023157893680036068 0.05631068081129342
0 0.5031578717753291 0.23689320893026888 0.02526315674185753 0.046601942740380764
0 0.5515789221972227 0.441747582226526 0.044210524298250675 0.09514563309494406
0 0.6189473401755095 0.36310680385213345 0.039999998174607754 0.07766990456730127
0 0.7957894373685122 0.5223301082151011 0.06736841797828674 0.14757281867787242
