0 0.019000000902451575 0.42342343367636204 0.034000001614913344 0.10810811072587967
0 0.03600000170990825 0.3918919013813138 0.05600000265985727 0.10510510765016079
0 0.08400000398978591 0.3663663752377033 0.05200000246986747 0.08408408612012863
0 0.2830000134417787 0.3768768860027194 0.04600000218488276 0.08708708919584751
0 0.3470000164816156 0.38288289215415716 0.042000001994892955 0.06906907074153423
0 0.3860000183340162 0.3498498583212495 0.03600000170990825 0.06306306459009647
0 0.43200002051889896 0.3498498583212495 0.03200000151991844 0.057057058438658714
0 0.6080000288784504 0.5090090213343501 0.09200000436976552 0.1771771814674139
0 0.7590000360505655 0.2822822891175747 0.03000000142492354 0.048048049211502075
0 0.8090000384254381 0.4099099198356271 0.07000000332482159 0.12912913225591183
0 0.8430000400403515 0.3768768860027194 0.042000001994892955 0.08108108304440975
0 0.8830000419402495 0.3738738829270005 0.04600000218488276 0.08108108304440975
0 0.9210000437451527 0.36786787677556276 0.050000002374872565 0.08708708919584751
