0 0.10649350448511541 0.36869749787729234 0.12987012742087245 0.2121848848182708
0 0.11818181595299393 0.14495799061842263 0.08051947900094092 0.12605042662471533
0 0.23961038509150967 0.14600841084029526 0.08701298537198454 0.14075630973093212
0 0.3285714223748073 0.4579832167364657 0.1584415554534644 0.2310924488119781
0 0.3253246691892855 0.07247899530921131 0.050649349694140255 0.09033613908104599
0 0.4435064851422794 0.08928571885917336 0.07142857008147985 0.10714286263100803
0 0.4850649259169586 0.22268908703699708 0.08181818027514964 0.1554621928371489
0 0.5870129759423435 0.08613445819355547 0.06493506371043622 0.13025210751220584
0 0.6448051826446317 0.27521009813062847 0.09220779046881944 0.16386555461212993
0 0.8077921925578266 0.1134453839622438 0.062337661162018776 0.13025210751220584
0 0.7688311543315649 0.06302521331235766 0.041558440774679184 0.08823529863730073
0 0.6162337546120398 0.044117649318650365 0.050649349694140255 0.08403361774981022
0 0.8467532307840884 0.04306722909677774 0.038961038226261735 0.08193277730606496
0 0.9246753072366118 0.08298319752793759 0.07272727135568857 0.11974790529347956
