0 0.09333333559334278 0.43343195831403136 0.057777779176831245 0.07988165784627199
0 0.18222222663462162 0.4955621366389096 0.07555555738508701 0.10946745704859495
0 0.230000005569309 0.4955621366389096 0.0688888905569911 0.10355029720813036
0 0.35666667530313134 0.550295865163207 0.11777778062969446 0.1538461558520794
0 0.39333334285765886 0.45414201775565743 0.04444444552063942 0.06804733816534281
0 0.34111111937090755 0.3505917205475271 0.04222222324460745 0.056213018484413624
0 0.5133333457633853 0.4866863968782127 0.0533333346247673 0.0739644980058074
0 0.6022222368046641 0.4467455679550767 0.035555556416511536 0.05917159840464592
0 0.6644444605335593 0.5029585864394903 0.07555555738508701 0.09467455744743347
0 0.6300000152550638 0.5014792964793742 0.04222222324460745 0.06804733816534281
0 0.6433333489112556 0.44526627799496055 0.033333334140479565 0.05029585864394903
0 0.5944444588385522 0.8860946861095726 0.2600000062957406 0.2278106538578868
0 0.7100000171922147 0.46449704747647047 0.06444444600492716 0.0710059180855751
0 0.7711111297830939 0.4718934972770512 0.06666666828095913 0.09763313736766577
0 0.8211111309938133 0.460059177596122 0.03777777869254351 0.06804733816534281
0 0.8688889099285007 0.48520710691809654 0.08888889104127884 0.13017751649022102
0 0.9655555789358914 0.5236686458811164 0.0688888905569911 0.11242603696882725
0 0.9722222457639873 0.4748520771972835 0.055555556900799274 0.08579881768673658
