0 0.2882812542957254 0.46388890012167394 0.04531250067520887 0.07777777966111898
0 0.32421875483123586 0.5916666809935123 0.05781250086147338 0.11666666949167848
0 0.39218750584404916 0.6513889046618715 0.07500000111758709 0.12500000302679837
0 0.38281250570435077 0.308333340799436 0.03125000046566129 0.055555556900799274
0 0.49687500740401447 0.5208333459449932 0.037500000558793545 0.06388889043591917
0 0.6421875095693395 0.4805555671919137 0.037500000558793545 0.07222222397103906
0 0.7367187609779648 0.49305556749459356 0.051562500768341124 0.08611111319623888
0 0.7789062616066076 0.48611112288199365 0.03906250058207661 0.07222222397103906
0 0.7437500110827386 0.6555555714294314 0.07187500107102096 0.12777778087183833
0 0.7000000104308128 0.8722222433425486 0.1312500019557774 0.23888889467343688
0 0.9414062640280463 0.5166666791774333 0.05781250086147338 0.08888889104127884
