0 0.07165775541216135 0.28912213834701106 0.032085562124848366 0.055343511630780995
0 0.27807487174868584 0.21755725261755288 0.01925133727490902 0.030534351244568825
0 0.28930481849238276 0.23854961909819394 0.016042781062424183 0.030534351244568825
0 0.31711230566725135 0.22900763433426619 0.018181818537414074 0.03816793905571103
0 0.3299465305171907 0.20324427547166124 0.013903743587434292 0.04007633600849658
0 0.3470588303171098 0.22900763433426619 0.016042781062424183 0.041984732961282134
0 0.35080214589834213 0.259541985578835 0.02139037474989891 0.04580152686685324
0 0.3588235364295542 0.19083969527855515 0.018181818537414074 0.041984732961282134
0 0.3786096330732107 0.20801526785362512 0.012834224849939346 0.03816793905571103
0 0.38395722676068544 0.1736641227034852 0.014973262324929237 0.030534351244568825
0 0.41925134509801865 0.157442748604808 0.014973262324929237 0.032442748197354376
0 0.43101605121046305 0.15076335927005857 0.012834224849939346 0.030534351244568825
0 0.42139038257300854 0.2013358785188757 0.014973262324929237 0.043893129914067686
0 0.41122995456680655 0.2366412221454084 0.018181818537414074 0.03816793905571103
0 0.4283422543667257 0.24618320690933615 0.020320856012403965 0.041984732961282134
0 0.44438503542914987 0.2003816800424829 0.013903743587434292 0.03435114515013993
0 0.4572192602790892 0.18702290137298405 0.0117647061124444 0.030534351244568825
0 0.4459893135353923 0.16221374098677188 0.014973262324929237 0.030534351244568825
0 0.48609626619145274 0.18606870289659128 0.020320856012403965 0.032442748197354376
0 0.4791443943977356 0.20706106937723234 0.01925133727490902 0.03625954210292548
0 0.48181819124147296 0.1297709927894175 0.0117647061124444 0.02290076343342662
0 0.4893048224039376 0.14408396993530914 0.013903743587434292 0.028625954291783273
0 0.5069518815726042 0.11736641259631142 0.012834224849939346 0.02480916038621217
0 0.519251347053796 0.14885496231727302 0.0117647061124444 0.02671755733899772
0 0.5245989407412708 0.12881679431302473 0.00962566863745451 0.02480916038621217
0 0.5320855719037354 0.17557251965627074 0.0117647061124444 0.030534351244568825
0 0.5401069624349475 0.1536259546992369 0.014973262324929237 0.028625954291783273
0 0.5572192622348666 0.1374045806005597 0.012834224849939346 0.030534351244568825
0 0.5657754121348262 0.1221374049782753 0.010695187374949455 0.02290076343342662
0 0.5577540216036141 0.18034351203823462 0.016042781062424183 0.043893129914067686
0 0.5786096369847655 0.15553435165202245 0.012834224849939346 0.032442748197354376
0 0.5850267494097352 0.13549618364777416 0.014973262324929237 0.02671755733899772
0 0.6069518835283816 0.10973282478516921 0.00962566863745451 0.028625954291783273
0 0.6069518835283816 0.1383587790769525 0.016042781062424183 0.028625954291783273
0 0.6363636488094926 0.11450381716713309 0.008556149899959564 0.02671755733899772
0 0.6422460018657148 0.1335877866949886 0.0117647061124444 0.02671755733899772
0 0.6534759486094117 0.1536259546992369 0.012834224849939346 0.032442748197354376
0 0.6588235422968864 0.13549618364777416 0.010695187374949455 0.02671755733899772
0 0.6556149860844016 0.11259542021434754 0.010695187374949455 0.030534351244568825
0 0.6844919919967651 0.12500000040745363 0.012834224849939346 0.02480916038621217
0 0.6855615107342601 0.11164122173795477 0.010695187374949455 0.02480916038621217
0 0.7139037572778761 0.10591603087959811 0.0117647061124444 0.02480916038621217
0 0.6155080334283412 0.1612595425103791 0.016042781062424183 0.04007633600849658
0 0.6689839703030884 0.18320610746741295 0.016042781062424183 0.03435114515013993
0 0.5962566961534321 0.2204198480467312 0.020320856012403965 0.03625954210292548
0 0.6465240768156946 0.23568702366901562 0.020320856012403965 0.04770992381963879
0 0.6502673923969269 0.20229007699526846 0.01711229979991913 0.03435114515013993
0 0.6898395856842399 0.22232824499951676 0.02139037474989891 0.03625954210292548
0 0.6957219387404621 0.26812977186637 0.022459893487393856 0.043893129914067686
0 0.7053476073779166 0.30916030635125935 0.02887700591236353 0.07251908420585096
0 0.716042794752866 0.1851145044201985 0.016042781062424183 0.03435114515013993
0 0.7390374476090074 0.14408396993530914 0.012834224849939346 0.032442748197354376
0 0.7518716724589467 0.15839694708120078 0.01711229979991913 0.03816793905571103
0 0.7545454693026841 0.2003816800424829 0.018181818537414074 0.03816793905571103
0 0.7256684633903205 0.2442748099565506 0.020320856012403965 0.03816793905571103
0 0.7614973410964012 0.25763358862604946 0.02139037474989891 0.04580152686685324
0 0.7689839722588658 0.3511450393125415 0.027807487174868584 0.06488549639470875
0 0.8101604436524212 0.28530534444143996 0.020320856012403965 0.05152671772520989
0 0.775935844052583 0.1221374049782753 0.0117647061124444 0.02671755733899772
0 0.805347609333694 0.1374045806005597 0.012834224849939346 0.02290076343342662
0 0.8026738124899566 0.1650763364159502 0.016042781062424183 0.02480916038621217
0 0.8048128499649465 0.20229007699526846 0.016042781062424183 0.03816793905571103
0 0.8176470748148859 0.19179389375494793 0.016042781062424183 0.03625954210292548
0 0.8363636527210474 0.16793893184512854 0.014973262324929237 0.03435114515013993
0 0.8310160590335727 0.1374045806005597 0.010695187374949455 0.019083969527855515
0 0.8486631182022393 0.15267175622284412 0.0117647061124444 0.030534351244568825
0 0.8657754180021584 0.14885496231727302 0.0117647061124444 0.02671755733899772
0 0.8401069683022797 0.24618320690933615 0.020320856012403965 0.041984732961282134
0 0.8598930649459362 0.21851145109394565 0.01711229979991913 0.043893129914067686
0 0.8962567020207644 0.23091603128705174 0.014973262324929237 0.041984732961282134
0 0.8802139209583402 0.17461832117987797 0.014973262324929237 0.032442748197354376
0 0.8839572365395725 0.16412213793955743 0.013903743587434292 0.030534351244568825
0 0.9208556329831481 0.1459923668880947 0.012834224849939346 0.032442748197354376
0 0.9192513548769057 0.17652671813266352 0.0117647061124444 0.032442748197354376
0 0.9096256862394512 0.1965648861369118 0.016042781062424183 0.03435114515013993
0 0.8989304988645017 0.21183206175919622 0.013903743587434292 0.03816793905571103
0 0.942246007733047 0.2442748099565506 0.01925133727490902 0.05343511467799544
0 0.9465240826830268 0.20419847394805402 0.012834224849939346 0.03435114515013993
0 0.9620321043767035 0.19083969527855515 0.013903743587434292 0.030534351244568825
0 0.9540107138454914 0.17557251965627074 0.012834224849939346 0.02671755733899772
0 0.921925151720643 0.3311068713082932 0.025668449699878693 0.0629770994419232
