0 0.03600000170990825 0.6223021724727005 0.06400000303983688 0.13669065060094
0 0.03100000147242099 0.48381296067964286 0.042000001994892955 0.08273381483741105
0 0.12800000607967377 0.4802158382954076 0.04000000189989805 0.07553957006894052
0 0.1560000074096024 0.4460431756451726 0.03200000151991844 0.07913669245317578
0 0.21800001035444438 0.5287769904825836 0.05200000246986747 0.08633093722164631
0 0.17300000821705908 0.7086331096943468 0.09400000446476042 0.15827338490635157
0 0.24300001154188067 0.4622302263742313 0.042000001994892955 0.08273381483741105
0 0.2510000119218603 0.40827339061070234 0.034000001614913344 0.06834532530047
0 0.31300001486670226 0.44244605326093733 0.034000001614913344 0.057553958147764206
0 0.3310000157216564 0.4172661965712905 0.026000001234933734 0.057553958147764206
0 0.3040000144392252 0.5665467755170539 0.05200000246986747 0.11151079391129315
0 0.3290000156266615 0.5179856233298779 0.04600000218488276 0.08633093722164631
0 0.43600002070888877 0.5485611635958776 0.05600000265985727 0.08992805960588157
0 0.3960000188089907 0.4694244711427018 0.03600000170990825 0.06834532530047
0 0.3980000189039856 0.4172661965712905 0.03200000151991844 0.05035971337929368
0 0.43600002070888877 0.41007195180281997 0.02400000113993883 0.05035971337929368
0 0.45300002151634544 0.43884893087670207 0.03000000142492354 0.06474820291623473
0 0.4990000237012282 0.4640287875663489 0.03800000180490315 0.07194244768470526
0 0.4770000226562843 0.4064748294185847 0.02200000104494393 0.05035971337929368
0 0.4890000232262537 0.39748202345799655 0.03000000142492354 0.05395683576352894
0 0.5460000259336084 0.41366907418705523 0.02400000113993883 0.057553958147764206
0 0.5640000267885625 0.4226618801476434 0.02400000113993883 0.04676259099505842
0 0.5700000270735472 0.46043166518211365 0.03600000170990825 0.06474820291623473
0 0.5930000281659886 0.5539568471722305 0.050000002374872565 0.10071942675858736
0 0.48400002298876643 0.649280590354465 0.0720000034198165 0.13309352821670473
0 0.6110000290209427 0.4910072054481134 0.034000001614913344 0.06115108053199947
0 0.6150000292109326 0.42625900253187865 0.03000000142492354 0.06115108053199947
0 0.6630000314908102 0.44244605326093733 0.026000001234933734 0.057553958147764206
0 0.6800000322982669 0.46582734875846654 0.028000001329928637 0.06834532530047
0 0.6940000329632312 0.43884893087670207 0.028000001329928637 0.06474820291623473
0 0.729000034625642 0.5395683576352894 0.042000001994892955 0.09352518199011683
0 0.7670000364305452 0.49460432783234864 0.042000001994892955 0.08273381483741105
0 0.749000035575591 0.4478417368372902 0.03800000180490315 0.07553957006894052
0 0.7960000378079712 0.44244605326093733 0.03200000151991844 0.057553958147764206
0 0.853000040515326 0.46582734875846654 0.03000000142492354 0.06834532530047
0 0.8920000423677266 0.4622302263742313 0.028000001329928637 0.06834532530047
0 0.9160000435076654 0.22122302663046867 0.05200000246986747 0.11151079391129315
