0 0.1224637723644264 0.5812379276030697 0.08260869851801544 0.11798839794937521
0 0.2710145021555945 0.5454545610118657 0.07246377062983811 0.1121856898535043
0 0.4210145073593594 0.5551257411716506 0.06811594439204782 0.12765957810916007
0 0.6188406011788175 0.5522243871237151 0.06376811815425754 0.11798839794937521
0 0.713043502997607 0.559961331251543 0.07246377062983811 0.11798839794937521
0 0.8978261181036942 0.38491297035943717 0.07101449521724135 0.10444874572567642
0 0.7652174178510904 0.3046421750332229 0.06086956732906401 0.09090909350197762
0 0.6753623422700912 0.41102515679085627 0.05797101650387049 0.11025145382154733
0 0.5391304534859955 0.39168279647128657 0.07246377062983811 0.12959381414111704
0 0.4333333483664319 0.35299807583214715 0.06956521980464458 0.11798839794937521
0 0.26666667591780424 0.35976790194399655 0.0840579739306122 0.11605416191741824
0 0.14855072979116812 0.18858801311580464 0.07391304604243487 0.12959381414111704
0 0.222463775833603 0.18762089509982616 0.050724639440886676 0.0928433295339346
0 0.2717391398618929 0.1576402366044931 0.04782608861569315 0.09090909350197762
0 0.33478262030985206 0.12185687001328915 0.05217391485348344 0.10444874572567642
0 0.4289855221286416 0.13346228620503098 0.05507246567867696 0.08897485747002065
0 0.542029004311189 0.12669246009318158 0.05217391485348344 0.10251450969371945
0 0.591304368339479 0.13539652223698795 0.05507246567867696 0.0928433295339346
0 0.6543478487874381 0.14700193842872977 0.056521741091273725 0.08123791334219277
0 0.7572464030818082 0.12959381414111704 0.050724639440886676 0.08897485747002065
0 0.8557971311383881 0.15667311858851463 0.0536231902660802 0.0928433295339346
