0 0.030701754614710808 0.33132528886199 0.05263157933950424 0.12048192322254181
0 0.0811403514817357 0.3403614331036806 0.05701754428446293 0.10240963473916054
0 0.19517544005066156 0.3072289042174816 0.0657894741743803 0.12048192322254181
0 0.17543859779834747 0.23493975028395653 0.05263157933950424 0.09638553857803345
0 0.22587719466537237 0.1265060193836689 0.05701754428446293 0.09638553857803345
0 0.3070175461471081 0.12951806746423244 0.061403509229421616 0.10240963473916054
0 0.3092105286195874 0.3674698658287525 0.0657894741743803 0.10843373090028763
0 0.4035087749361992 0.29518071189522743 0.07017543911933899 0.10843373090028763
0 0.36184210795909166 0.24999999068677425 0.05701754428446293 0.10240963473916054
0 0.47807017900049686 0.10240963473916054 0.061403509229421616 0.09638553857803345
0 0.5635964954271913 0.09939758665859699 0.05701754428446293 0.11445782706141472
0 0.6907894788309932 0.0933734904974699 0.0657894741743803 0.11445782706141472
0 0.7587719354778528 0.13554216362535954 0.061403509229421616 0.11445782706141472
0 0.5285087758675218 0.25602408684790134 0.05701754428446293 0.11445782706141472
0 0.49780702125281096 0.5783132314682007 0.08333333395421505 0.132530115544796
0 0.6425438644364476 0.6265060007572174 0.07456140406429768 0.14457830786705017
0 0.6535087767988443 0.2801204714924097 0.061403509229421616 0.1265060193836689
0 0.804824567399919 0.3584337215870619 0.05701754428446293 0.1265060193836689
0 0.8552631642669439 0.24999999068677425 0.07017543911933899 0.1265060193836689
0 0.9342105332762003 0.29518071189522743 0.061403509229421616 0.12048192322254181
0 0.9692982528358698 0.29518071189522743 0.05263157933950424 0.14457830786705017
