0 0.19752520401380025 0.4009740256005898 0.05224564560921863 0.09090909082442522
0 0.27497708215378225 0.2637987010530196 0.018331805476918817 0.03409090905915946
0 0.2960586584522389 0.27272727247327566 0.018331805476918817 0.035714285681024194
0 0.29514206817839295 0.24188311665784568 0.020164986024610698 0.035714285681024194
0 0.34647112351376563 0.2719155841623433 0.020164986024610698 0.03733766230288893
0 0.3703024706337601 0.2792207789607346 0.02383134711999446 0.04220779216848314
0 0.36617781440145336 0.19886363617843017 0.017415215203072876 0.030844155815429986
0 0.3886342761106789 0.22402597381733358 0.020164986024610698 0.04220779216848314
0 0.40192483508144505 0.1753246751613915 0.019248395750764757 0.02922077919356525
0 0.4257561822014395 0.1826298699597828 0.017415215203072876 0.03733766230288893
0 0.4395050363091286 0.22808441537199542 0.017415215203072876 0.043831168790347874
0 0.4692942202091217 0.23295454523758963 0.02383134711999446 0.043831168790347874
0 0.4505041195952799 0.18831168813630939 0.017415215203072876 0.035714285681024194
0 0.464711268839892 0.13879870116943493 0.01099908328615129 0.02110389608424157
0 0.4711274007568136 0.15584415569901466 0.012832263833843172 0.02922077919356525
0 0.47800182781065814 0.1931818180019036 0.017415215203072876 0.035714285681024194
0 0.4876260256860405 0.19642857124563307 0.018331805476918817 0.035714285681024194
0 0.5178735047229566 0.19642857124563307 0.020164986024610698 0.04220779216848314
0 0.510999077669112 0.1550324673880823 0.013748854107689112 0.030844155815429986
0 0.5054995360260364 0.132305194681976 0.010082493012305349 0.02110389608424157
0 0.5380384907475673 0.1371753245475702 0.014665444381535053 0.02435064932797104
0 0.5517873448552564 0.12824675312731415 0.01099908328615129 0.025974025949835777
0 0.558203476772178 0.14123376610223204 0.014665444381535053 0.02922077919356525
0 0.5765352822490968 0.1420454544131644 0.014665444381535053 0.02435064932797104
0 0.5815765287552495 0.12581168819451705 0.01191567355999723 0.027597402571700513
0 0.5912007266306318 0.10633116873214021 0.012832263833843172 0.02110389608424157
0 0.6113657126552425 0.10957792197586969 0.012832263833843172 0.027597402571700513
0 0.588450955809094 0.17613636347232386 0.016498624929226935 0.030844155815429986
0 0.6081576466967817 0.14772727258969098 0.015582034655380994 0.02922077919356525
0 0.63565535491216 0.14042207779129967 0.015582034655380994 0.030844155815429986
0 0.6384051257336978 0.10957792197586969 0.01191567355999723 0.02435064932797104
0 0.665444538812153 0.10957792197586969 0.014665444381535053 0.027597402571700513
0 0.6856095248367637 0.116883116774261 0.014665444381535053 0.02922077919356525
0 0.495875338150654 0.2970779218012467 0.025664527667686343 0.05519480514340103
0 0.5348304247891065 0.3230519477510825 0.030247479036916047 0.05519480514340103
0 0.5614115427306388 0.2670454542967491 0.024747937393840402 0.05032467527780682
0 0.6031164001906291 0.21996753226267174 0.020164986024610698 0.0405844155466184
0 0.6168652542983182 0.249188311456237 0.02383134711999446 0.047077922034077346
0 0.5838680044398643 0.3230519477510825 0.031164069310761988 0.0584415583871305
0 0.6526122749783099 0.2086038959096186 0.02199816657230258 0.0405844155466184
0 0.6484876187460031 0.17613636347232386 0.017415215203072876 0.0405844155466184
0 0.6755270318244584 0.16071428556460887 0.014665444381535053 0.03246753243729472
0 0.6984417886706069 0.18749999982537702 0.020164986024610698 0.03733766230288893
0 0.7213565455167554 0.17370129853952676 0.018331805476918817 0.03246753243729472
0 0.7208982503798325 0.20211038942215964 0.015582034655380994 0.0405844155466184
0 0.7213565455167554 0.24999999976716936 0.025664527667686343 0.05519480514340103
0 0.7007332643552218 0.23701298679225147 0.02108157629845664 0.04870129865594208
0 0.6892758859321475 0.3222402594401501 0.03299724985845387 0.06331168825272471
0 0.7337305142136756 0.3676948048523627 0.03391384013229981 0.07954545447137207
0 0.7882676355075091 0.3887987009366043 0.03299724985845387 0.0762987012276426
0 0.8881759753567167 0.4293831164832227 0.04216315259691328 0.08279220771510154
0 0.8253895415982697 0.2995129867340438 0.028414298489224166 0.05681818176526576
0 0.759395041881362 0.27597402571700513 0.026581117941532284 0.0584415583871305
0 0.7493125488690566 0.2134740257752128 0.02291475684614852 0.043831168790347874
0 0.7699358300305903 0.2004870128002949 0.020164986024610698 0.043831168790347874
0 0.7447295974998269 0.1420454544131644 0.017415215203072876 0.03409090905915946
0 0.7328139239398297 0.12499999988358468 0.017415215203072876 0.03246753243729472
0 0.7571035661967471 0.13392857130384073 0.012832263833843172 0.03409090905915946
0 0.774977076536743 0.1420454544131644 0.015582034655380994 0.03409090905915946
0 0.8010998993413523 0.14772727258969098 0.018331805476918817 0.03246753243729472
0 0.820348295092117 0.14123376610223204 0.014665444381535053 0.03246753243729472
0 0.8354720346105751 0.12824675312731415 0.013748854107689112 0.03246753243729472
0 0.8460128227598034 0.1501623375224881 0.014665444381535053 0.030844155815429986
0 0.8395966908428818 0.16801948036300018 0.012832263833843172 0.03733766230288893
0 0.820348295092117 0.202922077733092 0.018331805476918817 0.04870129865594208
0 0.7988084236567374 0.25730519456556067 0.02291475684614852 0.05357142852153629
0 0.851970659539802 0.25487012963276356 0.024747937393840402 0.051948051899671555
0 0.8945921072736382 0.30844155815429986 0.03483043040614575 0.06818181811831892
0 0.9055911905597895 0.26298701274208724 0.02199816657230258 0.04545454541221261
0 0.9175068641197868 0.22159090888453647 0.018331805476918817 0.047077922034077346
0 0.9184234543936327 0.1623376621864736 0.01099908328615129 0.02922077919356525
0 0.8721356455644127 0.2004870128002949 0.019248395750764757 0.03409090905915946
0 0.8776351872074883 0.1704545452957973 0.019248395750764757 0.038961038924753666
0 0.8606782671413384 0.132305194681976 0.012832263833843172 0.027597402571700513
