0 0.051311728777363896 0.6121398991672322 0.08024691417813301 0.11008230119477957
0 0.108989198342897 0.626285989274038 0.055169753497466445 0.08590534719405696
0 0.12345679104328156 0.585390928783454 0.040123457089066505 0.06893003906589001
0 0.16300154442433268 0.5933641795709264 0.052854938665404916 0.07870370132150128
0 0.27893518726341426 0.5974794057838153 0.119598766323179 0.1898148090695031
0 0.3514660520013422 0.5871913402515929 0.039351852145045996 0.07253086200216785
0 0.4324845711234957 0.6154835204652045 0.08796296361833811 0.129115222429391
0 0.44675926258787513 0.39326130496920086 0.04861111147329211 0.08590534719405696
0 0.5439814855344594 0.5707304354000371 0.038580247201025486 0.07355966855539009
0 0.5785108067793772 0.6080246729543433 0.06520061776973307 0.10390946187544614
0 0.6003086464479566 0.5565843452932313 0.0316358027048409 0.04320987523533404
0 0.5619213004829362 0.5540123289101757 0.022762345848605037 0.05041152110788971
0 0.6521990789333358 0.6147119155502878 0.055169753497466445 0.08847736357711256
0 0.6817129680421203 0.5727880485064816 0.038580247201025486 0.06738682923605666
0 0.7067901287227869 0.5555555387400091 0.03549382742494345 0.06790123251266778
0 0.7561728451400995 0.5419238519098144 0.02546296315267682 0.04269547195872292
0 0.8510802532546222 0.3829732394369785 0.1188271613791585 0.18878600251628086
0 0.8206018579658121 0.6430040957638994 0.14969135913997889 0.2561728317523375
