0 0.24134311359375715 0.3862782052019611 0.04826862271875143 0.09962406265549362
0 0.23032527579925954 0.234962411923334 0.026232947129756212 0.04511278308928013
0 0.34050365374423563 0.2424812091048807 0.017838404048234224 0.030075188726186752
0 0.4045120447408408 0.18609023024328053 0.01993703981861472 0.03759398590773344
0 0.48845747555606067 0.19736842601560056 0.015739768277853727 0.030075188726186752
0 0.5157397405710071 0.18421053094789386 0.017838404048234224 0.03759398590773344
0 0.5766001779120415 0.3073308347957209 0.024134311359375715 0.05451127956621349
0 0.6133263038937002 0.16541353799402714 0.015739768277853727 0.02631579013541341
0 0.8378803313244134 0.22556391544640064 0.01993703981861472 0.04511278308928013
0 0.88667361298576 0.14661654504016042 0.012591814622282982 0.030075188726186752
