0 0.5291666794801131 0.7900000191293657 0.13166666985489428 0.24222222808748484
0 0.4450000107754022 0.6688889050856233 0.13333333656191826 0.2000000048428774
0 0.33416667475830764 0.5944444588385522 0.10500000254251063 0.1444444479420781
0 0.3350000081118196 0.4811111227609217 0.09333333559334278 0.11777778062969446
0 0.3150000076275319 0.40111112082377076 0.08333333535119891 0.11333333607763052
0 0.2591666729422286 0.34888889733701944 0.06500000157393515 0.08888889104127884
0 0.22583333880174905 0.307777785230428 0.041666667675599456 0.06444444600492716
0 0.19666667142882943 0.3000000072643161 0.04000000096857548 0.06222222372889519
0 0.14833333692513406 0.27888889564201236 0.04666666779667139 0.060000001452863216
0 0.08000000193715096 0.17111111525446177 0.04000000096857548 0.057777779176831245
0 0.18666667118668556 0.1755555598065257 0.03666666755452752 0.04000000096857548
0 0.22083333868067712 0.2377777835354209 0.0383333342615515 0.04888889007270336
0 0.24083333916496485 0.17777778208255768 0.025000000605359674 0.031111111864447594
0 0.2741666733054444 0.22000000532716513 0.021666667191311717 0.035555556416511536
0 0.3000000072643161 0.19666667142882943 0.030000000726431608 0.04666666779667139
0 0.33166667469777167 0.20444444939494133 0.033333334140479565 0.04888889007270336
0 0.35666667530313134 0.24333333922550082 0.043333334382623434 0.0688888905569911
0 0.3975000096252188 0.2522222283296287 0.031666667433455586 0.06444444600492716
0 0.4191666768165305 0.2544444506056607 0.031666667433455586 0.06444444600492716
0 0.4458333441289142 0.2533333394676447 0.04500000108964741 0.07555555738508701
0 0.4758333448553458 0.2677777842618525 0.041666667675599456 0.07333333510905504
0 0.5216666792985052 0.27111111767590046 0.0533333346247673 0.0844444464892149
0 0.5425000131363049 0.30111111840233207 0.05500000133179128 0.09555555786937475
0 0.6583333492744714 0.27888889564201236 0.06666666828095913 0.10888889152556658
0 0.7091666838387027 0.39555556513369083 0.07833333523012698 0.09333333559334278
0 0.8358333535725251 0.34777778619900346 0.09833333571441472 0.1444444479420781
0 0.9550000231247395 0.384444453753531 0.09000000217929482 0.15555555932223797
0 0.9733333569020033 0.21555556077510118 0.023333333898335695 0.031111111864447594
0 0.9358333559939638 0.2077777828089893 0.021666667191311717 0.033333334140479565
0 0.922500022337772 0.17888889322057366 0.025000000605359674 0.04222222324460745
0 0.8833333547227085 0.21555556077510118 0.02000000048428774 0.031111111864447594
0 0.8808333546621725 0.19666667142882943 0.01833333377726376 0.028888889588415623
0 0.8475000205216929 0.19555556029081345 0.01833333377726376 0.031111111864447594
0 0.8325000201584771 0.1833333377726376 0.01833333377726376 0.02444444503635168
0 0.8141666863812134 0.2000000048428774 0.021666667191311717 0.02666666731238365
0 0.7741666854126379 0.20555556053295732 0.01833333377726376 0.02444444503635168
0 0.7950000192504376 0.20444444939494133 0.023333333898335695 0.02222222276031971
0 0.7283333509694785 0.17777778208255768 0.016666667070239782 0.017777778208255768
0 0.7091666838387027 0.1766666709445417 0.01833333377726376 0.02444444503635168
0 0.692500016768463 0.1688888929784298 0.01833333377726376 0.02222222276031971
0 0.6608333493350074 0.1833333377726376 0.01833333377726376 0.028888889588415623
0 0.6275000151945278 0.17444444866850972 0.015000000363215804 0.02444444503635168
0 0.5950000144075602 0.17222222639247775 0.02000000048428774 0.02000000048428774
0 0.5883333475794643 0.12777778087183833 0.02000000048428774 0.028888889588415623
0 0.5641666803276166 0.17222222639247775 0.015000000363215804 0.02000000048428774
0 0.5508333466714248 0.1677777818404138 0.015000000363215804 0.02000000048428774
0 0.5600000135600567 0.15111111477017403 0.01000000024214387 0.017777778208255768
0 0.5483333466108888 0.1311111142858863 0.013333333656191826 0.02666666731238365
0 0.5291666794801131 0.1600000038743019 0.011666666949167848 0.013333333656191826
0 0.46166667784564197 0.14111111452803016 0.016666667070239782 0.02000000048428774
0 0.3608333420706913 0.1300000031478703 0.015000000363215804 0.02000000048428774
