0 0.1261980808340013 0.3720112440059893 0.03354632528498769 0.06329113792162389
0 0.12819488591048867 0.31997186393709853 0.03274760325439274 0.05766525899525732
0 0.18091053992975503 0.3150492198765278 0.03274760325439274 0.06469760765321553
0 0.16174121119547635 0.37763712293235585 0.03434504731558263 0.06329113792162389
0 0.18610223312862217 0.3895921156508848 0.0479233218356967 0.09001406282186508
0 0.23881788714788854 0.2953586436342448 0.0319488812237978 0.05344584980048239
0 0.29552715132012963 0.2953586436342448 0.0319488812237978 0.0703234865795821
0 0.29233226319774985 0.26300983980763704 0.030351437162607908 0.04500703141093254
0 0.319488812237978 0.24613220302853733 0.03514376934617758 0.06751054711639881
0 0.34744408330880105 0.34388184937415645 0.03993610152974725 0.08016877470072359
0 0.36781149508897215 0.388888880785089 0.05031948792748153 0.08860759309027344
0 0.42611820332240313 0.2988748179632239 0.03274760325439274 0.08016877470072359
