0 0.07545454596402124 0.5819671971257776 0.05272727308329195 0.07650273013859987
0 0.09000000060768798 0.5013661064440385 0.038181818439625204 0.06284152832813561
0 0.18909091036766768 0.4248633763054386 0.04727272759191692 0.06830600905232131
0 0.3254545476520434 0.46584698173683137 0.04000000027008355 0.06830600905232131
0 0.3354545477195643 0.573770476039499 0.04909090942237526 0.08196721086278558
0 0.370909093413502 0.38797813141718507 0.03636363660916686 0.06010928796604276
0 0.45818182127550244 0.4631147413747385 0.04727272759191692 0.06830600905232131
0 0.5545454582897946 0.40846993413288146 0.04000000027008355 0.06284152832813561
0 0.6300000042538159 0.5177595486165956 0.04181818210054189 0.06830600905232131
0 0.588181822153274 0.5969945191172883 0.056363636744208634 0.07923497050069273
0 0.7290909140137956 0.42759561666753143 0.05818181857466698 0.08469945122487843
0 0.9227272789576091 0.5956283989362419 0.063636364066042 0.0983606530353427
0 0.9500000064144842 0.45901638083159924 0.045454545761458576 0.08743169158697128
