0 0.06622024191892706 0.5833333156770095 0.020337302761618048 0.039021162840072066
0 0.08209325870848261 0.588789664718206 0.030753970029763877 0.036044972453964874
0 0.1313244123448385 0.6035052727384027 0.027033731719711795 0.04894179746042937
0 0.16654266834666487 0.6180555368482601 0.03893849431187846 0.06018518336350098
0 0.20225695612316485 0.6374007743579568 0.042906748509267345 0.06514550067367963
0 0.19283235240436625 0.5729166493256344 0.02405754107167013 0.02810846475767903
0 0.23425100558961276 0.5679563320154557 0.022569445747649297 0.040013226302107796
0 0.24888394294248428 0.5793650618288666 0.026537699945038185 0.02910052821971476
0 0.2552083480695728 0.629464266661671 0.045138891495298594 0.07903438914217986
0 0.30716767646663357 0.585317442601081 0.025545636395690963 0.04100528976414353
0 0.3364335511723766 0.593915325938724 0.03447420833981596 0.06018518336350098
0 0.3499504170322325 0.5753968079807237 0.0317460335791111 0.04497354361228645
0 0.48338296441943385 0.6484788163506892 0.0729166708770208 0.11507936159614474
0 0.46899804295389913 0.558366385215777 0.02182539808563888 0.03935185066075064
0 0.5303819750697585 0.5603505121398484 0.027033731719711795 0.047288358357036486
0 0.5559276114654494 0.597387548055849 0.02405754107167013 0.05324073912925087
0 0.5766369380580727 0.6049933679314563 0.03224206535378471 0.05390211477060802
0 0.5674603502266109 0.5620039512432413 0.020337302761618048 0.03406084552989341
0 0.6261161075817654 0.6053240557521349 0.04588293915730901 0.06911375452182256
0 0.7336309947422706 0.662698392639868 0.06696428958093747 0.10119047312764451
0 0.7114335728256265 0.5859788182424381 0.021081350423628464 0.046296294895000756
0 0.789186553505715 0.5724206175946165 0.030753970029763877 0.04894179746042937
0 0.8287450875359355 0.4937169162731152 0.031498017691774294 0.0641534372116439
0 0.9140625527797965 0.49867723358329386 0.03397817656514235 0.05820105643942952
0 0.8870288210600847 0.629464266661671 0.059275797073496506 0.08498676991439424
0 0.8978175121592358 0.5834986595873488 0.040674605523236096 0.0671296275977511
