0 0.2120493341353722 0.4317803531885147 0.05977229552809149 0.09484192728996277
0 0.2666034133872017 0.2645590603351593 0.022770398296415806 0.04991680383682251
0 0.2931688780663535 0.26871879398822784 0.020872865105047822 0.041597336530685425
0 0.32163187593687326 0.22046588361263275 0.017077798722311854 0.02828618884086609
0 0.3263757089152932 0.24875207245349884 0.020872865105047822 0.03826954960823059
0 0.35626185667933896 0.2570715397596359 0.021821631700731814 0.05490848422050476
0 0.3662239059340209 0.21131446957588196 0.01518026553094387 0.03993344306945801
0 0.3894686875282787 0.1863560676574707 0.016129032126627862 0.029950082302093506
0 0.3975332035915926 0.3011647164821625 0.026565464679151773 0.03993344306945801
0 0.40702086954843253 0.22296172380447388 0.018975331913679838 0.036605656147003174
0 0.4207779851858504 0.1871880143880844 0.018026565317995846 0.02828618884086609
0 0.4573054991196841 0.15141430497169495 0.018975331913679838 0.03327786922454834
0 0.4478178331628442 0.21048252284526825 0.022770398296415806 0.02828618884086609
0 0.4947817796492018 0.14143094420433044 0.016129032126627862 0.03327786922454834
0 0.4810246640117839 0.19800332188606262 0.01518026553094387 0.036605656147003174
0 0.5028462957125157 0.16056571900844574 0.01518026553094387 0.03826954960823059
0 0.5208728610305116 0.15058235824108124 0.017077798722311854 0.03161397576332092
0 0.47675521433120593 0.24043260514736176 0.027514231274835765 0.03826954960823059
0 0.3961100536980666 0.2720465809106827 0.027514231274835765 0.03494176268577576
0 0.5370018931571394 0.21797004342079163 0.022770398296415806 0.03993344306945801
0 0.5592979081557132 0.165557399392128 0.01992409850936383 0.03826954960823059
0 0.5393738096463494 0.17054907977581024 0.018026565317995846 0.024958401918411255
0 0.5725806404952891 0.12312811613082886 0.01992409850936383 0.036605656147003174
0 0.5792220066650771 0.17138102650642395 0.016129032126627862 0.03327786922454834
0 0.5958254220895469 0.16888518631458282 0.020872865105047822 0.03826954960823059
0 0.6119544542161748 0.13394342362880707 0.018975331913679838 0.03161397576332092
0 0.5132827282650396 0.31031613051891327 0.03984819701872766 0.05490848422050476
0 0.590132822515443 0.22379367053508759 0.02466793148778379 0.06156405806541443
0 0.6551233343197964 0.12396006286144257 0.021821631700731814 0.03161397576332092
0 0.6555977176176384 0.1472545713186264 0.02466793148778379 0.03161397576332092
0 0.6238140366622247 0.21131446957588196 0.023719164892099798 0.046589016914367676
0 0.5944022721960209 0.29866887629032135 0.02561669808346778 0.04825291037559509
0 0.6394686854910105 0.3227953314781189 0.026565464679151773 0.053244590759277344
0 0.6684060666593723 0.2720465809106827 0.023719164892099798 0.05158069729804993
0 0.6636622336809523 0.19051580131053925 0.01992409850936383 0.03826954960823059
0 0.6807400324032642 0.2146422564983368 0.01992409850936383 0.04991680383682251
0 0.7158443964435719 0.1955074816942215 0.023719164892099798 0.04492512345314026
0 0.7139468632522039 0.15058235824108124 0.018026565317995846 0.03494176268577576
0 0.7239089125068858 0.1480865180492401 0.018975331913679838 0.036605656147003174
0 0.7457305442076176 0.12146422266960144 0.01518026553094387 0.03993344306945801
0 0.7447817776119336 0.17470881342887878 0.01518026553094387 0.036605656147003174
0 0.7571157433558255 0.20216305553913116 0.020872865105047822 0.03826954960823059
0 0.7296015120809898 0.29783692955970764 0.028462997870519757 0.04991680383682251
0 0.7651802594191395 0.3028286099433899 0.0351043640403077 0.046589016914367676
0 0.7732447754824534 0.23960065841674805 0.02466793148778379 0.046589016914367676
0 0.7756166919716634 0.1464226245880127 0.018026565317995846 0.04326122999191284
0 0.7898481909069233 0.2154742032289505 0.023719164892099798 0.04492512345314026
0 0.814516122394707 0.1946755349636078 0.021821631700731814 0.029950082302093506
0 0.824478171649389 0.13144758343696594 0.017077798722311854 0.036605656147003174
0 0.8610056855832227 0.14143094420433044 0.023719164892099798 0.04991680383682251
0 0.8519924029242247 0.1663893461227417 0.020872865105047822 0.03327786922454834
0 0.8496204864350148 0.20965057611465454 0.03130929765757173 0.04991680383682251
0 0.8505692530306987 0.30782029032707214 0.03130929765757173 0.053244590759277344
0 0.8576850024983287 0.2745424211025238 0.03036053106188774 0.06988352537155151
0 0.8894686834537424 0.20216305553913116 0.018026565317995846 0.041597336530685425
0 0.8965844329213724 0.18302828073501587 0.01518026553094387 0.036605656147003174
0 0.9065464821760543 0.16222961246967316 0.023719164892099798 0.041597336530685425
0 0.932637563557364 0.21880199015140533 0.026565464679151773 0.04492512345314026
0 0.9264705806854181 0.26955074071884155 0.02561669808346778 0.05990016460418701
0 0.6883301651687361 0.13976705074310303 0.021821631700731814 0.046589016914367676
0 0.700189747614786 0.2520798593759537 0.02466793148778379 0.04492512345314026
