0 0.08870214776834473 0.42333334358409047 0.04481792729347944 0.09333333559334278
0 0.259103642165428 0.2850000069011003 0.019607843190897256 0.043333334382623434
0 0.28991596717969514 0.26250000635627657 0.017740429553668946 0.041666667675599456
0 0.3034547160496004 0.26333333970978856 0.0186741363722831 0.043333334382623434
0 0.3197945853753481 0.2841666735475883 0.021475256828125566 0.041666667675599456
0 0.3464052297058515 0.2766666733659804 0.02054155000951141 0.043333334382623434
0 0.31045751718920656 0.23416667233686894 0.019607843190897256 0.031666667433455586
0 0.34967320357100107 0.21916667197365314 0.019607843190897256 0.0383333342615515
0 0.35807656493852846 0.23166667227633297 0.019607843190897256 0.033333334140479565
0 0.39402427745517343 0.2150000052060932 0.01680672273505479 0.030000000726431608
0 0.41876750814844854 0.21833333862014115 0.019607843190897256 0.04000000096857548
0 0.3888888899527956 0.19583333807531744 0.015873015916440636 0.031666667433455586
0 0.42903828315320425 0.2741666733054444 0.025210084102582186 0.04833333450369537
0 0.47058823658153415 0.24666667263954878 0.02054155000951141 0.05000000121071935
0 0.4509803933906369 0.22583333880174905 0.01680672273505479 0.0383333342615515
0 0.4108310001902282 0.17250000417698175 0.01680672273505479 0.031666667433455586
0 0.45798319453024305 0.16666667070239782 0.015873015916440636 0.02666666731238365
0 0.4323062570183538 0.18916667124722153 0.01493930909782648 0.02833333401940763
0 0.4449112990696449 0.19250000466126949 0.015873015916440636 0.025000000605359674
0 0.4897292263631243 0.19750000478234142 0.019607843190897256 0.03500000084750354
0 0.46031746157677844 0.20500000496394932 0.02054155000951141 0.033333334140479565
0 0.475723624083912 0.16250000393483788 0.014005602279212326 0.02833333401940763
0 0.46825396953499876 0.15000000363215804 0.010270775004755706 0.02000000048428774
0 0.45191410020925105 0.14833333692513406 0.01307189546059817 0.023333333898335695
0 0.4864612524979748 0.13250000320840627 0.01493930909782648 0.02833333401940763
0 0.512138190009864 0.1683333374094218 0.017740429553668946 0.02666666731238365
0 0.5368814207031392 0.16416667064186186 0.0186741363722831 0.0383333342615515
0 0.5214752581960056 0.21833333862014115 0.023342670465353876 0.04666666779667139
0 0.5364145672938321 0.13333333656191826 0.015873015916440636 0.033333334140479565
0 0.5242763786518481 0.1458333368645981 0.014005602279212326 0.0383333342615515
0 0.5578898241219576 0.11083333601709455 0.014005602279212326 0.025000000605359674
0 0.5550887036661152 0.1450000035110861 0.015873015916440636 0.033333334140479565
0 0.5695611593546346 0.17333333753049374 0.02054155000951141 0.04000000096857548
0 0.5765639604942407 0.15500000375322998 0.017740429553668946 0.030000000726431608
0 0.5887021491362248 0.12083333625923842 0.017740429553668946 0.031666667433455586
0 0.5971055105037522 0.09833333571441472 0.015873015916440636 0.033333334140479565
0 0.6213818877877202 0.14333333680406213 0.017740429553668946 0.04000000096857548
0 0.6227824480156414 0.10083333577495068 0.01307189546059817 0.025000000605359674
0 0.638188610522775 0.12333333631977439 0.015873015916440636 0.033333334140479565
0 0.6507936525740661 0.09583333565387875 0.01493930909782648 0.03500000084750354
0 0.6755368832673412 0.12416666967328638 0.015873015916440636 0.031666667433455586
0 0.6886087787279394 0.11000000266358256 0.015873015916440636 0.033333334140479565
0 0.48132586499559693 0.31083334085997194 0.028944911377038807 0.05833333474583924
0 0.5564892638940364 0.2916666737291962 0.02614379092119634 0.0533333346247673
0 0.5709617195825558 0.24750000599306077 0.021475256828125566 0.051666667917743325
0 0.6069094320992008 0.27250000659842044 0.02614379092119634 0.04833333450369537
0 0.613912233238807 0.33250000805128366 0.030812325014267117 0.07500000181607902
0 0.6699346423556563 0.36333334213122725 0.03267973865149543 0.07333333510905504
0 0.6129785264201928 0.21083333843853325 0.021475256828125566 0.04833333450369537
0 0.6428571446158458 0.1916666713077575 0.017740429553668946 0.03666666755452752
0 0.6554621866671368 0.21250000514555722 0.02240896364673972 0.0383333342615515
0 0.6718020559928846 0.2533333394676447 0.025210084102582186 0.0533333346247673
0 0.6974789935047738 0.22083333868067712 0.02240896364673972 0.05500000133179128
0 0.7217553707887419 0.2675000064773485 0.02801120455842465 0.05833333474583924
0 0.6942110196396243 0.15500000375322998 0.015873015916440636 0.04000000096857548
0 0.7147525696491357 0.13916667003650218 0.019607843190897256 0.0383333342615515
0 0.7096171821467578 0.18666667118668556 0.02054155000951141 0.04666666779667139
0 0.7399626537517179 0.20250000490341336 0.019607843190897256 0.041666667675599456
0 0.7441643344354816 0.17000000411644578 0.0186741363722831 0.033333334140479565
0 0.7441643344354816 0.1458333368645981 0.01680672273505479 0.031666667433455586
0 0.7338935594307259 0.1291666697943583 0.01680672273505479 0.03500000084750354
0 0.7497665753471665 0.11166666937060654 0.01307189546059817 0.02666666731238365
0 0.7651727378543001 0.1308333365013823 0.015873015916440636 0.031666667433455586
0 0.7796451935428195 0.12583333638031036 0.01307189546059817 0.0383333342615515
0 0.7959850628685672 0.12833333644084632 0.012138188641984016 0.033333334140479565
0 0.8085901049198583 0.13333333656191826 0.01120448182336986 0.030000000726431608
0 0.8169934662873857 0.16583333734888583 0.0186741363722831 0.03500000084750354
0 0.7973856230964884 0.17750000429805368 0.02427637728396803 0.04833333450369537
0 0.7651727378543001 0.24750000599306077 0.021475256828125566 0.04833333450369537
0 0.7861811412731186 0.2900000070221722 0.02427637728396803 0.05666666803881526
0 0.8193277333339211 0.25000000605359674 0.025210084102582186 0.0533333346247673
0 0.8459383776644245 0.18500000447966158 0.02240896364673972 0.04666666779667139
0 0.8366013094782829 0.152500003692694 0.01493930909782648 0.03500000084750354
0 0.866946781083243 0.1225000029662624 0.014005602279212326 0.031666667433455586
0 0.8725490219949279 0.154166670399718 0.017740429553668946 0.03500000084750354
0 0.8716153151763137 0.21916667197365314 0.017740429553668946 0.051666667917743325
0 0.8870214776834473 0.20250000490341336 0.0186741363722831 0.041666667675599456
0 0.8940242788230535 0.16416667064186186 0.014005602279212326 0.03500000084750354
0 0.8996265197347384 0.13250000320840627 0.014005602279212326 0.0383333342615515
0 0.9309056981583126 0.1683333374094218 0.01307189546059817 0.033333334140479565
0 0.9267040174745489 0.154166670399718 0.010270775004755706 0.021666667191311717
0 0.9253034572466277 0.2000000048428774 0.01680672273505479 0.043333334382623434
0 0.927170870883856 0.2908333403756842 0.02614379092119634 0.061666668159887195
