0 0.2198764263303019 0.35951941314851865 0.03810504812281579 0.08687615639064461
0 0.17507724813185632 0.20887246110942215 0.01853759097866714 0.04066543490625918
0 0.36817715415963903 0.21072088996879756 0.03810504812281579 0.05914972350001335
0 0.4140061985235661 0.18946395808598027 0.02265705564059317 0.0646950100781396
0 0.6307930263574235 0.2153419621172361 0.025746654137037694 0.03512014832813293
0 0.43923791957786307 0.14417745103128254 0.013388260151259601 0.022181146312505007
0 0.462409908301197 0.14140480774221942 0.014418126316741109 0.024029575171880424
0 0.4891864286037162 0.1404805933125317 0.012358393985778093 0.02587800403125584
0 0.5205973466509022 0.1284658057265915 0.017507724813185632 0.02772643289063126
0 0.4510813804809004 0.1719038839219138 0.014418126316741109 0.022181146312505007
0 0.49536562559660524 0.19685767352348194 0.014418126316741109 0.02772643289063126
0 0.47940270003164187 0.1922366013750434 0.017507724813185632 0.029574861750006676
0 0.7193615165888332 0.19870610238285735 0.015447992482222617 0.042513863765634596
0 0.698764193279203 0.17467652721097693 0.015447992482222617 0.03512014832813293
0 0.6390319556812756 0.12292051914846525 0.013388260151259601 0.02772643289063126
0 0.654994881246239 0.1284658057265915 0.012358393985778093 0.03512014832813293
0 0.7270855128299445 0.15434380975784734 0.010298661654815078 0.02772643289063126
0 0.7378991075675003 0.18391867150785401 0.019567457144148648 0.02772643289063126
0 0.7744593564420938 0.1487985231797211 0.014418126316741109 0.02772643289063126
0 0.8115345383994281 0.14417745103128254 0.014418126316741109 0.03327171946875751
0 0.7904222820070572 0.1829944570781663 0.013388260151259601 0.036968577187508345
0 0.8274974639643915 0.1820702426484786 0.015447992482222617 0.02772643289063126
0 0.8089598729857244 0.17744917050004005 0.017507724813185632 0.029574861750006676
0 0.8686921105836518 0.2911275453516282 0.017507724813185632 0.04621072148438543
0 0.9320288797607645 0.23844732285942882 0.016477858647704124 0.03327171946875751
0 0.899588095548097 0.1709796694922261 0.013388260151259601 0.03142329060938209
0 0.9346035451744683 0.19038817251566797 0.013388260151259601 0.029574861750006676
0 0.9752832587109879 0.1820702426484786 0.01853759097866714 0.042513863765634596
