0 0.7022821946302429 0.592178778257221 0.07676348951645195 0.15270018810406327
0 0.7204357225564308 0.4189944185782224 0.05705394491087645 0.10800745012238622
0 0.6338174607371911 0.24860335502307862 0.02074688905850053 0.046554935397580266
0 0.7925311620347202 0.2290502821560949 0.01452282234095037 0.03351955348625779
0 0.8324689234723337 0.2597765395184979 0.021784233511425555 0.046554935397580266
0 0.9512448633322492 0.207635011873208 0.012448133435100317 0.03165735607035458
0 0.9279046131414361 0.27467411884572357 0.015560166793875396 0.042830540565773845
0 0.5809128936380148 0.21880819636862725 0.018672200152650476 0.042830540565773845
0 0.5570539712207392 0.20018622220959514 0.018672200152650476 0.035381750902161
0 0.5202282431419007 0.19553072866983712 0.01763485569972545 0.03351955348625779
0 0.5803942214115523 0.13221601652912796 0.01141078898217529 0.02607076382264495
0 0.4797718094778247 0.13407821394503117 0.013485477888025343 0.02979515865445137
0 0.46991703717503697 0.16014897776767612 0.010373444529250264 0.022346368990838528
0 0.4445020980783738 0.2290502821560949 0.01763485569972545 0.03351955348625779
0 0.41493778117001057 0.22439478861633688 0.016597511246800423 0.03165735607035458
0 0.40300831996137276 0.1918063338380307 0.01763485569972545 0.03724394831806421
0 0.37966806977055967 0.17039106355514377 0.016597511246800423 0.02793296123854816
0 0.32728217489784583 0.20018622220959514 0.013485477888025343 0.03165735607035458
