0 0.07651434559375048 0.27471482672262937 0.0233793833758682 0.051330798072740436
0 0.27683315315516666 0.21958174731116742 0.015940488665364683 0.03612167271785438
0 0.3103081793524325 0.21863117697648704 0.017003187909722328 0.034220532048493624
0 0.326780017639976 0.1806083635892719 0.015940488665364683 0.03802281338721514
0 0.3294367657508701 0.22243345831520855 0.017003187909722328 0.034220532048493624
0 0.3496280513936654 0.19106463727075607 0.017003187909722328 0.028517110040411353
0 0.3480340025271289 0.22243345831520855 0.018065887154079974 0.03802281338721514
0 0.37194473552517593 0.19201520760543644 0.014877789421007037 0.03041825070977211
0 0.36981933703646064 0.23479087266605347 0.01912858639843762 0.039923954056575894
0 0.377789581369143 0.16444866789970547 0.013815090176649392 0.02471482870168984
0 0.3921360211679712 0.19486691860947758 0.017003187909722328 0.03612167271785438
0 0.39851221663411707 0.16444866789970547 0.014877789421007037 0.039923954056575894
0 0.4202975511434488 0.1501901128794998 0.013815090176649392 0.026615969371050596
0 0.4388947879197076 0.1587452458916232 0.012752390932291746 0.028517110040411353
0 0.41657810378819704 0.19296577794011682 0.017003187909722328 0.03231939137913287
0 0.40170031436719 0.23193916166201234 0.01912858639843762 0.04182509472593665
0 0.4383634382975288 0.24524714634753764 0.020191285642795265 0.04182509472593665
0 0.443676934519317 0.1891634966013953 0.015940488665364683 0.03231939137913287
0 0.45642932545160875 0.2024714812869206 0.018065887154079974 0.04372623539529741
0 0.4787460095831193 0.1454372612060979 0.0116896916879341 0.03231939137913287
0 0.48459085542708635 0.1321292765205726 0.012752390932291746 0.02471482870168984
0 0.4904357012710534 0.15209125354886055 0.0116896916879341 0.03041825070977211
0 0.4978745959815569 0.12547528417780995 0.0116896916879341 0.03041825070977211
0 0.5058448403142393 0.14448669087141752 0.014877789421007037 0.034220532048493624
0 0.4973432463593781 0.17585551191587 0.014877789421007037 0.03612167271785438
0 0.521785328979604 0.17110266024246812 0.014877789421007037 0.03041825070977211
0 0.5170031823799945 0.1273764248471707 0.013815090176649392 0.022813688032329082
0 0.533475020667538 0.15209125354886055 0.014877789421007037 0.03041825070977211
0 0.5467587612220086 0.11501901049632579 0.013815090176649392 0.028517110040411353
0 0.5467587612220086 0.13117870618589222 0.013815090176649392 0.03041825070977211
0 0.5600425017764792 0.15209125354886055 0.017003187909722328 0.03041825070977211
0 0.554729005554691 0.18250950425863266 0.017003187909722328 0.03802281338721514
0 0.5706694942200556 0.13307984685525298 0.014877789421007037 0.03041825070977211
0 0.5924548287293874 0.14733840187545866 0.013815090176649392 0.028517110040411353
0 0.6014877723064274 0.15494296455290169 0.012752390932291746 0.03231939137913287
0 0.5882040317519568 0.1321292765205726 0.015940488665364683 0.02471482870168984
0 0.6014877723064274 0.11787072150036693 0.008501593954861164 0.022813688032329082
0 0.6094580166391097 0.12167300283908844 0.013815090176649392 0.034220532048493624
0 0.6195536594605073 0.12547528417780995 0.012752390932291746 0.03041825070977211
0 0.6360254977480508 0.11216729949228466 0.0116896916879341 0.026615969371050596
0 0.6524973360355943 0.10456273681484163 0.008501593954861164 0.022813688032329082
0 0.6609989299904555 0.11596958083100617 0.012752390932291746 0.03041825070977211
0 0.6801275163888931 0.105513307149522 0.012752390932291746 0.028517110040411353
0 0.7019128508982249 0.10741444781888276 0.013815090176649392 0.028517110040411353
0 0.6764080690336414 0.12927756551653147 0.013815090176649392 0.03041825070977211
0 0.6376195466145873 0.1501901128794998 0.014877789421007037 0.03041825070977211
0 0.7561105123604648 0.12927756551653147 0.013815090176649392 0.034220532048493624
0 0.7773644972476177 0.12452471384312958 0.0116896916879341 0.017110266024246812
0 0.7832093430915847 0.1368821281939745 0.012752390932291746 0.022813688032329082
0 0.7996811813791282 0.13307984685525298 0.013815090176649392 0.022813688032329082
0 0.8198724670219235 0.1416349798673764 0.0116896916879341 0.028517110040411353
0 0.8352816060651094 0.15304182388354093 0.014877789421007037 0.028517110040411353
0 0.8501593954861164 0.14923954254481941 0.010626992443576455 0.02471482870168984
0 0.8698193315067329 0.1625475272303447 0.013815090176649392 0.03612167271785438
0 0.9064824554370716 0.14448669087141752 0.012752390932291746 0.034220532048493624
0 0.9420828801230527 0.1853612152626738 0.013815090176649392 0.02471482870168984
0 0.9431455793674104 0.23669201333541423 0.015940488665364683 0.03612167271785438
0 0.9187034967471845 0.2557034200290218 0.018065887154079974 0.039923954056575894
0 0.9096705531701446 0.31463878077920526 0.025504781864583492 0.06273764208890498
0 0.8836344216833822 0.22623573965393007 0.018065887154079974 0.045627376064658165
0 0.8942614141269587 0.20152091095224023 0.015940488665364683 0.04182509472593665
0 0.8262486624880694 0.17015208990778774 0.013815090176649392 0.03612167271785438
0 0.7906482378020883 0.1634980975650251 0.012752390932291746 0.026615969371050596
0 0.7300743808737025 0.14258555020205677 0.014877789421007037 0.03041825070977211
0 0.7327311289845966 0.16825094923842698 0.015940488665364683 0.03612167271785438
0 0.713602542586159 0.18441064492799342 0.015940488665364683 0.04182509472593665
0 0.6609989299904555 0.17965779325459152 0.014877789421007037 0.03612167271785438
0 0.6184909602161497 0.2024714812869206 0.01912858639843762 0.04372623539529741
0 0.5882040317519568 0.2252851693192497 0.018065887154079974 0.039923954056575894
0 0.6365568473702297 0.24904942768625915 0.027630180353298783 0.04942965740337968
0 0.6780021179001778 0.21958174731116742 0.017003187909722328 0.039923954056575894
0 0.686503711855039 0.2557034200290218 0.02125398488715291 0.04752851673401892
0 0.6918172080768272 0.30988592910580337 0.031880977330729365 0.06463878275826573
0 0.7449521702947095 0.38117870420683175 0.031880977330729365 0.06273764208890498
0 0.7901168881799094 0.28897338174283504 0.022316684131510556 0.057034220080822706
0 0.7667375048040412 0.24144486500881612 0.020191285642795265 0.04942965740337968
0 0.7295430312515236 0.23193916166201234 0.020191285642795265 0.045627376064658165
0 0.7507970161386766 0.19296577794011682 0.015940488665364683 0.03612167271785438
0 0.7948990347795188 0.20057034061755985 0.01912858639843762 0.03612167271785438
0 0.8172157189110294 0.1986691999481991 0.017003187909722328 0.028517110040411353
0 0.8368756549316458 0.21387832530308515 0.018065887154079974 0.039923954056575894
0 0.8506907451082952 0.2119771846337244 0.013815090176649392 0.03231939137913287
0 0.8629117864184082 0.17870722291991115 0.014877789421007037 0.03802281338721514
0 0.8241232639993541 0.2595057013677433 0.022316684131510556 0.051330798072740436
