0 0.13563829357735813 0.23392282566055655 0.07340425299480557 0.11093247402459383
0 0.0925531885586679 0.22347266506403685 0.042553190141916275 0.1028938889503479
0 0.17978722834959626 0.2387459767051041 0.04468084964901209 0.08842443581670523
0 0.2638297788798809 0.22186494804918766 0.031914892606437206 0.06430868059396744
0 0.3026595648843795 0.21463022148236632 0.056382976938039064 0.10771703999489546
0 0.3632978608366102 0.20096462685614824 0.03297872235998511 0.05144694447517395
0 0.3973404129501432 0.22186494804918766 0.04999999841675162 0.09967845492064953
0 0.4367021138314158 0.22106108954176307 0.04361701989546418 0.0916398698464036
0 0.5340425362810493 0.21945337252691388 0.042553190141916275 0.069131831638515
0 0.6138297677971423 0.19051446625962853 0.03829787112772465 0.069131831638515
0 0.7276595514267683 0.1953376173041761 0.06808510422706604 0.10450160596519709
0 0.7978723151609302 0.229099674616009 0.06595744471997023 0.11736334208399057
0 0.8361701862886548 0.1937299002893269 0.042553190141916275 0.08520900178700686
0 0.8973403971176594 0.21543407998979092 0.0627659554593265 0.1028938889503479
0 0.9792552881408483 0.1945337587967515 0.04148936038836837 0.1028938889503479
