0 0.26721481001004577 0.23146474361419678 0.014388489769771695 0.036166366189718246
0 0.3288797661662102 0.24412297178059816 0.020554985385388136 0.04701627604663372
0 0.35817062034038827 0.1980108548887074 0.015416239039041102 0.034358047880232334
0 0.3771839818218723 0.1835443084128201 0.01644398830831051 0.027124774642288685
0 0.38335047743748873 0.20976492390036583 0.01644398830831051 0.028933092951774597
0 0.4064748359960504 0.16998192109167576 0.017471737577579916 0.036166366189718246
0 0.4234326989389956 0.15551537461578846 0.014388489769771695 0.028933092951774597
0 0.4398766872473061 0.17631103517487645 0.01644398830831051 0.034358047880232334
0 0.44707093213219196 0.21157324220985174 0.018499486846849322 0.04701627604663372
0 0.4218910750350915 0.2206148337572813 0.015416239039041102 0.028933092951774597
0 0.4085303345345892 0.23236890276893973 0.02569373173173517 0.05244123097509146
0 0.5066803897498176 0.21338156051933765 0.02261048392392695 0.050632912665605545
0 0.46454266970977187 0.20976492390036583 0.018499486846849322 0.028933092951774597
0 0.46248717117123306 0.14556962391361594 0.012332991231232882 0.027124774642288685
0 0.4861254043644294 0.15370705630630255 0.014388489769771695 0.03254972957074642
0 0.4994861448649317 0.14104882813990116 0.014388489769771695 0.03254972957074642
0 0.5113052614615299 0.14918626053258777 0.013360740500502288 0.027124774642288685
0 0.5164440078078769 0.13471971405670047 0.011305241961963475 0.027124774642288685
0 0.5205550048849545 0.18444846756756306 0.015416239039041102 0.043399639427661896
0 0.5349434946547262 0.1672694436274469 0.013360740500502288 0.03074141126126051
0 0.531860246846918 0.14466546475887299 0.015416239039041102 0.028933092951774597
0 0.5400822410010733 0.1383363506756723 0.011305241961963475 0.027124774642288685
0 0.5601233517518267 0.1898734224960208 0.018499486846849322 0.03978300280869007
0 0.5662898473674431 0.14285714644938707 0.014388489769771695 0.025316456332802773
0 0.5801644625025801 0.12658228166401386 0.013360740500502288 0.025316456332802773
0 0.6027749464265071 0.1754068760201335 0.017471737577579916 0.036166366189718246
0 0.5971223254455253 0.1482821013778448 0.01644398830831051 0.025316456332802773
0 0.6176773108309135 0.16998192109167576 0.01644398830831051 0.036166366189718246
0 0.6048304449650459 0.11573237180709839 0.011305241961963475 0.025316456332802773
0 0.6181911854655482 0.11573237180709839 0.011305241961963475 0.028933092951774597
0 0.634121299139224 0.13291139574721456 0.014388489769771695 0.027124774642288685
0 0.6300103020621464 0.1175406901165843 0.014388489769771695 0.018083183094859123
0 0.6551901591592468 0.14376130560413003 0.017471737577579916 0.034358047880232334
0 0.6567317830631509 0.12025316758081317 0.012332991231232882 0.027124774642288685
0 0.6798561416217126 0.1301989182829857 0.015416239039041102 0.028933092951774597
0 0.6875642611412331 0.11392405349761248 0.012332991231232882 0.028933092951774597
0 0.7081192465266213 0.123869804199785 0.012332991231232882 0.03074141126126051
0 0.5637204741942696 0.29837252106517553 0.02569373173173517 0.04701627604663372
0 0.568345345905982 0.2594936774112284 0.024665982462465763 0.04159132111817598
0 0.625385430350434 0.26311031403020024 0.02569373173173517 0.04882459435611963
0 0.642857167928014 0.1980108548887074 0.01952723611611873 0.04159132111817598
0 0.6747173952753656 0.22603978868573904 0.021582734654657543 0.050632912665605545
0 0.6855087626026943 0.2594936774112284 0.02261048392392695 0.04882459435611963
0 0.7291881065466441 0.28752261120826006 0.03186022734735161 0.057866185903549194
0 0.7004111270071007 0.20976492390036583 0.017471737577579916 0.03978300280869007
0 0.7009250016417354 0.18264014925807714 0.01644398830831051 0.03254972957074642
0 0.73638235143153 0.14918626053258777 0.01952723611611873 0.034358047880232334
0 0.7456320948549546 0.14104882813990116 0.015416239039041102 0.03254972957074642
0 0.7661870802403428 0.14195298729464412 0.015416239039041102 0.034358047880232334
0 0.7420349724125117 0.18896926334127784 0.018499486846849322 0.034358047880232334
0 0.7543679636437446 0.21609403798356652 0.018499486846849322 0.04520795773714781
0 0.7661870802403428 0.2531645633280277 0.021582734654657543 0.05424954928457737
0 0.793422435875982 0.30831827176734805 0.024665982462465763 0.05967450421303511
0 0.8484070217818953 0.3264014548622072 0.027749230270273983 0.06329114083200693
0 0.862795511551667 0.2866184520535171 0.02569373173173517 0.05605786759406328
0 0.9244604677078314 0.3444846379570663 0.027749230270273983 0.06690777745097876
0 0.9198355959961191 0.3028933168388903 0.020554985385388136 0.04159132111817598
0 0.9244604677078314 0.2495479267090559 0.01952723611611873 0.043399639427661896
0 0.8895169925526716 0.2432188126258552 0.017471737577579916 0.03797468449920416
0 0.84018502762774 0.24412297178059816 0.021582734654657543 0.043399639427661896
0 0.7975334329530597 0.22151899291202426 0.014388489769771695 0.03797468449920416
0 0.8026721792994067 0.16998192109167576 0.014388489769771695 0.036166366189718246
0 0.8026721792994067 0.13743219152092934 0.012332991231232882 0.036166366189718246
0 0.8216855407808907 0.14104882813990116 0.013360740500502288 0.03254972957074642
0 0.8124357973574661 0.16365280700847507 0.013360740500502288 0.03074141126126051
0 0.838643403723836 0.1528028971515596 0.014388489769771695 0.034358047880232334
0 0.854059642762877 0.1627486478537321 0.014388489769771695 0.025316456332802773
0 0.8612538876477629 0.19439421826973557 0.018499486846849322 0.04159132111817598
0 0.8381295290892012 0.206148287281394 0.017471737577579916 0.03254972957074642
0 0.8689620071672834 0.17811935348436236 0.017471737577579916 0.034358047880232334
0 0.8874614940141328 0.16003617038950324 0.013360740500502288 0.034358047880232334
0 0.914696849649772 0.17269439855590463 0.012332991231232882 0.034358047880232334
0 0.8926002403604798 0.21609403798356652 0.015416239039041102 0.03074141126126051
0 0.9429599545546807 0.20976492390036583 0.013360740500502288 0.028933092951774597
0 0.9516958233434707 0.1835443084128201 0.012332991231232882 0.03074141126126051
