0 0.12008547110599466 0.5517730321735144 0.04529914568411186 0.07943262159824371
0 0.21752136936993338 0.33404254261404276 0.02136752154910937 0.03546099178493023
0 0.2478632499696687 0.3397163012996316 0.020512820687144995 0.043971629813313484
0 0.27008547238074243 0.37801417242735624 0.023931624135002494 0.03829787112772465
0 0.3222222249605693 0.3680850947275758 0.029059829306788743 0.04964538849890232
0 0.2786324810003862 0.3099290682002902 0.020512820687144995 0.03829787112772465
0 0.3448717978026252 0.3248226847499609 0.01965811982518062 0.0312056727707386
0 0.34743590038851835 0.2950354516506195 0.02136752154910937 0.028368793427944183
0 0.38504273831495084 0.2609928995370865 0.01623931637732312 0.03404255211353302
0 0.40128205469227396 0.2964538913220167 0.02136752154910937 0.03687943145632744
0 0.4025641059852205 0.3290780037641525 0.018803418963216245 0.03971631079912186
0 0.37435897754039615 0.3368794219568372 0.017094017239287496 0.03262411244213581
0 0.4478632516693324 0.33191488310694695 0.020512820687144995 0.03971631079912186
0 0.4307692344300449 0.3070921888574958 0.018803418963216245 0.03262411244213581
0 0.419658123224508 0.2595744598656893 0.015384615515358746 0.028368793427944183
0 0.426495730120223 0.2914893524721265 0.017094017239287496 0.03262411244213581
0 0.46196581589174457 0.24255318380892277 0.01965811982518062 0.0312056727707386
0 0.4683760723564774 0.2659574383869767 0.017094017239287496 0.03546099178493023
0 0.4683760723564774 0.30496452935039997 0.017094017239287496 0.03687943145632744
0 0.49658120080130175 0.3269503442570567 0.022222222411073744 0.03829787112772465
0 0.5025641068350524 0.25602836068719625 0.020512820687144995 0.029787233099341393
0 0.5205128249363042 0.27446807641536 0.018803418963216245 0.03262411244213581
0 0.5179487223504111 0.247517722658813 0.013675213791429996 0.029787233099341393
0 0.5401709447614849 0.251063821837306 0.015384615515358746 0.03687943145632744
0 0.5521367568289861 0.22765956725925207 0.015384615515358746 0.026950353756546974
0 0.5551282098458614 0.278014175593853 0.01794871810125187 0.03687943145632744
0 0.5670940219133627 0.22553190775215626 0.012820512929465622 0.022695034742355347
0 0.5824786374287214 0.2326241061091423 0.014529914653394371 0.025531914085149765
0 0.5794871844118461 0.2588652400299907 0.017094017239287496 0.03262411244213581
0 0.6055555607017595 0.22340424824506044 0.012820512929465622 0.026950353756546974
0 0.6072649624256883 0.20638297218829393 0.01794871810125187 0.026950353756546974
0 0.6290598344057798 0.21276595070958138 0.013675213791429996 0.025531914085149765
0 0.6418803473352455 0.22269502840936184 0.015384615515358746 0.028368793427944183
0 0.645299150783103 0.24326240364462137 0.015384615515358746 0.029787233099341393
0 0.6769230826757848 0.22836878709495068 0.013675213791429996 0.028368793427944183
0 0.6756410313828383 0.20709219202399254 0.012820512929465622 0.022695034742355347
0 0.6880341938813217 0.22340424824506044 0.011965812067501247 0.029787233099341393
0 0.6004273555299733 0.25673758052289486 0.01794871810125187 0.0312056727707386
0 0.4769230809761211 0.39716310799121857 0.030769231030717492 0.059574466198682785
0 0.5440170986403245 0.4042553063482046 0.033333333616610616 0.05673758685588837
0 0.5448717995022889 0.3567375773563981 0.026495726720895618 0.043971629813313484
0 0.6055555607017595 0.3283687839284539 0.028205128444824368 0.03829787112772465
0 0.5897435947554186 0.39432622864842415 0.03418803447857499 0.04822694882750511
0 0.5918803469103295 0.45744679402559996 0.035042735340539366 0.06950354389846325
0 0.6388888943183701 0.45673757418990135 0.036752137064468116 0.059574466198682785
0 0.6675213731941767 0.36524821538478136 0.027350427582859993 0.0468085091561079
0 0.6517094072478358 0.34539005998522043 0.02478632499696687 0.0468085091561079
0 0.6376068430254236 0.30070921033620834 0.023931624135002494 0.04539006948471069
0 0.6769230826757848 0.2787233954295516 0.018803418963216245 0.03546099178493023
0 0.7111111171543598 0.247517722658813 0.017094017239287496 0.03262411244213581
0 0.7017094076727517 0.2964538913220167 0.023931624135002494 0.04822694882750511
0 0.7141025701712351 0.30070921033620834 0.01965811982518062 0.03971631079912186
0 0.693162399053108 0.36312055587768555 0.027350427582859993 0.05673758685588837
0 0.7269230831007008 0.3992907674983144 0.033333333616610616 0.05248226784169674
0 0.7042735102586448 0.5411347346380353 0.04444444482214749 0.08085106126964092
0 0.8452991524827667 0.5035460833460093 0.03931623965036124 0.07375886291265488
0 0.793589750333922 0.4156028237193823 0.029914530168753117 0.0624113455414772
0 0.8235042805026751 0.36028367653489113 0.026495726720895618 0.04539006948471069
0 0.8581196654122323 0.3872340302914381 0.029059829306788743 0.05673758685588837
0 0.9346153925580438 0.4617021130397916 0.033333333616610616 0.058156026527285576
0 0.8581196654122323 0.4517730353400111 0.03760683792643249 0.06382978521287441
0 0.9294871873862576 0.3872340302914381 0.028205128444824368 0.05106382817029953
0 0.9457265037635807 0.3517730385065079 0.01965811982518062 0.04539006948471069
0 0.9521367602283135 0.3234042450785637 0.020512820687144995 0.03687943145632744
0 0.9538461619522423 0.2758865160867572 0.017094017239287496 0.03546099178493023
0 0.9260683839384001 0.3070921888574958 0.01794871810125187 0.03829787112772465
0 0.9179487257497385 0.2773049557581544 0.023931624135002494 0.03829787112772465
0 0.9004273580794688 0.31702126655727625 0.02136752154910937 0.041134750470519066
0 0.9089743666991126 0.3567375773563981 0.01965811982518062 0.041134750470519066
0 0.8794871869613416 0.33191488310694695 0.018803418963216245 0.042553190141916275
0 0.855128212395357 0.3099290682002902 0.01623931637732312 0.03829787112772465
0 0.8247863317956217 0.30283686984330416 0.018803418963216245 0.03546099178493023
0 0.820940177916782 0.28581559378653765 0.01623931637732312 0.03829787112772465
0 0.7820512886974029 0.2787233954295516 0.017094017239287496 0.03262411244213581
0 0.7961538529198151 0.2631205590441823 0.01623931637732312 0.03262411244213581
0 0.7888888955931179 0.23546098545193672 0.017094017239287496 0.0312056727707386
0 0.7705128270608839 0.2624113392084837 0.01623931637732312 0.03404255211353302
0 0.7371794934442732 0.25531914085149765 0.01794871810125187 0.03687943145632744
0 0.7435897499090061 0.23829786479473114 0.015384615515358746 0.0312056727707386
0 0.759401715855347 0.2312056664377451 0.01623931637732312 0.0312056727707386
0 0.8200854770548176 0.24397162348031998 0.01965811982518062 0.03687943145632744
0 0.852991460240446 0.25744680035859346 0.015384615515358746 0.03262411244213581
0 0.866666674031876 0.27092197723686695 0.013675213791429996 0.03971631079912186
0 0.8841880417021457 0.2631205590441823 0.01623931637732312 0.03262411244213581
