0 0.09050000429851934 0.6707504040095955 0.05900000280234963 0.08575804252177477
0 0.16100000764708966 0.6822358561330475 0.05600000265985727 0.08116386167239398
0 0.14700000698212534 0.6508422869956121 0.042000001994892955 0.05819295742549002
0 0.3240000153891742 0.6845329465577379 0.04400000208988786 0.0673813191242516
0 0.3660000173840672 0.4395099679240957 0.04000000189989805 0.05819295742549002
0 0.39500001876149327 0.6745788880507462 0.04000000189989805 0.07503828720655292
0 0.4285000203526579 0.6408882284886204 0.03300000156741589 0.0505359893431887
0 0.5060000240337104 0.7863706220523454 0.10200000484474003 0.15773354249540716
0 0.4795000227750279 0.7235834837774746 0.08700000413227826 0.13016845739912242
0 0.5820000276435167 0.7113323348457925 0.058000002754852176 0.11485452123451978
0 0.605000028735958 0.6860643401741982 0.04600000218488276 0.09800919145345688
0 0.6520000309683383 0.7174579093116336 0.04800000227987766 0.10260337230283767
0 0.7100000337231904 0.6975497922976501 0.06200000294484198 0.12404288293328136
0 0.6960000330582261 0.6217458082828671 0.034000001614913344 0.06125574465841055
0 0.7785000369767658 0.6761102816672064 0.049000002327375114 0.09035222337115556
0 0.9300000441726297 0.7618683241889812 0.11000000522471964 0.21286371268797666
0 0.9085000431514345 0.6424196221050806 0.05100000242237002 0.09035222337115556
0 0.9775000464287587 0.6669219199684449 0.0390000018524006 0.07810107443947345
