0 0.08958333550253883 0.33750001760199666 0.056944445823319256 0.10416667209938169
0 0.2138888940680772 0.36770835251081735 0.05833333474583924 0.09791667177341878
0 0.21319444960681722 0.5093750265659764 0.07083333504851907 0.12708333996124566
0 0.31111111864447594 0.6739583684829995 0.11388889164663851 0.18958334322087467
0 0.0847222242737189 0.8760417123558 0.16388889285735786 0.2354166789446026
0 0.025000000605359674 0.580208363593556 0.04722222336567938 0.15625000814907253
0 0.43888889951631427 0.5510416954057291 0.08888889104127884 0.13958334061317146
0 0.535416679631453 0.580208363593556 0.06805555720347911 0.11458333930931985
0 0.7187500174040906 0.6260416993172839 0.1458333368645981 0.24375001271255314
0 0.5840277919196524 0.3781250197207555 0.056944445823319256 0.10625000554136932
0 0.43888889951631427 0.3947916872566566 0.06944444612599909 0.10208333865739405
0 0.35555556416511536 0.38541668676771224 0.07222222397103906 0.09166667144745588
0 0.688194461108651 0.31875001662410796 0.06805555720347911 0.11666667275130749
0 0.9673611345351674 0.5375000280328095 0.06527777935843915 0.12500000651925802
