0 0.05271084140986204 0.40880501735955477 0.05722891353070736 0.11635219724848866
0 0.14106425177305937 0.47327042394317687 0.08333333022892475 0.11320754326879978
0 0.2128513976931572 0.4292452682275325 0.07028112187981606 0.10062892735004425
0 0.2966867359355092 0.2657232612837106 0.05522088147699833 0.0911949654109776
0 0.3107429603114724 0.38128929503727704 0.06124497763812542 0.10220125433988869
0 0.3072289042174816 0.6022012371104211 0.15863453224301338 0.2610062803141773
0 0.40863452292978764 0.5754716782830656 0.12248995527625084 0.23270439449697733
0 0.39407629054039717 0.3985848919255659 0.08132529817521572 0.15251571801491082
0 0.4588353242725134 0.2547169723547995 0.04417670518159866 0.09748427337035537
0 0.6074296962469816 0.7885219854069874 0.19678714126348495 0.3380503028165549
0 0.8017067974433303 0.4221697967732325 0.05722891353070736 0.09905660036019981
0 0.8870481597259641 0.416666652308777 0.05522088147699833 0.09748427337035537
0 0.96285136975348 0.5157232526689768 0.07429718598723412 0.10062892735004425
