0 0.22826087503926829 0.5016722367145121 0.04442344151902944 0.08695652103051543
0 0.31238186004338786 0.2617056834860705 0.017958412528969347 0.03511705657001585
0 0.3331758113927208 0.2784280913765542 0.019848771742545068 0.04180601972620934
0 0.38705104897962883 0.20150501508032903 0.019848771742545068 0.03511705657001585
0 0.4286389516782947 0.2801003321656026 0.02173913095612079 0.04849498288240284
0 0.4229678740375675 0.22408026573248208 0.016068053315393627 0.03678929735906422
0 0.44187146617332473 0.23411371046677232 0.02173913095612079 0.03678929735906422
0 0.4442344151902944 0.19565217231865972 0.017013232922181487 0.03678929735906422
0 0.43620038853259757 0.16973244008840993 0.016068053315393627 0.03511705657001585
0 0.45179585204459727 0.15802675456507131 0.013232514495030046 0.028428093413822353
0 0.4725898033939302 0.15133779140887782 0.013232514495030046 0.0317725749919191
0 0.4867674974957481 0.13879598549101502 0.011342155281454325 0.02675585262477398
0 0.47211721359053627 0.2098662190255709 0.016068053315393627 0.0317725749919191
0 0.47495275241089985 0.1906354499515146 0.014177694101817906 0.033444815780967474
0 0.48156900965841487 0.17056856048293412 0.014177694101817906 0.030100334202870727
0 0.49716447317041457 0.17474916245555505 0.013232514495030046 0.0317725749919191
0 0.5241020919638686 0.2157190617872402 0.017958412528969347 0.04013377893716097
0 0.5255198613740504 0.15551839338149875 0.015122873708605766 0.033444815780967474
0 0.5396975554758683 0.08444815984694287 0.011342155281454325 0.028428093413822353
0 0.5675803538761102 0.10953177168266848 0.012287334888242185 0.025083611835725605
0 0.6001890503102913 0.09866220655385405 0.013232514495030046 0.030100334202870727
0 0.615784513822291 0.11705685523338616 0.012287334888242185 0.023411371046677232
0 0.6153119240188971 0.13628762430744246 0.013232514495030046 0.028428093413822353
0 0.5581285578082316 0.14966555061982945 0.016068053315393627 0.03511705657001585
0 0.5803402785677463 0.16137123614316806 0.015122873708605766 0.028428093413822353
0 0.6086956667713821 0.18060200521722436 0.02079395134933293 0.043478260515257716
0 0.5760869703372009 0.13545150391291827 0.012287334888242185 0.033444815780967474
0 0.6847826251178049 0.06270902958931401 0.010396975674666464 0.0317725749919191
0 0.7849716634373181 0.05602006643312052 0.014177694101817906 0.025083611835725605
0 0.690453702758532 0.1020066881319508 0.014177694101817906 0.030100334202870727
0 0.7537807364133187 0.10869565128814429 0.014177694101817906 0.030100334202870727
0 0.8114366924273781 0.13043478154577315 0.014177694101817906 0.033444815780967474
0 0.7022684478433803 0.13545150391291827 0.018903592135757208 0.033444815780967474
0 0.683837445511017 0.15719063417054713 0.017958412528969347 0.04013377893716097
0 0.6999054988264106 0.18812708876794204 0.017958412528969347 0.038461538148112595
0 0.6630434941616841 0.20484949665842578 0.02173913095612079 0.051839464460499585
0 0.7495274281827733 0.14966555061982945 0.017013232922181487 0.038461538148112595
0 0.7225898093893193 0.1772575236391276 0.019848771742545068 0.04013377893716097
0 0.7547259160201065 0.17892976442817599 0.019848771742545068 0.03678929735906422
0 0.799149357539136 0.1973244131077081 0.017958412528969347 0.046822742093354464
0 0.8525520053226501 0.1839464867953211 0.017013232922181487 0.043478260515257716
0 0.8714555974584073 0.2290969880996272 0.017013232922181487 0.05016722367145121
0 0.6082230769679882 0.2541805999353528 0.02362949016969651 0.05016722367145121
0 0.5496219413471408 0.29682274005608633 0.02741020859684795 0.06187290919478983
0 0.48251418926520273 0.32608695386443287 0.033081286237575114 0.05351170524954796
0 0.6611531349481083 0.26421404466964304 0.02362949016969651 0.056856186827644706
0 0.7197542705689557 0.28177257295465097 0.02741020859684795 0.05852842761669308
0 0.7750472775660455 0.31354514794657007 0.02646502899006009 0.05518394603859633
0 0.9730624051881023 0.37792641832493246 0.04442344151902944 0.09698996576480567
