0 0.08045526104979217 0.5049505048664287 0.0447409744374454 0.07637906796298921
0 0.2083987493533641 0.35643565049394965 0.019623234402388334 0.025459689320996404
0 0.24646782409399748 0.36704385437769815 0.023547881282866 0.032531825243495405
0 0.2849293635226786 0.36916549515444785 0.021978022530674934 0.033946252427995205
0 0.3284929438959807 0.36916549515444785 0.0259026694111526 0.039603961165994406
0 0.282574575394392 0.31400283495895565 0.017268446274101734 0.028288543689996004
0 0.35282575455494225 0.30056577670620754 0.027472528163343668 0.032531825243495405
0 0.3449764607939869 0.33946252427995205 0.024332810658961535 0.033946252427995205
0 0.3806907474063337 0.33097596117295325 0.017268446274101734 0.031117398058995605
0 0.40109891118481755 0.35502122330944985 0.017268446274101734 0.039603961165994406
0 0.3983516583684832 0.30905233981320634 0.019623234402388334 0.029702970874495804
0 0.43171115685254335 0.35148515534820035 0.020408163778483868 0.032531825243495405
0 0.4501569971907884 0.41937766020419076 0.018053375650197268 0.05516266019549221
0 0.5255102172959596 0.40806224272819236 0.0259026694111526 0.04667609708849341
0 0.5604395745322108 0.44342292234068736 0.021978022530674934 0.05516266019549221
0 0.6138147721067071 0.45898162137018517 0.029827316291630268 0.05799151456449181
0 0.6781789809465408 0.5261669126339257 0.023547881282866 0.07355021359398961
0 0.7759026882704347 0.545261679624673 0.033751963172107935 0.06647807767149061
0 0.5404238754417747 0.35148515534820035 0.022762951906770468 0.032531825243495405
0 0.48940346599556506 0.33804809709545225 0.018053375650197268 0.036775106796994805
0 0.4595761497039348 0.30975955340545624 0.0164835168980062 0.022630834951996803
0 0.43053376278840005 0.30975955340545624 0.018053375650197268 0.033946252427995205
0 0.5781004854943603 0.32743989321170375 0.022762951906770468 0.029702970874495804
0 0.6495290587190539 0.37835927185369655 0.029042386915534735 0.041018388350494206
0 0.635792794637382 0.34016973787220195 0.021978022530674934 0.032531825243495405
0 0.6707221518736333 0.35007072816370055 0.0259026694111526 0.035360679612495005
0 0.7158555909991264 0.41159831068944186 0.025117740035057068 0.05657708737999201
0 0.7645212123170495 0.42503536894218996 0.026687598787248135 0.05233380582649261
0 0.7719780413899571 0.36421500000869855 0.022762951906770468 0.043847242719493806
0 0.8139717630110681 0.44483734952518716 0.025117740035057068 0.05799151456449181
0 0.8771585777867585 0.47736917476868257 0.0164835168980062 0.05516266019549221
0 0.8897174478042871 0.40240453399019316 0.0259026694111526 0.04667609708849341
0 0.8316326739732176 0.38118812622269616 0.0211930931545794 0.04950495145749301
0 0.8492935849353671 0.35785007767844945 0.020408163778483868 0.036775106796994805
0 0.8171114805154502 0.31753890292020515 0.021978022530674934 0.035360679612495005
0 0.7959183873608708 0.34653466020245105 0.0188383050262928 0.042432815534994006
0 0.7743328295182437 0.31188119418220595 0.0259026694111526 0.041018388350494206
0 0.7339089666493237 0.29702970874495804 0.025117740035057068 0.039603961165994406
0 0.7009419328533113 0.29207921359920874 0.0188383050262928 0.032531825243495405
0 0.70643643848598 0.26308345631696284 0.017268446274101734 0.028288543689996004
0 0.6824960925150663 0.26308345631696284 0.0164835168980062 0.031117398058995605
0 0.6546310996636748 0.27227723301621154 0.017268446274101734 0.026874116505496204
0 0.6142072367947549 0.25035361165646464 0.0164835168980062 0.022630834951996803
0 0.6134223074186593 0.30268741748295724 0.0164835168980062 0.036775106796994805
0 0.5459183810744435 0.28005658253096044 0.018053375650197268 0.022630834951996803
0 0.5596546451561153 0.25813296117121354 0.012558870017528534 0.026874116505496204
0 0.5423861988820136 0.22065064078196883 0.015698587521910667 0.033946252427995205
0 0.5133438119664788 0.27934936893871054 0.017268446274101734 0.032531825243495405
0 0.4819466369226575 0.26944837864721194 0.017268446274101734 0.029702970874495804
0 0.4615384731441736 0.27086280583171174 0.020408163778483868 0.032531825243495405
0 0.42700158059597015 0.27439887379296124 0.020408163778483868 0.036775106796994805
0 0.4030612346250564 0.26803395146271214 0.011773940641433 0.026874116505496204
0 0.38814757647924125 0.25601132039446384 0.018053375650197268 0.039603961165994406
0 0.4419152387417853 0.25601132039446384 0.015698587521910667 0.028288543689996004
0 0.5930141436401755 0.21074965049047023 0.011773940641433 0.028288543689996004
0 0.6071428724098951 0.21994342718971893 0.010204081889241934 0.024045262136496603
0 0.6514913821592927 0.23620933981146663 0.012558870017528534 0.031117398058995605
0 0.6632653228007257 0.22913720388896763 0.012558870017528534 0.031117398058995605
0 0.7551020598039031 0.24328147573396564 0.012558870017528534 0.031117398058995605
0 0.8261381683405489 0.26944837864721194 0.018053375650197268 0.035360679612495005
0 0.8084772573783994 0.26520509709371254 0.0141287287697196 0.035360679612495005
0 0.5796703442465514 0.25884017476346344 0.0164835168980062 0.025459689320996404
0 0.49411304225213826 0.25954738835571334 0.010204081889241934 0.026874116505496204
0 0.8634223137050867 0.33663366991095245 0.0141287287697196 0.031117398058995605
0 0.8967818121891469 0.36704385437769815 0.0164835168980062 0.035360679612495005
0 0.899921529693529 0.31824611651245505 0.014913658145815134 0.031117398058995605
0 0.8657771018333733 0.30622348544420674 0.015698587521910667 0.024045262136496603
0 0.8449764733668417 0.26449788350146264 0.013343799393624067 0.031117398058995605
0 0.9003139943815768 0.28642150486120954 0.017268446274101734 0.032531825243495405
0 0.7221350260078907 0.24186704854946584 0.015698587521910667 0.036775106796994805
0 0.6318681477569044 0.22347949515096843 0.010989011265337467 0.028288543689996004
0 0.518053388223052 0.25813296117121354 0.015698587521910667 0.035360679612495005
0 0.4583987556397915 0.24328147573396564 0.0141287287697196 0.031117398058995605
0 0.6671899696812034 0.32885432039620355 0.0188383050262928 0.038189533981494606
0 0.7892464876640588 0.28076379612321034 0.013343799393624067 0.038189533981494606
0 0.7480376954190433 0.27015559223946184 0.015698587521910667 0.042432815534994006
