0 0.10060059913666919 0.26287744799628854 0.017017016769386828 0.02841918356716633
0 0.16566566325491294 0.23001776699675247 0.019019018742255867 0.037300178431905806
0 0.26876876485766843 0.25044405518565327 0.02702702663373202 0.05683836713433266
0 0.34034033538773656 0.2175843741861172 0.018018017755821347 0.0408525763778016
0 0.4314314251532778 0.19182948907837272 0.03003002959303558 0.05683836713433266
0 0.44444443797692657 0.22735346853733063 0.018018017755821347 0.03197158151306212
0 0.4909909838461317 0.2229129711049609 0.023023022687993944 0.04440497432369739
0 0.5055054981494322 0.1767317978083156 0.020020019728690386 0.04440497432369739
0 0.5500500420457684 0.19182948907837272 0.019019018742255867 0.0390763774048537
0 0.5980980893946253 0.1616341065382585 0.017017016769386828 0.03552397945895791
0 0.6216216125758365 0.14476021629525349 0.01401401381008327 0.030195382540114224
0 0.6431431337841786 0.25754885107744485 0.023023022687993944 0.053285969188436866
0 0.7242242136853747 0.29484902950935066 0.02702702663373202 0.06039076508022845
0 0.8413413290982135 0.3436945012654178 0.02902902860660106 0.05506216816138476
0 0.8368368246592581 0.23268206545617431 0.020020019728690386 0.046181173296645284
0 0.9264264129451476 0.2921847310499288 0.023023022687993944 0.0408525763778016
