0 0.24846625659847632 0.40899123111739755 0.05521472368855029 0.09429824631661177
0 0.41901840310310945 0.19956140499562025 0.028220858774147928 0.05263157933950424
0 0.5601226969738491 0.12500000093132257 0.020858895615674555 0.04385964944958687
0 0.6932515307562426 0.15789473801851273 0.022085889475420117 0.03947368450462818
0 0.756441714533139 0.1622807029634714 0.01840490789618343 0.030701754614710808
0 0.7889570518163964 0.16776315914466977 0.01226993859745562 0.03289473708719015
0 0.7975460088346153 0.1820175452157855 0.01717791403643787 0.030701754614710808
0 0.8276073583983816 0.17763158027082682 0.015950920176692307 0.030701754614710808
0 0.9319018364767544 0.2401315807364881 0.01840490789618343 0.04605263192206621
0 0.8699386465596035 0.29276316007599235 0.019631901755928993 0.04605263192206621
