0 0.9227272435091436 0.4204545321408659 0.15454544965177774 0.3409090801142156
0 0.18939393339678645 0.6090908898040652 0.10606060270220041 0.13636363204568624
0 0.35151514038443565 0.49545452976599336 0.09696969389915466 0.13636363204568624
0 0.48181816656142473 0.42272725934162736 0.072727270424366 0.109090905636549
0 0.5651514972560108 0.3477272617164999 0.05757575575262308 0.09545454243198037
0 0.6560605852864683 0.2931818088982254 0.03939393814653158 0.07727272482588887
0 0.72727270424366 0.24545453768223524 0.042424241080880165 0.072727270424366
0 0.8075757320038974 0.181818176060915 0.03939393814653158 0.072727270424366
0 0.846969670150429 0.1704545400571078 0.02727272640913725 0.04999999841675162
0 0.7393939159810543 0.13181817764416337 0.030303029343485832 0.0545454528182745
0 0.6893939175643027 0.15909090405330062 0.02727272640913725 0.0545454528182745
0 0.6106060412712395 0.12045454164035618 0.02727272640913725 0.040909089613705873
0 0.5666666487231851 0.20909090247005224 0.030303029343485832 0.06363636162132025
0 0.5621211943216622 0.1340909048449248 0.02727272640913725 0.04999999841675162
0 0.5303030135110021 0.08409090642817318 0.030303029343485832 0.04999999841675162
0 0.472727257758379 0.11818181443959475 0.030303029343485832 0.0545454528182745
0 0.4530302886851132 0.08181817922741175 0.021212120540440083 0.036363635212183
0 0.45909089455381036 0.181818176060915 0.02727272640913725 0.0545454528182745
0 0.5227272561751306 0.2249999928753823 0.03939393814653158 0.05909090721979737
0 0.436363622546196 0.2727272640913725 0.042424241080880165 0.072727270424366
0 0.40303029026836157 0.1999999936670065 0.030303029343485832 0.06363636162132025
0 0.3757575638592243 0.13636363204568624 0.030303029343485832 0.036363635212183
0 0.40303029026836157 0.09545454243198037 0.024242423474788666 0.04545454401522875
0 0.3242424139752984 0.08863636082969606 0.024242423474788666 0.040909089613705873
0 0.3030302934348583 0.13181817764416337 0.024242423474788666 0.036363635212183
0 0.31666665663942695 0.1522727224510163 0.02727272640913725 0.040909089613705873
0 0.2575757494196296 0.11136363283731043 0.024242423474788666 0.040909089613705873
0 0.24242423474788666 0.13181817764416337 0.030303029343485832 0.04545454401522875
0 0.24696968914940953 0.18636363046243787 0.033333332277834415 0.04545454401522875
0 0.3212121110409498 0.21136362967081368 0.042424241080880165 0.05909090721979737
0 0.34999998891726136 0.29545453609898686 0.04545454401522875 0.08181817922741175
0 0.22878787154331803 0.34999998891726136 0.05757575575262308 0.08181817922741175
0 0.24393938621506095 0.24999999208375812 0.04545454401522875 0.072727270424366
0 0.0893939365632832 0.4204545321408659 0.07575757335871458 0.09545454243198037
0 0.04545454401522875 0.3159090809058398 0.0545454528182745 0.08636363362893462
0 0.072727270424366 0.2363636288791895 0.036363635212183 0.0545454528182745
0 0.01969696907326579 0.19090908486396074 0.033333332277834415 0.0545454528182745
0 0.06818181602284312 0.14090908644720912 0.03939393814653158 0.04545454401522875
0 0.13787878351286054 0.2863636272959411 0.03939393814653158 0.06363636162132025
0 0.16969696432352066 0.20227272086776793 0.036363635212183 0.05909090721979737
0 0.17727272165939212 0.1522727224510163 0.02727272640913725 0.04999999841675162
0 0.19242423633113503 0.12272726884111762 0.02727272640913725 0.04545454401522875
0 0.12424242030829191 0.13636363204568624 0.030303029343485832 0.04545454401522875
0 0.10454545123502612 0.17499999445863068 0.04545454401522875 0.05909090721979737
