0 0.10781250160653144 0.41219512233510613 0.040625000605359674 0.07804878056049347
0 0.14843750221189111 0.4987804882694036 0.040625000605359674 0.07560975616797805
0 0.0945312514086254 0.7475609763059765 0.04531250067520887 0.08048780495300889
0 0.18046875268919393 0.7585365860722959 0.03281250048894435 0.06829268299043179
0 0.25625000381842256 0.7548780494835228 0.037500000558793545 0.06097560981288552
0 0.2234375033294782 0.5085365858394653 0.037500000558793545 0.05121951224282384
0 0.26093750388827175 0.3585365856997669 0.034375000512227416 0.05365853663533926
0 0.28281250421423465 0.5524390249047428 0.034375000512227416 0.05609756102785468
0 0.3179687547381036 0.5036585370544344 0.023437500349245965 0.05121951224282384
0 0.35546875529689714 0.5195121956057847 0.03281250048894435 0.06829268299043179
0 0.39687500591389835 0.4792682931292802 0.02812500041909516 0.06097560981288552
0 0.4320312564377673 0.48414634191431105 0.029687500442378223 0.06097560981288552
0 0.4320312564377673 0.547560976119712 0.03281250048894435 0.06097560981288552
0 0.48671875725267455 0.5036585370544344 0.029687500442378223 0.06585365859791636
0 0.5031250074971467 0.5231707321945578 0.034375000512227416 0.05609756102785468
0 0.5687500084750354 0.5280487809795886 0.034375000512227416 0.06097560981288552
0 0.557812508312054 0.46219512238167226 0.034375000512227416 0.06097560981288552
0 0.5500000081956387 0.35487804911099374 0.02500000037252903 0.06585365859791636
0 0.607812509057112 0.4524390248116106 0.02500000037252903 0.05121951224282384
0 0.48437500721774995 0.35365853691473603 0.03125000046566129 0.0585365854203701
0 0.6585937598138116 0.47195121995173395 0.03593750053551048 0.06097560981288552
0 0.7234375107800588 0.44756097602657974 0.02812500041909516 0.06585365859791636
0 0.7632812613737769 0.4426829272415489 0.03281250048894435 0.05609756102785468
0 0.7726562615134753 0.37804878083989024 0.029687500442378223 0.05365853663533926
0 0.850000012665987 0.4780487809330225 0.040625000605359674 0.07317073177546263
0 0.9164062636555173 0.7426829275209457 0.04218750062864274 0.09024390252307057
0 0.788281261746306 0.7304878055583686 0.04218750062864274 0.06585365859791636
0 0.7171875106869265 0.7670731714460999 0.037500000558793545 0.06585365859791636
0 0.6820312601630576 0.7658536592498422 0.03593750053551048 0.06341463420540094
0 0.6984375104075298 0.6817073177080601 0.034375000512227416 0.06585365859791636
0 0.6406250095460564 0.5536585371010005 0.0437500006519258 0.06341463420540094
0 0.7523437612107955 0.5439024395309389 0.03281250048894435 0.06341463420540094
0 0.6125000091269612 0.7658536592498422 0.034375000512227416 0.06829268299043179
0 0.5554687582771294 0.7609756104648113 0.04218750062864274 0.07317073177546263
0 0.4781250071246177 0.7463414641097188 0.0437500006519258 0.07804878056049347
0 0.41406250617001206 0.7402439031284302 0.0437500006519258 0.0707317073829472
0 0.31718750472646207 0.7560975616797805 0.040625000605359674 0.06341463420540094
