0 0.042500001029111445 0.40222223196178675 0.04833333450369537 0.09333333559334278
0 0.11666666949167848 0.5955555699765682 0.08000000193715096 0.1066666692495346
0 0.18666667118668556 0.41888889903202653 0.030000000726431608 0.04666666779667139
0 0.23916667245794088 0.41666667675599456 0.04500000108964741 0.06444444600492716
0 0.2366666723974049 0.3688888978213072 0.03666666755452752 0.04888889007270336
0 0.2758333400124684 0.43222223268821836 0.031666667433455586 0.055555556900799274
0 0.34166667493991554 0.44888889975845814 0.03666666755452752 0.057777779176831245
0 0.2591666729422286 0.5144444569014013 0.05833333474583924 0.08666666876524687
0 0.3466666750609875 0.5977777922526002 0.1066666692495346 0.1600000038743019
0 0.3925000095041469 0.5411111242137849 0.06500000157393515 0.09111111331731081
0 0.37166667566634715 0.382222231477499 0.02666666731238365 0.04444444552063942
0 0.39416667621117085 0.4366666772402823 0.025000000605359674 0.04666666779667139
0 0.460000011138618 0.460000011138618 0.033333334140479565 0.057777779176831245
0 0.5016666788142174 0.4377777883782983 0.04000000096857548 0.07111111283302307
0 0.610000014770776 0.49222223414108157 0.04000000096857548 0.0688888905569911
0 0.6633333493955433 0.3977777874097228 0.04000000096857548 0.06222222372889519
0 0.6975000168895349 0.4688889002427459 0.031666667433455586 0.04888889007270336
0 0.6283333485480398 0.6477777934633195 0.09000000217929482 0.15777778159826994
0 0.7300000176765025 0.5844444585964084 0.06666666828095913 0.10222222469747066
0 0.7450000180397183 0.48000001162290573 0.05000000121071935 0.06222222372889519
0 0.8158333530882373 0.47000001138076186 0.04500000108964741 0.055555556900799274
0 0.8550000207033008 0.4522222331725061 0.03666666755452752 0.06444444600492716
0 0.919166688923724 0.4744444559328258 0.031666667433455586 0.05111111234873533
0 0.9808333570836112 0.5044444566592574 0.0383333342615515 0.08000000193715096
