0 0.18352601485094056 0.3717504334053956 0.04913294885773212 0.0883882149355486
0 0.2817919125664048 0.2192374350852333 0.014450867311097682 0.036395147326402366
0 0.3270712968078442 0.16984402085654438 0.01637764961924404 0.027729636058211327
0 0.3078034737263806 0.2209705373388715 0.01637764961924404 0.03986135183367878
0 0.32996147027006373 0.22963604860706255 0.020231214235536754 0.03292894281912595
0 0.3439306420041248 0.18977469677338377 0.01541425846517086 0.03986135183367878
0 0.3670520297018811 0.1941074524074793 0.017341040773317218 0.04159445408731699
0 0.3492292933515273 0.2400346621288918 0.018304431927390397 0.03986135183367878
0 0.41473989182850346 0.16031195846153423 0.014450867311097682 0.029462738311849535
0 0.4210019343299791 0.13604852691059932 0.019267823081463575 0.03292894281912595
0 0.38872833066852763 0.18630849226610735 0.01637764961924404 0.03292894281912595
0 0.4181117608677596 0.22443674184614792 0.021194605389609933 0.03986135183367878
0 0.4436416264506988 0.1559792028274387 0.018304431927390397 0.031195840565487742
0 0.4576107981847599 0.1525129983201623 0.01541425846517086 0.038128249580040574
0 0.4667630141484551 0.1291161178960465 0.014450867311097682 0.02599653380457312
0 0.5081888337736018 0.11525129986694083 0.01637764961924404 0.029462738311849535
0 0.4889210106921382 0.1317157712765038 0.018304431927390397 0.038128249580040574
0 0.46001927606994286 0.1984402080415748 0.01637764961924404 0.03986135183367878
0 0.47013488318771124 0.16897746972972527 0.021194605389609933 0.036395147326402366
0 0.5024084868491627 0.18110918550519273 0.02215799654368311 0.036395147326402366
0 0.48362235934473574 0.2218370884656906 0.02312138769775629 0.04159445408731699
0 0.49277457530843094 0.27816291170893237 0.020231214235536754 0.0433275563409552
0 0.5260115701239556 0.11958405550103635 0.01541425846517086 0.027729636058211327
0 0.5472061755135655 0.12651646451558918 0.01541425846517086 0.027729636058211327
0 0.5563583914772607 0.14731369155924767 0.020231214235536754 0.03466204507276416
0 0.5236030922387727 0.1559792028274387 0.014450867311097682 0.031195840565487742
0 0.554913304746151 0.1741767764906399 0.019267823081463575 0.036395147326402366
0 0.5727360410965048 0.11265164648648351 0.012524085002951324 0.03466204507276416
0 0.5920038641779684 0.09878682845737785 0.012524085002951324 0.027729636058211327
0 0.5534682180150412 0.2790294628357515 0.026011561159975827 0.05545927211642265
0 0.5847784305224195 0.16464471409562975 0.01541425846517086 0.031195840565487742
0 0.6122350784135051 0.10398613521829247 0.012524085002951324 0.02426343155093491
0 0.6319845970720053 0.09705372620373964 0.013487476157024503 0.03466204507276416
0 0.6204239032231271 0.13691507803741843 0.013487476157024503 0.027729636058211327
0 0.614643556298688 0.22963604860706255 0.021194605389609933 0.06065857887733728
0 0.6666666786186397 0.09532062395010144 0.01541425846517086 0.02426343155093491
0 0.6560693759238347 0.11178509535966441 0.017341040773317218 0.022530329297296703
0 0.6883429795852862 0.08925476606236771 0.012524085002951324 0.02599653380457312
0 0.6878612840082496 0.11265164648648351 0.01541425846517086 0.03466204507276416
0 0.7143545407452621 0.09532062395010144 0.010597302694804966 0.02426343155093491
0 0.6955684132408351 0.1542461005738005 0.01541425846517086 0.031195840565487742
0 0.6835260238149203 0.16377816296881065 0.018304431927390397 0.036395147326402366
0 0.6729287211201154 0.23743500874843448 0.02215799654368311 0.05199306760914624
0 0.6021194712957367 0.31889081466943026 0.026974952314049006 0.05892547662369907
0 0.6743738078512251 0.3344887349521741 0.034682081546634436 0.07279029465280473
0 0.7201348876697011 0.2842287695966661 0.02215799654368311 0.05199306760914624
0 0.7292871036333963 0.21230502607068047 0.02312138769775629 0.036395147326402366
0 0.733140668249689 0.12824956676922739 0.01541425846517086 0.03466204507276416
0 0.7456647532526404 0.12305026000831276 0.01541425846517086 0.027729636058211327
0 0.781310225953348 0.12651646451558918 0.01541425846517086 0.031195840565487742
0 0.7495183178689331 0.16464471409562975 0.021194605389609933 0.031195840565487742
0 0.7716763144126162 0.2192374350852333 0.019267823081463575 0.03986135183367878
0 0.7890173551859334 0.14558058930560946 0.019267823081463575 0.038128249580040574
0 0.8073217871133238 0.14644714043242857 0.013487476157024503 0.036395147326402366
0 0.7933526153792627 0.1941074524074793 0.018304431927390397 0.038128249580040574
0 0.7837187038385309 0.2850953207234852 0.02215799654368311 0.06065857887733728
0 0.743737970944494 0.36221837101038545 0.028901734622195363 0.0658578856382519
0 0.8155106119229458 0.38561525143450126 0.029865125776268542 0.06759098789189011
0 0.818882480962202 0.2435008666361682 0.02312138769775629 0.053726169862784445
0 0.8713872988591902 0.25216637790435925 0.02215799654368311 0.05719237437006086
0 0.8448940421221778 0.3032928943866864 0.025048170005902648 0.05892547662369907
0 0.8839113838621415 0.2175043328315951 0.014450867311097682 0.046793760848231614
0 0.9229287256021053 0.20970537269022316 0.01541425846517086 0.03466204507276416
0 0.9214836388709955 0.27209705382119864 0.018304431927390397 0.04852686310186982
0 0.9118497273302637 0.34055459283990785 0.018304431927390397 0.05719237437006086
0 0.8921002086717635 0.4176776431268081 0.03275529923848808 0.08318890817463398
0 0.7615607072948478 0.175043327617459 0.02215799654368311 0.045060658594593406
0 0.7172447142074816 0.17937608325155452 0.01637764961924404 0.03986135183367878
0 0.6613680272712372 0.1299826690228656 0.020231214235536754 0.038128249580040574
0 0.5963391243712977 0.12478336226195097 0.013487476157024503 0.04159445408731699
0 0.5520231312839314 0.13951473141787574 0.017341040773317218 0.03986135183367878
0 0.3733140722033568 0.24696707114344463 0.01637764961924404 0.0433275563409552
0 0.5640655207098462 0.23483535536797717 0.02408477885182947 0.046793760848231614
0 0.41088632721221074 0.1949740035342984 0.018304431927390397 0.03292894281912595
