0 0.1869918629527092 0.38061042223125696 0.04065040498971939 0.07540395157411695
0 0.29725608648732305 0.21723519382067025 0.015243901871144772 0.035906643606722355
0 0.3064024276100099 0.23967684607487172 0.01727642212063074 0.03770197578705847
0 0.32317071966826916 0.24506284261588007 0.018292682245373726 0.04129264014773071
0 0.3460365724749863 0.24955117306672037 0.01727642212063074 0.035906643606722355
0 0.3541666534729302 0.20377020246814936 0.01727642212063074 0.03411131142638624
0 0.34247966203838587 0.18402154848445207 0.012195121496915817 0.02333931834436953
0 0.3785568964667618 0.2010772041976452 0.01727642212063074 0.03231597924605012
0 0.3800812866538763 0.244165176525712 0.018292682245373726 0.035906643606722355
0 0.4131097407080233 0.2423698443453759 0.01930894237011671 0.035906643606722355
0 0.4136178707703948 0.1921005432959646 0.012195121496915817 0.028725314885377884
0 0.4141260008327663 0.16068223014008254 0.011178861372172832 0.02333931834436953
0 0.4405487640760839 0.167863558861427 0.015243901871144772 0.03411131142638624
0 0.4669715273194015 0.17145422322209924 0.015243901871144772 0.03411131142638624
0 0.46900404756888747 0.14901257096789777 0.015243901871144772 0.02513465052470565
0 0.4878048598766327 0.1463195726973936 0.014227641746401787 0.026929982705041766
0 0.4862804696895182 0.17145422322209924 0.015243901871144772 0.03411131142638624
0 0.48475607950240374 0.21543986164033413 0.014227641746401787 0.03949730796739459
0 0.45172762544825673 0.2226211903616786 0.01727642212063074 0.028725314885377884
0 0.49745933106169105 0.13375224743504077 0.013211381621658802 0.02333931834436953
0 0.5254064844921231 0.1355475796153769 0.014227641746401787 0.030520647065714
0 0.5055894120596349 0.17324955540243536 0.013211381621658802 0.026929982705041766
0 0.5238820943050086 0.17145422322209924 0.015243901871144772 0.030520647065714
0 0.5309959151782095 0.18043088412377983 0.015243901871144772 0.030520647065714
0 0.4939024206250906 0.28276481840293854 0.022357722744345665 0.04847396886907518
0 0.5477642072364688 0.2818671523127705 0.024390242993831635 0.05385996541008353
0 0.5650406293570995 0.2486535069765523 0.022357722744345665 0.04847396886907518
0 0.5950203030370176 0.33034112118184566 0.02743902336806059 0.05385996541008353
0 0.6224593264050782 0.24506284261588007 0.02337398286908865 0.04847396886907518
0 0.632621927652508 0.2163375277305022 0.01930894237011671 0.03411131142638624
0 0.6234755865298212 0.1508079031482339 0.011178861372172832 0.02513465052470565
0 0.5904471324756742 0.17594255367293954 0.014227641746401787 0.028725314885377884
0 0.5558942882344127 0.18402154848445207 0.014227641746401787 0.030520647065714
0 0.5538617679849267 0.16247756232041866 0.014227641746401787 0.026929982705041766
0 0.5701219299808145 0.15350090141873807 0.012195121496915817 0.02333931834436953
0 0.5497967274859548 0.1463195726973936 0.012195121496915817 0.019748653983697295
0 0.5564024182967842 0.1310592491645366 0.015243901871144772 0.02513465052470565
0 0.5873983521014452 0.12298025435302407 0.014227641746401787 0.03411131142638624
0 0.6067072944715619 0.1265709187136963 0.014227641746401787 0.030520647065714
0 0.6244918466545641 0.12477558653336018 0.011178861372172832 0.026929982705041766
0 0.6331300577148795 0.1113105951808393 0.012195121496915817 0.02513465052470565
0 0.6671747718937695 0.10771993082016706 0.011178861372172832 0.02513465052470565
0 0.6590446908958256 0.137342911795713 0.013211381621658802 0.02333931834436953
0 0.6920731449499726 0.12298025435302407 0.012195121496915817 0.02333931834436953
0 0.6956300553865731 0.106822264729999 0.009146341122686863 0.019748653983697295
0 0.7195121683180332 0.106822264729999 0.010162601247429848 0.019748653983697295
0 0.667682901956141 0.1813285502139479 0.014227641746401787 0.028725314885377884
0 0.6941056651994586 0.2010772041976452 0.020325202494859695 0.028725314885377884
0 0.7042682664468884 0.17504488758277148 0.012195121496915817 0.02333931834436953
0 0.7515243622474372 0.13824057788588107 0.013211381621658802 0.03231597924605012
0 0.6758129829540849 0.2710951592307538 0.022357722744345665 0.0502693010494113
0 0.699695095885545 0.31059246719814837 0.02743902336806059 0.05385996541008353
0 0.730691029690206 0.29982047411613166 0.022357722744345665 0.04667863668873906
0 0.7489837119355798 0.3904847492231056 0.028455283492803574 0.07001795503310859
0 0.7830284261144698 0.30879713501781225 0.02134146261960268 0.05385996541008353
0 0.768800784368068 0.23249551735352725 0.01930894237011671 0.03770197578705847
0 0.7372967205010355 0.22172352427151054 0.01930894237011671 0.03411131142638624
0 0.7586381831206381 0.19748653983697295 0.015243901871144772 0.03231597924605012
0 0.735772330313921 0.19479354156646878 0.016260161995887756 0.026929982705041766
0 0.7936991574242711 0.14362657442688942 0.012195121496915817 0.028725314885377884
0 0.800812978297472 0.16517056059092283 0.014227641746401787 0.035906643606722355
0 0.8064024089835584 0.21543986164033413 0.015243901871144772 0.03231597924605012
0 0.8084349292330444 0.2558348356978968 0.01930894237011671 0.04847396886907518
0 0.8561991550959647 0.29353681148495525 0.02134146261960268 0.052064633229747415
0 0.8221544409170747 0.4147217336576432 0.026422763243317604 0.06822262285277247
0 0.8739837072789669 0.26122083223890513 0.018292682245373726 0.04129264014773071
0 0.8826219183392823 0.2315978512633592 0.01727642212063074 0.03949730796739459
0 0.931910534389317 0.21903052600100636 0.016260161995887756 0.043087972328066826
0 0.9283536239527166 0.289946147124283 0.01930894237011671 0.04129264014773071
0 0.9278454938903451 0.33482945163268596 0.022357722744345665 0.05565529759041965
0 0.9054877711459994 0.41382406756747514 0.03252032399177551 0.07360861939378083
