0 0.0836177448509261 0.42272725934162736 0.05802047601900995 0.08181817922741175
0 0.17064845887944102 0.34318180731497705 0.08191126026213169 0.10454545123502612
0 0.25938565749675035 0.36363635212183 0.06143344519659877 0.08181817922741175
0 0.34129691775888205 0.3840908969286829 0.047781568486243486 0.06818181602284312
0 0.3668941865907982 0.4499999857507646 0.06484641437418759 0.0909090880304575
0 0.3378839485812932 0.29545453609898686 0.040955630131065845 0.06363636162132025
0 0.3805460633011535 0.2931818088982254 0.030716722598299384 0.04999999841675162
0 0.42320817802101374 0.28181817289441824 0.034129691775888205 0.0545454528182745
0 0.46075083897449076 0.3113636265043169 0.047781568486243486 0.06818181602284312
0 0.5170648304047063 0.33181817131116986 0.037542660953477025 0.072727270424366
0 0.5443685838254169 0.30681817210279405 0.037542660953477025 0.05909090721979737
0 0.5204777995822951 0.42954544094391167 0.05119453766383231 0.08636363362893462
0 0.561433429713361 0.5704545273911208 0.05802047601900995 0.09545454243198037
0 0.6348122670315206 0.3818181697279215 0.047781568486243486 0.08181817922741175
0 0.6177474211435765 0.6659090698231012 0.05460750684142113 0.08636363362893462
0 0.7184300118824467 0.6159090714063495 0.05802047601900995 0.08636363362893462
0 0.7423207961255684 0.5727272545918822 0.044368599308654666 0.072727270424366
0 0.7883958800230175 0.14999999525025487 0.06143344519659877 0.09999999683350325
