0 0.9197368611639831 0.2601449365611188 0.013157895009499043 0.02753623283933848
0 0.9377193176769651 0.2804347923374735 0.015789474011398852 0.03333333448972553
0 0.8846491411386523 0.2572463857359253 0.013157895009499043 0.030434783664532006
0 0.8960526501468848 0.28623189398786053 0.014912281010765582 0.036231885314919055
0 0.8951754571462516 0.26956522674299777 0.01666666701203212 0.028985508251935244
0 0.9824561607092619 0.31304348912090063 0.014035088010132313 0.03188405907712877
0 0.9504386161861476 0.3369565334287472 0.0201754390145652 0.03913043614011258
0 0.9214912471652497 0.32826088095316663 0.01842105301329866 0.0420289869653061
0 0.9105263346573338 0.33985508425394073 0.022807018016465008 0.04492753779049963
0 0.8877193166408688 0.32391305471537635 0.01929824601393193 0.036231885314919055
0 0.9736842307029292 0.3644927662680857 0.015789474011398852 0.04492753779049963
0 0.9846491432108451 0.283333343162667 0.013157895009499043 0.02753623283933848
0 0.8964912466472015 0.36666667938698083 0.02105263201519847 0.05797101650387049
0 0.958333353191847 0.49275364028289914 0.028947369020897895 0.06956521980464458
0 0.8877193166408688 0.47681161074433476 0.029824562021531165 0.06086956732906401
0 0.8517544036149047 0.5289855255978182 0.028070176020264626 0.06956521980464458
0 0.8083333500835579 0.44275363854831085 0.02192982501583174 0.062318842741660774
0 0.847807035112055 0.36159421544289216 0.0201754390145652 0.04782608861569315
0 0.857456158119021 0.34347827278543264 0.023684211017098278 0.043478262377902865
0 0.8605263336212374 0.30434783664532006 0.01929824601393193 0.03768116072751582
0 0.8570175616187043 0.27028986444929615 0.01754386001266539 0.036231885314919055
0 0.8451754561101552 0.24347826931625605 0.01666666701203212 0.028985508251935244
0 0.8162280870892573 0.24202899390365928 0.014912281010765582 0.028985508251935244
0 0.8114035255857743 0.2789855169248767 0.01754386001266539 0.03913043614011258
0 0.7828947530651931 0.2340579791343771 0.014912281010765582 0.02753623283933848
0 0.797368437575642 0.2637681250926107 0.015789474011398852 0.028985508251935244
0 0.7640351035515778 0.25144928408553824 0.015789474011398852 0.03333333448972553
0 0.7776315950613935 0.2601449365611188 0.014912281010765582 0.0420289869653061
0 0.7934210690727923 0.30000001040752977 0.0201754390145652 0.04057971155270934
0 0.7416666820354294 0.3036231989390217 0.01842105301329866 0.03913043614011258
0 0.7377193135325797 0.2521739217918366 0.015789474011398852 0.03478260990232229
0 0.7254386115237139 0.22101450042100623 0.015789474011398852 0.02753623283933848
0 0.632894749956904 0.20507247088244185 0.013157895009499043 0.02753623283933848
0 0.6644736979797017 0.22536232665879652 0.013157895009499043 0.030434783664532006
0 0.6885965054971166 0.2188405873021111 0.012280702008865774 0.02608695742674172
0 0.7048245760088321 0.2297101528965868 0.013157895009499043 0.030434783664532006
0 0.6947368565015495 0.28478261857526377 0.014035088010132313 0.036231885314919055
0 0.6692982594831847 0.25434783491073176 0.014035088010132313 0.03333333448972553
0 0.6254386094515212 0.22826087748399004 0.014035088010132313 0.030434783664532006
0 0.6491228204686195 0.22101450042100623 0.015789474011398852 0.03333333448972553
0 0.623245626949938 0.252898559498135 0.014912281010765582 0.03333333448972553
0 0.6561403644736856 0.30797102517681196 0.01754386001266539 0.03913043614011258
0 0.7078947515110485 0.32391305471537635 0.02105263201519847 0.03913043614011258
0 0.5837719419214409 0.21956522500840947 0.011403509008232504 0.024637682014144957
0 0.5925438719277736 0.21739131188951433 0.009649123006965965 0.014492754125967622
0 0.6030701879353728 0.2644927627989091 0.013157895009499043 0.036231885314919055
0 0.5692982574109919 0.24710145784774795 0.014035088010132313 0.03333333448972553
0 0.5714912399125751 0.283333343162667 0.01666666701203212 0.03913043614011258
0 0.48114036084734835 0.23985508078476414 0.011403509008232504 0.024637682014144957
0 0.47236843084101565 0.2500000086729415 0.011403509008232504 0.021739131188951433
0 0.5359649233869277 0.27826087921857834 0.015789474011398852 0.03478260990232229
0 0.5232456248777453 0.27318841527448967 0.014912281010765582 0.030434783664532006
0 0.5328947478847113 0.252898559498135 0.013157895009499043 0.021739131188951433
0 0.39692983278655447 0.26594203821150586 0.011403509008232504 0.030434783664532006
0 0.43684211431536824 0.25434783491073176 0.012280702008865774 0.024637682014144957
0 0.471929834340699 0.2717391398618929 0.014035088010132313 0.02753623283933848
0 0.4438596583204344 0.2753623283933848 0.014035088010132313 0.028985508251935244
0 0.41447369279921986 0.28188406775007024 0.013157895009499043 0.030434783664532006
0 0.4149122892995365 0.30434783664532006 0.015789474011398852 0.03188405907712877
0 0.42061404380365275 0.3340579826035537 0.01666666701203212 0.036231885314919055
0 0.35526316525647417 0.3028985612327233 0.015789474011398852 0.03478260990232229
0 0.35526316525647417 0.33550725801615044 0.01754386001266539 0.03333333448972553
0 0.3894736922811717 0.35144928755471483 0.01929824601393193 0.03913043614011258
0 0.28552632170612924 0.31594203994609416 0.01666666701203212 0.03188405907712877
0 0.22500000466243364 0.33985508425394073 0.014912281010765582 0.03333333448972553
0 0.2548245666839648 0.3673913170932792 0.01842105301329866 0.04492753779049963
0 0.29078947970992886 0.3681159547995776 0.023684211017098278 0.04637681320309639
0 0.3201754452311434 0.3942029122263193 0.024561404017731547 0.03768116072751582
0 0.45701755332993343 0.36231885314919055 0.02105263201519847 0.03478260990232229
0 0.44342106182011776 0.3188405907712877 0.0201754390145652 0.043478262377902865
0 0.47850878184544854 0.3188405907712877 0.02192982501583174 0.03768116072751582
0 0.5162280808726791 0.33188406948465854 0.01666666701203212 0.03188405907712877
0 0.4789473783457652 0.4108695794711821 0.028070176020264626 0.05942029191646725
0 0.5460526428942103 0.38550725975073874 0.02192982501583174 0.05217391485348344
0 0.5407894848904107 0.4478261024923995 0.028947369020897895 0.06086956732906401
0 0.5894736964255571 0.4028985647018999 0.028070176020264626 0.043478262377902865
0 0.6092105389398057 0.4557971172616817 0.028947369020897895 0.0768115968676284
0 0.6565789609740023 0.48840581404510885 0.03596491302596405 0.06376811815425754
0 0.7315789625281468 0.5528985699056648 0.03684210602659732 0.07391304604243487
0 0.6907894879986998 0.3710145056247711 0.025438597018364817 0.049275364028289914
0 0.7149122955161147 0.37681160727515817 0.024561404017731547 0.04637681320309639
0 0.7486842260404956 0.40434784011449665 0.027192983019631356 0.05507246567867696
0 0.6201754514477216 0.33840580884134397 0.022807018016465008 0.04492753779049963
0 0.6666666804812849 0.3630434908554889 0.022807018016465008 0.04782608861569315
0 0.13333333609625697 0.5528985699056648 0.04210526403039694 0.07971014769282192
