0 0.20429687804426067 0.39843752078013495 0.030468750454019755 0.04687500244472176
0 0.10390625154832378 0.5411458615562879 0.05312500079162419 0.0677083368645981
0 0.12734375189756975 0.6526042007026263 0.05781250086147338 0.08437500440049917
0 0.19414062789292075 0.5890625307220034 0.05703125084983185 0.08229167095851153
0 0.2824218792084139 0.5375000280328095 0.0460937506868504 0.06458333670161664
0 0.2753906291036401 0.6729167017620057 0.07734375115251169 0.11666667275130749
0 0.4195312562515028 0.7729167069774121 0.17656250263098627 0.2354166789446026
0 0.39218750584404916 0.5822916970355436 0.05312500079162419 0.07708333735354245
0 0.485937507241033 0.5307291943463497 0.0437500006519258 0.073958337190561
0 0.5679687584633939 0.5692708630231209 0.05468750081490725 0.09479167161043733
0 0.6292968843772542 0.5322916944278404 0.044531250663567334 0.06458333670161664
0 0.6437500095926225 0.5734375299070962 0.05468750081490725 0.0802083375165239
0 0.6355468844703864 0.7864583743503317 0.12109375180443749 0.21875001140870154
0 0.644531259604264 0.6677083681570366 0.09531250142026693 0.12500000651925802
0 0.7472656361351255 0.49114585894858465 0.041406250617001206 0.06354166998062283
0 0.7941406368336175 0.5380208613933064 0.04765625071013346 0.0677083368645981
0 0.8347656374389771 0.6505208672606386 0.07421875110594556 0.1177083394723013
0 0.9253906387893949 0.534895861230325 0.044531250663567334 0.06979167030658573
0 0.9390625139931217 0.4875000254251063 0.04218750062864274 0.07083333702757955
