0 0.20938105045934208 0.3709122172440402 0.04738878278294578 0.08433734870050102
0 0.3080270880891476 0.21342512732371688 0.01644100627163425 0.03442340763285756
0 0.3297872434486635 0.22203097923193127 0.017408124287612736 0.03442340763285756
0 0.3409091006324161 0.20223751984303817 0.01450677023967728 0.03270223725121468
0 0.3515473988081794 0.2246127348043956 0.01837524230359122 0.03270223725121468
0 0.364603492023889 0.25473321648314595 0.019342360319569707 0.03442340763285756
0 0.37814314424758777 0.2401032682391815 0.013539652223698795 0.03614457801450044
0 0.3684719640878029 0.19879517907975242 0.017408124287612736 0.039586918777786195
0 0.3863636473834049 0.20826161617878824 0.01644100627163425 0.03442340763285756
0 0.4057060077029746 0.2581755572464317 0.024177950399462134 0.048192770686000586
0 0.41295939282281324 0.17469879373675212 0.017408124287612736 0.03614457801450044
0 0.41876210091868415 0.1454388972488232 0.013539652223698795 0.03270223725121468
0 0.44584140536608174 0.22203097923193127 0.02321083238348365 0.03442340763285756
0 0.4405222562782001 0.1695352825918235 0.01644100627163425 0.03614457801450044
0 0.4569632625498343 0.15490533434785903 0.01450677023967728 0.024096385343000293
0 0.46953579675755464 0.1497418232029304 0.01257253420772031 0.02753872610628605
0 0.4772727408853825 0.2314974163309671 0.020309478335548192 0.039586918777786195
0 0.48307544898125343 0.17383820854593068 0.01837524230359122 0.03442340763285756
0 0.48791103906114586 0.13511187495896593 0.01257253420772031 0.029259896487928927
0 0.5019342502928339 0.1850258160266094 0.013539652223698795 0.03614457801450044
0 0.5067698403727263 0.12048192671500146 0.015473888255655766 0.024096385343000293
0 0.510154753428651 0.14716006763046607 0.01450677023967728 0.029259896487928927
0 0.5275628777162638 0.12478485266910866 0.01644100627163425 0.029259896487928927
0 0.5449710020038765 0.19707400869810954 0.01837524230359122 0.03270223725121468
0 0.5449710020038765 0.1721170381642878 0.01257253420772031 0.03442340763285756
0 0.5589942132355645 0.15060240839375183 0.013539652223698795 0.029259896487928927
0 0.5411025299399626 0.13166953419568017 0.01257253420772031 0.029259896487928927
0 0.5807543685950805 0.1695352825918235 0.01644100627163425 0.039586918777786195
0 0.5754352195071988 0.1299483638140373 0.011605416191741824 0.029259896487928927
0 0.5822050456190482 0.11445783037925139 0.013539652223698795 0.029259896487928927
0 0.6025145239545964 0.12220309709664434 0.015473888255655766 0.030981066869571805
0 0.613636381138349 0.1101549044251442 0.01450677023967728 0.02753872610628605
0 0.6223404432821553 0.12736660824157298 0.01450677023967728 0.024096385343000293
0 0.6353965364978649 0.11531841557007283 0.015473888255655766 0.02753872610628605
0 0.659574486897327 0.09810671175364405 0.009671180159784853 0.02753872610628605
0 0.6929400584485848 0.10413080808939412 0.008704062143806368 0.01893287419807166
0 0.6832688782887999 0.11790017114253715 0.01257253420772031 0.02581755572464317
0 0.6677949900331441 0.1299483638140373 0.01644100627163425 0.029259896487928927
0 0.7190522448800039 0.1101549044251442 0.010638298175763339 0.02753872610628605
0 0.49226307013304904 0.2805507722077891 0.02321083238348365 0.06196213373914361
0 0.5425532069639303 0.2865748685435392 0.02707930444739759 0.056798622594214976
0 0.5652804803394247 0.24956970533821732 0.020309478335548192 0.05163511144928634
0 0.5996131699066609 0.33820997999282554 0.02707930444739759 0.06024096335750073
0 0.6184719712182414 0.21428571251453832 0.022243714367505163 0.039586918777786195
0 0.6320116234419402 0.23752151266671717 0.020309478335548192 0.05163511144928634
0 0.663442958961241 0.1807228900725022 0.017408124287612736 0.04130808915942907
0 0.6827853192808107 0.260757312818896 0.017408124287612736 0.04302925954107195
0 0.6885880273766816 0.30722891312325373 0.021276596351526678 0.06368330412078649
0 0.7301741020637564 0.2891566241160035 0.017408124287612736 0.05163511144928634
0 0.7035783566243481 0.1566265047295019 0.01837524230359122 0.03442340763285756
0 0.7267891890078317 0.14457831205800176 0.01257253420772031 0.03442340763285756
0 0.7470986673433799 0.1325301193865016 0.01257253420772031 0.03442340763285756
0 0.7137330957921222 0.18846815678989515 0.015473888255655766 0.03270223725121468
0 0.723404275951907 0.23407917190343142 0.015473888255655766 0.04475042992271483
0 0.7500000213913154 0.17728054930921644 0.01837524230359122 0.03786574839614332
0 0.7596712015511002 0.1850258160266094 0.01837524230359122 0.039586918777786195
0 0.7538684934552293 0.260757312818896 0.01644100627163425 0.049913941067643464
0 0.7756286488147452 0.1368330453406088 0.011605416191741824 0.022375214961357415
0 0.789168301038444 0.15834767511114478 0.013539652223698795 0.03786574839614332
0 0.8085106613580137 0.15404474915703759 0.015473888255655766 0.03614457801450044
0 0.8046421892940998 0.2030981050338596 0.019342360319569707 0.04475042992271483
0 0.8031915122701321 0.24182443862082437 0.01837524230359122 0.04302925954107195
0 0.7804642388946377 0.3149741798406467 0.019342360319569707 0.0550774522125721
0 0.7374274871835951 0.388123921060469 0.031914894527290016 0.070567985647358
0 0.808994220366003 0.409638550831005 0.029980658495333046 0.06884681526571512
0 0.8360735248134006 0.3459552467102185 0.022243714367505163 0.0550774522125721
0 0.870889773388626 0.25731497205561027 0.01644100627163425 0.049913941067643464
0 0.8849129846203141 0.22977624594932422 0.017408124287612736 0.04302925954107195
0 0.926499059307389 0.2185886384686455 0.015473888255655766 0.04130808915942907
0 0.9187621151795611 0.28571428335271776 0.019342360319569707 0.048192770686000586
0 0.9134429660916794 0.3442340763285756 0.020309478335548192 0.0550774522125721
0 0.8921663697401527 0.42685025464743376 0.028046422463376075 0.07917383755557239
0 0.6204062072501983 0.15318416396621615 0.01644100627163425 0.030981066869571805
0 0.4690522377495654 0.13941480091307312 0.011605416191741824 0.02753872610628605
