0 0.04635846913151909 0.4585262379841879 0.08651859141536988 0.16782407532446086
0 0.11053718545008451 0.45119599101599306 0.022210742870811373 0.04282407439313829
0 0.15896177019749302 0.5154321026057005 0.05655991498497315 0.10185185261070728
0 0.14436982866027392 0.46238426270429045 0.028409089718479663 0.04591049416922033
0 0.31430783806717955 0.4513888922519982 0.1311983416089788 0.22839506343007088
0 0.40302167732443195 0.5003858061973006 0.036415287730051205 0.06790123507380486
0 0.4487344853259856 0.5038580284453928 0.028667354170465842 0.0478395065292716
0 0.47352787271665875 0.5096450655255467 0.02505165184265934 0.044753086753189564
0 0.5024534913391108 0.50713734945748 0.01627066047512926 0.03356481506489217
0 0.5311208455095766 0.5160108063137159 0.028667354170465842 0.051311728777363896
0 0.5553977039962774 0.5420524731744081 0.046745865809498355 0.08873456856235862
0 0.6190598914108705 0.5399305595783517 0.0413223123177886 0.07831790181808174
0 0.6658057572203688 0.5194830285618082 0.03564049437409267 0.06057098810561001
0 0.7115185652219225 0.5426311768824235 0.027892560814507306 0.058256173273548484
0 0.8238636018359102 0.5592206831788644 0.061466939572710544 0.11689814901910722
0 0.8747416988771874 0.5607638930669054 0.05578512162901461 0.10300926002673805
0 0.9152892178390175 0.581211424083449 0.032024792046286166 0.07908950676210225
0 0.9477014065632829 0.5748456832952797 0.024535122938686982 0.06018518563359976
0 0.23786156027927063 0.4670138923684135 0.027376031910534948 0.04668209911324084
