0 0.022580644814297557 0.40800562215736136 0.02419354801531881 0.04634831508155912
0 0.2358870931493584 0.34129213832784444 0.015322580409701914 0.03370786551386118
0 0.2624999959662091 0.3511235991027206 0.020161290012765676 0.03932584309950471
0 0.2866935439815279 0.3658707902650349 0.020161290012765676 0.04634831508155912
0 0.2830645117792301 0.310393261606805 0.017741935211233795 0.03370786551386118
0 0.3379032206139527 0.364466295868624 0.02419354801531881 0.04634831508155912
0 0.37459676843718626 0.3511235991027206 0.01854838681174442 0.036516854306682944
0 0.37096773623488843 0.32584269996732473 0.01612903201021254 0.03370786551386118
0 0.3552419300249312 0.2949438232462853 0.016935483610723168 0.03370786551386118
0 0.40161289705429226 0.3426966327242553 0.01935483841225505 0.036516854306682944
0 0.4080645098583773 0.3033707896247506 0.014516128809191287 0.030898876721039414
0 0.399999993853271 0.2794943848857656 0.01612903201021254 0.030898876721039414
0 0.38387096184305847 0.26685393531806767 0.014516128809191287 0.030898876721039414
0 0.4258064450696111 0.28370786807499826 0.017741935211233795 0.02808988792821765
0 0.441129025479313 0.3096910144085996 0.01935483841225505 0.04073033749591559
0 0.44274192868033424 0.3419943855260499 0.01935483841225505 0.04353932628873736
0 0.4685483798966743 0.30758427281398326 0.01935483841225505 0.036516854306682944
0 0.42177418706705794 0.26334269932704046 0.012903225608170033 0.021067415946163237
0 0.4560483800887596 0.24929775536293164 0.01370967720868066 0.026685393531806767
0 0.46451612189412117 0.23946629458805546 0.012903225608170033 0.023876404738985002
0 0.49032257311046124 0.27528090169653296 0.017741935211233795 0.03370786551386118
0 0.5112903147237375 0.2830056208767928 0.017741935211233795 0.029494382324628532
0 0.5165322501270566 0.316713486390654 0.01854838681174442 0.0323033711174503
0 0.5137096695252694 0.2535112385521643 0.014516128809191287 0.026685393531806767
0 0.5326612821372692 0.25632022734498605 0.015322580409701914 0.03511235991027206
0 0.5564516043523327 0.2879213512642309 0.01612903201021254 0.03370786551386118
0 0.5467741851462051 0.2317415754077956 0.014516128809191287 0.03370786551386118
0 0.5645161203574389 0.24789326096652076 0.014516128809191287 0.026685393531806767
0 0.5645161203574389 0.22963483381317928 0.011290322407148778 0.023876404738985002
0 0.5923387005750556 0.2500000025611371 0.01370967720868066 0.025280899135395885
0 0.5975806359783746 0.22893258661497384 0.012903225608170033 0.025280899135395885
0 0.604435474582715 0.20997191226342693 0.012096774007659405 0.029494382324628532
0 0.6189516033919062 0.2198033730383031 0.016935483610723168 0.029494382324628532
0 0.637903216003906 0.25140449695754796 0.014516128809191287 0.030898876721039414
0 0.6467741836095229 0.23735955299343914 0.012903225608170033 0.025280899135395885
0 0.6528225706133526 0.22261236183112487 0.012096774007659405 0.021067415946163237
0 0.6645161188207567 0.22893258661497384 0.012903225608170033 0.02808988792821765
0 0.6782257960294373 0.23455056420061737 0.011290322407148778 0.02808988792821765
0 0.4987903149158228 0.3967696669860743 0.028225806017871946 0.06320224783848971
0 0.5379032175405882 0.4051966333645396 0.029032257618382573 0.05758427025284618
0 0.5338709595380351 0.37008427345426753 0.025806451216340065 0.04634831508155912
0 0.5588709591538645 0.26825842971447855 0.01612903201021254 0.025280899135395885
0 0.5858870877709705 0.32935393595835194 0.020161290012765676 0.04073033749591559
0 0.6028225713816937 0.3799157342291437 0.0298387092188932 0.05196629266720265
0 0.6056451519834809 0.4346910156891681 0.033870967221446335 0.06601123663131148
0 0.6616935382189695 0.4480337124550715 0.03467741882195696 0.06741573102772236
0 0.6556451512151398 0.3799157342291437 0.025806451216340065 0.054775281460024416
0 0.6411290224059485 0.3391853967332281 0.017741935211233795 0.04073033749591559
0 0.6266128935967572 0.30056180083192885 0.022580644814297557 0.03932584309950471
0 0.6733870864263736 0.2710674185073003 0.01935483841225505 0.036516854306682944
0 0.6951612796401605 0.2535112385521643 0.01612903201021254 0.029494382324628532
0 0.6733870864263736 0.32092696957988665 0.017741935211233795 0.03792134870309383
0 0.685483860434033 0.3511235991027206 0.022580644814297557 0.047752809477970004
0 0.7072580536478199 0.5091292186989449 0.04032258002553135 0.0884831469738856
0 0.7133064406516496 0.2984550592373125 0.02177419321378693 0.04353932628873736
0 0.7374999886669684 0.2738764073001221 0.016935483610723168 0.030898876721039414
0 0.7338709564646706 0.2233146090293303 0.011290322407148778 0.030898876721039414
0 0.7564516012789682 0.28651685686782 0.014516128809191287 0.036516854306682944
0 0.7641128914838191 0.26474719372345135 0.015322580409701914 0.03511235991027206
0 0.7721774074889254 0.2331460698042065 0.015322580409701914 0.030898876721039414
0 0.7995967619062867 0.25140449695754796 0.016935483610723168 0.03370786551386118
0 0.8048386973096058 0.3033707896247506 0.020967741613276303 0.03370786551386118
0 0.8092741811124142 0.27668539609294385 0.016935483610723168 0.03370786551386118
0 0.801209665107308 0.36727528466144577 0.02177419321378693 0.04915730387438089
0 0.7798386976937763 0.40800562215736136 0.02741935441736132 0.05196629266720265
0 0.7326612790639047 0.4087078693555668 0.028225806017871946 0.053370787063613534
0 0.8262096647231374 0.520365173870232 0.036290322022978216 0.06601123663131148
0 0.8338709549279884 0.45014045404968783 0.029032257618382573 0.05758427025284618
0 0.8463709547359031 0.4192415773286484 0.02177419321378693 0.04915730387438089
0 0.861693535145605 0.3714887678506784 0.02177419321378693 0.05196629266720265
0 0.8967741797678173 0.4683988812030293 0.029032257618382573 0.06601123663131148
0 0.9020161151711363 0.3988764085806906 0.024999999615829438 0.0561797758564353
0 0.9129032117780298 0.35814607108477503 0.01935483841225505 0.036516854306682944
0 0.9108870827767532 0.33146067755296826 0.015322580409701914 0.036516854306682944
0 0.9201612761826254 0.31741573358885944 0.012903225608170033 0.02808988792821765
0 0.9209677277831361 0.28511236247140914 0.014516128809191287 0.02808988792821765
0 0.882258050958626 0.29564607044449076 0.01612903201021254 0.03511235991027206
0 0.8612903093453497 0.31952247518347576 0.01612903201021254 0.03511235991027206
0 0.8342741807282437 0.3146067447960377 0.016935483610723168 0.03932584309950471
0 0.8419354709330946 0.2879213512642309 0.017741935211233795 0.03370786551386118
0 0.8362903097295202 0.25632022734498605 0.014516128809191287 0.029494382324628532
0 0.847580632136669 0.26685393531806767 0.011290322407148778 0.030898876721039414
0 0.8620967609458603 0.26123595773242414 0.012903225608170033 0.02808988792821765
