0 0.17388889309950173 0.533750012924429 0.24777778377756476 0.21750000526662916
0 0.3766666757874191 0.4375000105937943 0.15555555932223797 0.14166667009703815
0 0.3677777866832912 0.29583334049675614 0.07555555738508701 0.06500000157393515
0 0.38722223159857094 0.24291667254874483 0.08111111307516694 0.06250000151339918
0 0.03777777869254351 0.31625000765779987 0.0688888905569911 0.07416666846256703
0 0.5111111234873533 0.23291667230660096 0.11555555835366249 0.09416666894685477
0 0.6266666818410158 0.28000000678002834 0.09333333559334278 0.0916666688863188
0 0.6961111279670149 0.4037500097765587 0.13666666997596622 0.12083333625923842
0 0.8866666881367564 0.5054166789050214 0.19333333801478148 0.21250000514555722
0 0.6200000150129199 0.230000005569309 0.06444444600492716 0.07000000169500709
