0 0.1793206743313931 0.25131810433231294 0.02297702233772725 0.03866432374343276
0 0.37112886080285534 0.19859402650035918 0.01898101845290512 0.03163444669917226
0 0.4180819064495154 0.21528998448047787 0.012987012625671923 0.029876977438107133
0 0.4545454418985173 0.22671353467740119 0.01998001942411065 0.028119508177042007
0 0.5629370472743176 0.18717047630343586 0.012987012625671923 0.029876977438107133
0 0.5734265574719757 0.1581722334958613 0.013986013596877456 0.03514938522130251
0 0.6343656167155132 0.12478031753562391 0.013986013596877456 0.024604569654911757
0 0.6748251560493372 0.1766256607370451 0.014985014568082988 0.036906854482367635
0 0.683816164790187 0.2214411268942058 0.020979020395316184 0.03514938522130251
0 0.6788211599341594 0.2548330428544432 0.02297702233772725 0.04217926226556301
0 0.6253746079746634 0.21880492300260812 0.01998001942411065 0.040421793004497886
0 0.62837161088828 0.26713532768189907 0.017982017481699586 0.04217926226556301
0 0.6413586235139519 0.30755712068639696 0.02397602330893278 0.059753954876214266
0 0.9400599139044061 0.24165202339645475 0.021978021366521716 0.033391915960237384
