0 0.23140900023281574 0.27633851394057274 0.03033268079161644 0.04835923993960023
0 0.3791585098952055 0.27374784037237987 0.028375733643770218 0.03626942995470017
0 0.4109589010477066 0.2780656296527013 0.02935420721769333 0.05526770278811455
0 0.4618395268917084 0.22279792686458677 0.02152641862630844 0.04490500851534307
0 0.48727983981370926 0.30915371247101575 0.02935420721769333 0.06563039706088603
0 0.5386497024446726 0.330742658872623 0.026418786495923996 0.05008635565172881
0 0.5900195650756359 0.3911917087971233 0.03718199580907822 0.05699481850024313
0 0.635029349476099 0.24697754683438689 0.027397260069847107 0.031088082818314433
0 0.6771037131547928 0.2107081168796867 0.025440312922000885 0.04835923993960023
0 0.7901174109429121 0.2797927453648299 0.026418786495923996 0.04145077709108591
0 0.8512720093131065 0.3117443860392086 0.025440312922000885 0.04663212422747165
0 0.9065557662397623 0.15025906695518643 0.01859099790453911 0.027633851394057274
0 0.9373776838183403 0.15975820337189361 0.02152641862630844 0.04317789280321449
0 0.5704500935971737 0.1364421412581578 0.023483365774154663 0.031088082818314433
0 0.5968688800930977 0.1183074262808077 0.01956947147846222 0.03626942995470017
0 0.41829745285212994 0.16493955050827935 0.024461839348077774 0.03281519853044301
