0 0.20097087806789204 0.36873920453945175 0.036893204669468105 0.07426597562152892
0 0.3092233075585682 0.23920552612980828 0.020388349948916584 0.03972366137895733
0 0.321359230147209 0.21416234830394387 0.017475728527642787 0.027633851394057274
0 0.350485444359947 0.18221070762956515 0.015533980913460255 0.03281519853044301
0 0.3626213669485878 0.19689119118265808 0.014563107106368989 0.03454231424257159
0 0.41019418349605985 0.22625215828884393 0.018446602334734052 0.03454231424257159
0 0.43203884415561333 0.18825561262201518 0.015533980913460255 0.027633851394057274
0 0.412621368013788 0.17271157121285796 0.015533980913460255 0.03454231424257159
0 0.4538835048151668 0.19257340190233663 0.01650485472055152 0.03626942995470017
0 0.46601942740380764 0.2297063897131011 0.02135922375600785 0.03799654566682875
0 0.4519417572009843 0.15716752980370075 0.014563107106368989 0.031088082818314433
0 0.46893204882508144 0.14162348839454353 0.013592233299277723 0.031088082818314433
0 0.47621360237826593 0.16580310836434364 0.01650485472055152 0.027633851394057274
0 0.5033980689768214 0.16234887694008648 0.01650485472055152 0.031088082818314433
0 0.49708738923072815 0.14075993053847924 0.011650485685095191 0.029360967106185853
0 0.509223311819369 0.1433506041066721 0.012621359492186457 0.031088082818314433
0 0.547572827199474 0.1856649390538223 0.01941747614182532 0.03972366137895733
0 0.5582524390774779 0.19689119118265808 0.017475728527642787 0.03454231424257159
0 0.5310679724789225 0.1347150255460292 0.011650485685095191 0.027633851394057274
0 0.5388349629356526 0.13989637268241495 0.011650485685095191 0.020725388545542955
0 0.5495145748136565 0.14680483553092927 0.011650485685095191 0.024179619969800115
0 0.5684466140519362 0.15457685623550788 0.01650485472055152 0.03281519853044301
0 0.5868932163866702 0.18480138119775802 0.018446602334734052 0.03799654566682875
0 0.5917475854221266 0.15371329837944359 0.01650485472055152 0.03799654566682875
0 0.5917475854221266 0.12435233127325773 0.012621359492186457 0.031088082818314433
0 0.600485449685948 0.13385146768996492 0.012621359492186457 0.029360967106185853
0 0.6131068091781344 0.1105354055762291 0.014563107106368989 0.031088082818314433
0 0.6310679746093228 0.1450777198188007 0.015533980913460255 0.03454231424257159
0 0.6378640912589617 0.13039723626570776 0.015533980913460255 0.029360967106185853
0 0.6669903054716997 0.13212435197783634 0.00970873807091266 0.029360967106185853
0 0.6737864221213385 0.12176165770506486 0.011650485685095191 0.025906735681928694
0 0.6873786554206163 0.13126079412177205 0.00970873807091266 0.024179619969800115
0 0.700970888719894 0.13039723626570776 0.013592233299277723 0.022452504257671535
0 0.49126214638818055 0.32728842744836584 0.03106796182692051 0.05699481850024313
0 0.5645631188235711 0.3238341960241087 0.02815534040564671 0.06390328134875745
0 0.5927184592292178 0.31692573317559436 0.032038835634011775 0.06390328134875745
0 0.5820388473512139 0.26770293537992984 0.024271845177281648 0.05181347136385739
0 0.6262136055738665 0.2366148525616154 0.02135922375600785 0.04835923993960023
0 0.633495159127051 0.1856649390538223 0.01650485472055152 0.029360967106185853
0 0.6475728293298744 0.26683937752386555 0.023300971370190382 0.04317789280321449
0 0.6509708876546938 0.16407599265221506 0.01650485472055152 0.031088082818314433
0 0.6689320530858822 0.1951640754705295 0.02135922375600785 0.04145077709108591
0 0.6796116649638861 0.22279792686458677 0.01941747614182532 0.04145077709108591
0 0.6674757423752453 0.31692573317559436 0.020388349948916584 0.04317789280321449
0 0.6985437042021658 0.3229706381680444 0.030097088019829243 0.06908462848514318
0 0.7276699184149038 0.238341968273744 0.022330097563099116 0.04145077709108591
0 0.7106796267908067 0.18307426548562944 0.017475728527642787 0.03454231424257159
0 0.7373786564858165 0.18998272833414376 0.018446602334734052 0.04145077709108591
0 0.7558252588205505 0.16407599265221506 0.014563107106368989 0.03454231424257159
0 0.768446618312737 0.19343695975840092 0.018446602334734052 0.04145077709108591
0 0.753883511206368 0.09153713274281472 0.014563107106368989 0.03454231424257159
0 0.7951456480077468 0.19084628619020805 0.017475728527642787 0.03626942995470017
0 0.7757281718659215 0.1692573397886008 0.013592233299277723 0.03454231424257159
0 0.7441747731354553 0.16321243479615077 0.014563107106368989 0.029360967106185853
0 0.8038835122715682 0.21848013758426532 0.015533980913460255 0.03972366137895733
0 0.8184466193779372 0.2521588939707726 0.02135922375600785 0.04490500851534307
0 0.7820388516120147 0.3056994810467586 0.02621359279146418 0.05526770278811455
0 0.80145632775384 0.3721934359637089 0.032038835634011775 0.07772020704578608
0 0.8529126395296771 0.37564766738796607 0.02815534040564671 0.05354058707598597
0 0.9038835144019686 0.42832469660788774 0.03300970944110304 0.06908462848514318
0 0.8281553574488498 0.22625215828884393 0.01941747614182532 0.03799654566682875
0 0.8184466193779372 0.2029360961751081 0.013592233299277723 0.03626942995470017
0 0.8286407943523955 0.1865284969098866 0.012621359492186457 0.027633851394057274
0 0.8485437073977664 0.19948186475085095 0.01941747614182532 0.03972366137895733
0 0.8694174942502286 0.2210708111524582 0.020388349948916584 0.04145077709108591
0 0.8679611835395917 0.18480138119775802 0.015533980913460255 0.027633851394057274
0 0.8776699216105044 0.17443868692498654 0.011650485685095191 0.024179619969800115
0 0.874271863285685 0.15544041409157217 0.010679611878003925 0.020725388545542955
0 0.8815534168388695 0.20639032759936526 0.015533980913460255 0.03281519853044301
0 0.8893204072955996 0.24006908398587257 0.017475728527642787 0.04835923993960023
0 0.8674757466360461 0.2858376503572799 0.02621359279146418 0.05699481850024313
0 0.9179611846047919 0.3376511217211373 0.022330097563099116 0.03972366137895733
0 0.9252427381579764 0.2547495675389655 0.01941747614182532 0.03972366137895733
0 0.9393204083607998 0.2210708111524582 0.012621359492186457 0.031088082818314433
0 0.9412621559749823 0.19343695975840092 0.012621359492186457 0.027633851394057274
0 0.9203883691225201 0.18048359191743657 0.013592233299277723 0.03281519853044301
