0 0.13240131677594036 0.7721125788521022 0.06469298293814063 0.07419590698555112
0 0.2631578966975212 0.849415211006999 0.08826754451729357 0.13304093666374683
0 0.30907346721505746 0.7373903563711792 0.061677632038481534 0.08735380182042718
0 0.22656250168802217 0.72350146737881 0.03810307045932859 0.06396198878064752
0 0.514391451200936 0.8241959125734866 0.08525219361763448 0.12280701845884323
0 0.540981363679748 0.7677266139071435 0.06387061451096088 0.07931286608800292
0 0.5047971528838389 0.6980994204059243 0.05400219338480383 0.05994152091443539
0 0.4805372842820361 0.661184215452522 0.03289473708719015 0.04897660855203867
0 0.3784265379072167 0.6058114080224186 0.04632675473112613 0.05007309978827834
0 0.3370339937391691 0.6577119932044297 0.03810307045932859 0.045687134843319654
0 0.28933662496274337 0.6383406480308622 0.040296052931807935 0.05592105304822326
0 0.2417763175908476 0.6726973734330386 0.03947368450462818 0.045687134843319654
0 0.6700932067469694 0.7819809999782592 0.08141447429079562 0.1034356732852757
0 0.7702850934583694 0.804824567399919 0.08388157957233489 0.12280701845884323
0 0.7541118477238342 0.7231359703000635 0.06688596541061997 0.08954678429290652
0 0.624451759038493 0.6803728120867163 0.05427631619386375 0.07492690114304423
0 0.584566890320275 0.6337719345465302 0.03042763180565089 0.03874269034713507
0 0.955317989573814 0.6774488354567438 0.0504385968670249 0.06907894788309932
