0 0.03200000151991844 0.7773333250079304 0.06000000284984708 0.15199999837204814
0 0.33200001576915383 0.8399999910034239 0.12800000607967377 0.16533333156257868
0 0.30900001467671245 0.5839999937452376 0.06600000313483179 0.10666666552424431
0 0.47300002246629447 0.5959999936167151 0.0740000035148114 0.09333333233371377
0 0.45100002142135054 0.4906666614115238 0.042000001994892955 0.07466666586697102
0 0.46500002208631486 0.2999999967869371 0.03800000180490315 0.050666666124016047
0 0.5150000244611874 0.4559999951161444 0.034000001614913344 0.04799999948590994
0 0.5440000258386135 0.4226666621398181 0.03200000151991844 0.039999999571591616
0 0.5810000275960192 0.40266666235402226 0.02200000104494393 0.03199999965727329
0 0.5930000281659886 0.5119999945163727 0.04600000218488276 0.07466666586697102
0 0.6100000289734453 0.46666666166856885 0.04000000189989805 0.06399999931454659
0 0.6320000300183892 0.4186666621826589 0.028000001329928637 0.04266666620969772
0 0.6670000316808 0.4159999955445528 0.02200000104494393 0.03733333293348551
0 0.7340000348631293 0.4306666620541364 0.03200000151991844 0.050666666124016047
0 0.7540000358130783 0.4186666621826589 0.02400000113993883 0.04266666620969772
0 0.740000035148114 0.48666666145436466 0.04400000208988786 0.04533333284780383
0 0.7300000346731395 0.518666661111638 0.04400000208988786 0.06133333267644048
0 0.6950000330107287 0.6626666595693678 0.0740000035148114 0.11999999871477485
0 0.6790000322507694 0.9066666569560766 0.13400000636465847 0.18666666466742754
0 0.935000044410117 0.6879999926313758 0.09800000465475023 0.13333333190530539
0 0.8830000419402495 0.5479999941308051 0.05400000256486237 0.07733333250507712
0 0.862000040942803 0.4933333280496299 0.04000000189989805 0.05866666603833437
0 0.8440000400878489 0.4506666618399322 0.03600000170990825 0.053333332762122154
0 0.8470000402303413 0.41999999550171196 0.034000001614913344 0.04533333284780383
0 0.33800001605413854 0.37466666265390813 0.02400000113993883 0.0346666662953794
0 0.3000000142492354 0.38799999584443867 0.028000001329928637 0.039999999571591616
0 0.27400001301430166 0.38266666256822646 0.028000001329928637 0.039999999571591616
0 0.22100001049693674 0.3893333291634917 0.03000000142492354 0.03733333293348551
0 0.1850000087870285 0.421333328820765 0.03800000180490315 0.04799999948590994
0 0.15700000745709985 0.3759999959729612 0.03000000142492354 0.04266666620969772
0 0.17200000816956162 0.35333332954905927 0.02400000113993883 0.0346666662953794
0 0.12700000603217632 0.39199999580159783 0.03000000142492354 0.04266666620969772
0 0.10300000489223748 0.36533332942053676 0.03000000142492354 0.04266666620969772
0 0.08900000422727317 0.42666666209697723 0.042000001994892955 0.053333332762122154
0 0.03600000170990825 0.3933333291206509 0.03600000170990825 0.050666666124016047
