0 0.07812499825377017 0.5833333474583924 0.08374999812804163 0.153333337046206
0 0.03687499917577952 0.5022222343832254 0.06374999857507646 0.09333333559334278
0 0.05374999879859388 0.4133333433419466 0.03499999921768904 0.07111111283302307
0 0.03749999916180968 0.3577777864411473 0.03999999910593033 0.06222222372889519
0 0.1099999975413084 0.4300000104121864 0.047499998938292265 0.1000000024214387
0 0.11687499738764018 0.37111112009733915 0.03624999918974936 0.07111111283302307
0 0.16062499640975147 0.36333334213122725 0.03124999930150807 0.060000001452863216
0 0.17062499618623406 0.44111112179234624 0.061249998630955815 0.10888889152556658
0 0.23437499476131052 0.41000000992789865 0.038749999133870006 0.08222222421318293
0 0.2868749935878441 0.3733333423733711 0.033749999245628715 0.057777779176831245
0 0.3124999930150807 0.44111112179234624 0.0549999987706542 0.09111111331731081
0 0.28749999357387424 0.5488889021798968 0.06999999843537807 0.13333333656191826
0 0.2606249941745773 0.6977777946740389 0.12874999712221324 0.2222222276031971
0 0.47999998927116394 0.5911111254245043 0.09499999787658453 0.18666667118668556
0 0.410624990821816 0.4844444561749697 0.05874999868683517 0.12000000290572643
0 0.4012499910313636 0.38777778716757894 0.0274999993853271 0.07777777966111898
0 0.3687499917577952 0.3611111198551953 0.0274999993853271 0.055555556900799274
0 0.43312499031890184 0.384444453753531 0.03124999930150807 0.057777779176831245
0 0.4712499894667417 0.3988888985477388 0.03249999927356839 0.07333333510905504
0 0.4674999895505607 0.34111111937090755 0.0274999993853271 0.055555556900799274
0 0.534374988055788 0.4211111213080585 0.03624999918974936 0.07333333510905504
0 0.5437499878462404 0.383333342615515 0.029999999329447746 0.04666666779667139
0 0.5368749879999086 0.3433333416469395 0.026249999413266778 0.04222222324460745
0 0.5512499876786023 0.33333334140479565 0.019999999552965164 0.04444444552063942
0 0.5724999872036278 0.3377777859568596 0.019999999552965164 0.0533333346247673
0 0.6356249857926741 0.540000013075769 0.07874999823980033 0.14222222566604614
0 0.6181249861838296 0.3988888985477388 0.038749999133870006 0.07777777966111898
0 0.6137499862816185 0.35666667530313134 0.024999999441206455 0.04666666779667139
0 0.6556249853456393 0.3611111198551953 0.028749999357387424 0.060000001452863216
0 0.6887499846052378 0.4300000104121864 0.052499998826533556 0.1000000024214387
0 0.6949999844655395 0.3688888978213072 0.03249999927356839 0.04888889007270336
0 0.7349999835714698 0.3888888983055949 0.03249999927356839 0.07555555738508701
0 0.7637499829288572 0.44111112179234624 0.04999999888241291 0.10444444697350264
0 0.7574999830685556 0.35444445302709937 0.0274999993853271 0.0688888905569911
0 0.9112499796319753 0.41666667675599456 0.04499999899417162 0.08666666876524687
0 0.8862499801907688 0.3766666757874191 0.029999999329447746 0.06444444600492716
0 0.9762499781791121 0.4888889007270336 0.047499998938292265 0.15111111477017403
0 0.960624978528358 0.4444444552063942 0.05374999879859388 0.12000000290572643
0 0.9368749790592119 0.3888888983055949 0.033749999245628715 0.08000000193715096
0 0.9774999781511724 0.37888889806345105 0.03499999921768904 0.07777777966111898
