0 0.1945773500483483 0.40833334322087467 0.04944178566802293 0.08333333535119891
0 0.2595693747571204 0.2659722286625765 0.016746411274652928 0.034722223062999547
0 0.2807017508894205 0.2597222285112366 0.017543859430588782 0.03611111198551953
0 0.30502391964546405 0.26388889527879655 0.018341307586524636 0.03611111198551953
0 0.32575757169979624 0.26250000635627657 0.019936203898396343 0.033333334140479565
0 0.3456937755981926 0.2666666731238365 0.016746411274652928 0.03888888983055949
0 0.30781498819123954 0.22847222775453702 0.017543859430588782 0.03194444521795958
0 0.3337320532591548 0.22361111652571708 0.016746411274652928 0.03611111198551953
0 0.38357256300514564 0.2770833400427364 0.02392344467807561 0.040277778753079474
0 0.43580541721894406 0.23888889467343688 0.019936203898396343 0.03611111198551953
0 0.4114832484629005 0.23611111682839692 0.020733652054332197 0.03888888983055949
0 0.41905900594429113 0.18680556007893756 0.013556618650909513 0.03194444521795958
0 0.3947368371882476 0.19375000469153747 0.022328548366203904 0.02916666737291962
0 0.40031897427979857 0.17430555977625772 0.015948963118717074 0.02916666737291962
0 0.4377990376087837 0.17430555977625772 0.014354066806845367 0.034722223062999547
0 0.45055820810375735 0.152083337015938 0.01275917049497366 0.020833333837799728
0 0.45933013781905174 0.16736111516365781 0.01275917049497366 0.02916666737291962
0 0.46810206753434613 0.15486111486097798 0.015948963118717074 0.02916666737291962
0 0.4988038215378765 0.12777778087183833 0.013556618650909513 0.025000000605359674
0 0.4736842046258971 0.22638889437075704 0.020733652054332197 0.041666667675599456
0 0.4812599621072877 0.1909722268464975 0.01515151496278122 0.03194444521795958
0 0.4928229603683576 0.20416667161043733 0.017543859430588782 0.03611111198551953
0 0.528708127385471 0.2062500049942173 0.01913875574246049 0.03194444521795958
0 0.5283094033075031 0.17986111546633765 0.018341307586524636 0.02916666737291962
0 0.5155502328125294 0.16458333731861785 0.018341307586524636 0.02361111168283969
0 0.5139553365006577 0.1444444479420781 0.01515151496278122 0.025000000605359674
0 0.566985638870392 0.14791667024837807 0.015948963118717074 0.02916666737291962
0 0.5829346019891091 0.14861111470963806 0.014354066806845367 0.033333334140479565
0 0.5829346019891091 0.11736111395293847 0.01275917049497366 0.02361111168283969
0 0.6088516670570243 0.0993055579601787 0.01515151496278122 0.02361111168283969
0 0.6192184930841904 0.11944444733671844 0.013556618650909513 0.025000000605359674
0 0.6128389078367036 0.14861111470963806 0.018341307586524636 0.033333334140479565
0 0.5657894666364882 0.17986111546633765 0.016746411274652928 0.03194444521795958
0 0.6447368340741377 0.11666666949167848 0.011961722339037806 0.0305555562954396
0 0.6730462436098605 0.1145833361078985 0.014354066806845367 0.03194444521795958
0 0.5087719234870747 0.29375000711297616 0.028708133613690734 0.048611112288199365
0 0.539473677490605 0.306250007415656 0.031100478081498295 0.06250000151339918
0 0.5677830870263278 0.2368055612896569 0.020733652054332197 0.0458333344431594
0 0.6020733577315696 0.2145833385293372 0.01913875574246049 0.040277778753079474
0 0.6152312523045111 0.23402778344461694 0.024720892834011465 0.05416666797827929
0 0.6555023841792718 0.2659722286625765 0.028708133613690734 0.056944445823319256
0 0.6634768657386303 0.2229166720644571 0.02392344467807561 0.0458333344431594
0 0.654306211945368 0.17500000423751771 0.019936203898396343 0.041666667675599456
0 0.68660286226077 0.16527778177987784 0.017543859430588782 0.03611111198551953
0 0.6738436917657964 0.304861118493136 0.028708133613690734 0.06527777935843915
0 0.708532686549006 0.27291667327517644 0.024720892834011465 0.05972222366835922
0 0.7149122717964929 0.22361111652571708 0.019936203898396343 0.03888888983055949
0 0.7224880292778835 0.15902778162853792 0.01913875574246049 0.03750000090803951
0 0.7440191294881515 0.18819444900145754 0.01913875574246049 0.03750000090803951
0 0.7547846795932855 0.17361111531499773 0.018341307586524636 0.0305555562954396
0 0.7535885073593818 0.13402778102317825 0.015948963118717074 0.03750000090803951
0 0.7846889854408801 0.152083337015938 0.017543859430588782 0.03750000090803951
0 0.8078149819630198 0.12500000302679837 0.015948963118717074 0.033333334140479565
0 0.8337320470309351 0.1444444479420781 0.016746411274652928 0.03611111198551953
0 0.8102073264308274 0.1770833376212977 0.017543859430588782 0.040277778753079474
0 0.7822966409730725 0.20138889376539737 0.022328548366203904 0.04444444552063942
0 0.7531897832814138 0.23194445006083697 0.02153110021026805 0.041666667675599456
0 0.7791068483493291 0.27291667327517644 0.027113237301819026 0.06250000151339918
0 0.7456140258000232 0.3750000090803951 0.033492822549305856 0.07222222397103906
0 0.8584529398649465 0.33263889694353566 0.024720892834011465 0.06805555720347911
0 0.8213716006139293 0.25625000620493665 0.020733652054332197 0.0458333344431594
0 0.8313397025631275 0.21250000514555722 0.018341307586524636 0.041666667675599456
0 0.8536682509293314 0.1916666713077575 0.016746411274652928 0.041666667675599456
0 0.8624401806446258 0.24791667266981676 0.019936203898396343 0.05416666797827929
0 0.883173832698958 0.22500000544823706 0.018341307586524636 0.04444444552063942
0 0.9078947255329695 0.2604166729724966 0.024720892834011465 0.05416666797827929
0 0.8815789363870863 0.19583333807531744 0.019936203898396343 0.041666667675599456
0 0.8648325251124334 0.152083337015938 0.018341307586524636 0.034722223062999547
