0 0.02846975065767765 0.43547889596084133 0.05474952049553394 0.14474899653578177
0 0.18272652465384454 0.5018478507554391 0.11853271187283099 0.12534647146821953
0 0.2014782354235649 0.40529719030018896 0.08650424238294363 0.11703110358212143
0 0.3397207746747881 0.5839236115571111 0.179030932020396 0.2525408024666831
0 0.3733917297795415 0.4170003006584011 0.0930741848424077 0.12011086946586147
0 0.4770051973173395 0.45349552638072055 0.0867779899854213 0.10070834439829923
0 0.5692581393523142 0.24776716534688603 0.08294552355073392 0.09947643804480322
0 0.6809471611632034 0.47967353639251087 0.09499041805975139 0.10563596981228329
0 0.6736928496975452 0.38681859499774873 0.06734191020950675 0.09424083604244515
0 0.7632083157077432 0.39759777559083886 0.05474952049553394 0.08931321062846109
0 0.8347933137556538 0.570526629962842 0.13605255843140185 0.16846319384058006
0 0.8571037433575839 0.4330150832538493 0.06953189102932811 0.07576224074000493
0 0.8434163632337004 0.3821989461721387 0.06734191020950675 0.07268247485626489
0 0.970572124584578 0.5423467721266206 0.05885573453269899 0.14290113700553775
0 0.9529154042247683 0.7707114124059444 0.09143169922754169 0.1561441303056199
