0 0.03533333295490593 0.24377224000636488 0.059999999357387424 0.12099644029513001
0 0.07866666582413018 0.19217081693932414 0.039999999571591616 0.06761565781198442
0 0.259333330555819 0.4822064017644152 0.10799999884329736 0.14590747212059796
0 0.3519999962300062 0.41014234541216865 0.08533333241939545 0.10498220555018634
0 0.3366666630608961 0.29003558482509106 0.06799999927170575 0.09964412730187178
0 0.30133333010599017 0.2651245529996231 0.03733333293348551 0.06405693897977471
0 0.2653333304915577 0.24021352117415518 0.03733333293348551 0.053380782483145595
0 0.3739999959943816 0.24377224000636488 0.033333332976326346 0.0569395013153553
0 0.41999999550171196 0.25889679504325613 0.053333332762122154 0.0836298925569281
0 0.47666666156146675 0.3016014210297726 0.07333333254791796 0.10498220555018634
0 0.5853333270642906 0.5409252624958754 0.10666666552424431 0.14590747212059796
0 0.6686666595051065 0.46085408877115697 0.08399999910034239 0.13167259679175913
0 0.6913333259290084 0.34252668760018423 0.04933333280496299 0.08007117372471839
0 0.8213333245366812 0.22597864584531635 0.0693333325907588 0.10320284613408148
0 0.8693333240225911 0.37366547738201916 0.05866666603833437 0.09964412730187178
0 0.9126666568918154 0.321174374606926 0.0519999994430691 0.07295373606029898
0 0.755333325243555 0.38967971212696284 0.04133333289064467 0.09252668963745236
0 0.7013333258219063 0.2918149442411959 0.06399999931454659 0.08185053314082325
0 0.6433333264430985 0.2953736630734056 0.04399999952875078 0.07473309547640383
0 0.5786666604690254 0.2740213500801474 0.050666666124016047 0.06761565781198442
