0 0.18722222675569355 0.22822664002887905 0.09111111331731081 0.1668415437452495
0 0.1922222268767655 0.40398738579824567 0.08333333535119891 0.1427072323858738
0 0.1761111153755337 0.5608604096341878 0.13666666997596622 0.27387196803465486
0 0.44805556640494615 0.38405034597963095 0.07166666840203106 0.16579222586005926
0 0.44138889957685024 0.3074501403607428 0.05055555677972734 0.09443860966712236
0 0.3380555637413636 0.2612801534123719 0.037222223123535514 0.06086043734103441
0 0.40111112082377076 0.2444910672493279 0.033333334140479565 0.0713536161929369
0 0.4913889007875696 0.08027281821705401 0.03388888970948756 0.06820566253736615
0 0.6222222372889519 0.25236095138825476 0.03777777869254351 0.0996851990930736
0 0.5116666790563613 0.2486883387900889 0.03888888983055949 0.08184679504483938
0 0.5788889029063284 0.3478488789405674 0.05666666803881526 0.1080797421745956
0 0.8200000198557973 0.3919202301185578 0.09444444673135877 0.19622244453057647
0 0.8775000212481245 0.2854144647717476 0.05611111246980727 0.1343126893043518
0 0.7744444631971419 0.23504720628261566 0.04111111210659146 0.09024133812636137
