0 0.23805061262100935 0.36738055187743157 0.043111528269946575 0.09555189241655171
0 0.19587629148736596 0.44481053366325796 0.04498594254255295 0.10214167810045183
0 0.2680412409827113 0.23146622214699164 0.01874414272606373 0.044481053366325796
0 0.33411434409208596 0.280065891565755 0.021555764134973288 0.03953871410340071
0 0.4264292470179498 0.2850082308286801 0.022492971271276474 0.056013178313151
0 0.47938145021907985 0.3237232217215933 0.02343017840757966 0.05436573189217597
0 0.3856607365887612 0.18780889199115336 0.017806935589760542 0.03294892841950059
0 0.4222118149045855 0.21499175793724135 0.017806935589760542 0.03459637484047562
0 0.4503280289936811 0.22487643646309152 0.019681349862366915 0.03130148199852556
0 0.4475164075847715 0.1902800616226159 0.014058107044547796 0.03789126768242568
0 0.47235239669680595 0.20263590977992862 0.016869728453457355 0.03294892841950059
0 0.4545454611070454 0.15321251715067774 0.009372071363031864 0.02635914273560047
0 0.470009378856048 0.15321251715067774 0.012183692771941423 0.02635914273560047
0 0.5084348714444786 0.17462932062335312 0.014058107044547796 0.03624382126145065
0 0.522961582057178 0.2067545258323662 0.014995314180850983 0.03459637484047562
0 0.5304592391476035 0.1400329457828775 0.014995314180850983 0.03624382126145065
0 0.5581068496685475 0.1507413475192152 0.012183692771941423 0.03130148199852556
0 0.5796626138035208 0.16062602604506537 0.012183692771941423 0.03130148199852556
0 0.5749765781220049 0.10873146378435194 0.01030927849933505 0.02635914273560047
0 0.6387066633906215 0.09719933883752674 0.014058107044547796 0.03953871410340071
0 0.6855670202057809 0.09802306204801425 0.012183692771941423 0.03130148199852556
0 0.7202436842489988 0.0782537049963139 0.012183692771941423 0.024711696314625442
0 0.6091846385970712 0.24217462388332933 0.024367385543882847 0.042833606945350766
0 0.6551077882759273 0.24876440956722945 0.0206185569986701 0.049423392629250884
0 0.7193064771126956 0.2808896147762425 0.02343017840757966 0.051070839050225914
0 0.7722586803138256 0.307248757511843 0.022492971271276474 0.051070839050225914
0 0.8748828617390245 0.22570015967357904 0.01593252131715417 0.03953871410340071
0 0.8509840797632933 0.19769357051700354 0.016869728453457355 0.046128499787300825
0 0.8003748944029212 0.18369027593871579 0.01312089990824461 0.03130148199852556
0 0.6841612095013261 0.15568368678214028 0.016869728453457355 0.03789126768242568
0 0.7127460271585733 0.14827017788775265 0.01593252131715417 0.03624382126145065
0 0.7296157556120306 0.16309719567652792 0.012183692771941423 0.02965403557755053
0 0.748828501906246 0.1449752850458026 0.014995314180850983 0.03953871410340071
0 0.7582005732692778 0.17215815099189058 0.016869728453457355 0.03130148199852556
0 0.7521087268833071 0.10955518699483946 0.01030927849933505 0.03459637484047562
0 0.8125585871748626 0.1293245440465398 0.009372071363031864 0.03130148199852556
0 0.4845360894687474 0.1342668833094649 0.011246485635638237 0.021416803472675383
0 0.48078726092353463 0.16556836530799046 0.014995314180850983 0.0280065891565755
