0 0.3868120623519644 0.41219963564071804 0.044652130687609315 0.09242144296877086
0 0.27102804905734956 0.22181146312505007 0.016614746302366257 0.03327171946875751
0 0.2943925360450521 0.21626617654692382 0.017653167946264148 0.03327171946875751
0 0.32658360700588673 0.20979667553910986 0.015576324658468366 0.03142329060938209
0 0.3442367749521509 0.16728281177347526 0.011422638082876801 0.02772643289063126
0 0.3489096723496914 0.20887246110942215 0.016614746302366257 0.029574861750006676
0 0.3670820511179045 0.2024029601016082 0.013499481370672584 0.02772643289063126
0 0.371754948515445 0.22181146312505007 0.01869158959016204 0.036968577187508345
0 0.3857736407080665 0.24306839500786737 0.01973001123405993 0.042513863765634596
0 0.3888889056397602 0.2033271745312959 0.017653167946264148 0.029574861750006676
0 0.37902390002273023 0.16358595405472443 0.012461059726774693 0.024029575171880424
0 0.409657338517718 0.15896488190628588 0.013499481370672584 0.02587800403125584
0 0.41588786838110536 0.17929759935941547 0.013499481370672584 0.029574861750006676
0 0.4184839224908501 0.1515711664687842 0.01038421643897891 0.018484288593754172
0 0.44184840947855264 0.14232902217190713 0.013499481370672584 0.02587800403125584
0 0.43717551208101213 0.1940850302344188 0.016614746302366257 0.03327171946875751
0 0.4641744748223573 0.19500924466410652 0.01869158959016204 0.03881700604688376
0 0.4413291986566037 0.17744917050004005 0.012461059726774693 0.02587800403125584
0 0.44080998783465475 0.2365988940000534 0.017653167946264148 0.036968577187508345
0 0.4813084319466725 0.1284658057265915 0.011422638082876801 0.024029575171880424
0 0.4849429077003151 0.1404805933125317 0.014537903014570475 0.02587800403125584
0 0.4901350159198046 0.1719038839219138 0.014537903014570475 0.029574861750006676
0 0.4963655457831919 0.12014787585940212 0.01038421643897891 0.022181146312505007
0 0.5109034487977624 0.14417745103128254 0.012461059726774693 0.02587800403125584
0 0.5218068760586902 0.1719038839219138 0.013499481370672584 0.029574861750006676
0 0.5399792548269033 0.15711645304691046 0.014537903014570475 0.029574861750006676
0 0.5482866279780865 0.12661737686721608 0.012461059726774693 0.03142329060938209
0 0.5706126933218911 0.1284658057265915 0.013499481370672584 0.024029575171880424
0 0.552959525375627 0.17837338492972776 0.017653167946264148 0.03142329060938209
0 0.5181724003050476 0.1284658057265915 0.01038421643897891 0.016635859734378755
0 0.5856698071584105 0.15896488190628588 0.016614746302366257 0.03327171946875751
0 0.5981308668851852 0.1487985231797211 0.012461059726774693 0.02772643289063126
0 0.6183800889411941 0.13308687787503004 0.015576324658468366 0.02587800403125584
0 0.5986500777071342 0.13123844901565462 0.011422638082876801 0.022181146312505007
0 0.5939771803095937 0.11460258928127587 0.01038421643897891 0.014787430875003338
0 0.629283516202122 0.10905730270314962 0.01038421643897891 0.018484288593754172
0 0.6370716785313562 0.10905730270314962 0.011422638082876801 0.02587800403125584
0 0.6464174733264372 0.10628465941408649 0.011422638082876801 0.02772643289063126
0 0.6526480031898245 0.1386321644531563 0.013499481370672584 0.029574861750006676
0 0.6412253651069477 0.1506469520390965 0.011422638082876801 0.02772643289063126
0 0.5924195478437468 0.22088724869536236 0.017653167946264148 0.03512014832813293
0 0.5955348127754405 0.21072088996879756 0.01973001123405993 0.02587800403125584
0 0.6365524677094072 0.24491682386724278 0.01869158959016204 0.03512014832813293
0 0.6521287923678756 0.23844732285942882 0.01869158959016204 0.029574861750006676
0 0.6619937979849055 0.1728280983516015 0.015576324658468366 0.03142329060938209
0 0.6853582849726081 0.10258780169533566 0.01038421643897891 0.02033271745312959
0 0.6900311823701486 0.11922366142971441 0.015576324658468366 0.02772643289063126
0 0.7097611936042085 0.1072088738437742 0.013499481370672584 0.029574861750006676
0 0.7004153988091275 0.17560074164066464 0.015576324658468366 0.03327171946875751
0 0.7170301451114938 0.17744917050004005 0.015576324658468366 0.029574861750006676
0 0.734164102235809 0.14140480774221942 0.012461059726774693 0.02772643289063126
0 0.7440291078528389 0.15711645304691046 0.013499481370672584 0.03327171946875751
0 0.7538941134698689 0.1922366013750434 0.014537903014570475 0.03327171946875751
0 0.7352025238797069 0.23105360742192715 0.01869158959016204 0.04066543490625918
0 0.6921080256579444 0.25046211044536904 0.01973001123405993 0.042513863765634596
0 0.696261712233536 0.30591497622663155 0.028037384385243058 0.057301294640637934
0 0.7647975407307968 0.3419593389844522 0.028037384385243058 0.05914972350001335
0 0.7990654549794272 0.28373382991412655 0.023883697809651494 0.04621072148438543
0 0.8307373151183128 0.24399260943755507 0.01869158959016204 0.044362292625010014
0 0.7736241247039288 0.24306839500786737 0.022845276165753603 0.03881700604688376
0 0.8021807199111208 0.19963031681254506 0.015576324658468366 0.036968577187508345
0 0.7933541359379888 0.161737525195349 0.01038421643897891 0.024029575171880424
0 0.781931497855112 0.12107209028908983 0.01038421643897891 0.02772643289063126
0 0.8089304605964571 0.13216266344534233 0.01038421643897891 0.024029575171880424
0 0.8229491527890787 0.13216266344534233 0.00934579479508102 0.024029575171880424
0 0.8400831099133939 0.1497227376094088 0.012461059726774693 0.02587800403125584
0 0.8333333692280576 0.16635859734378755 0.011422638082876801 0.029574861750006676
0 0.8203530986793339 0.19870610238285735 0.014537903014570475 0.02772643289063126
0 0.8421599532011896 0.2153419621172361 0.016614746302366257 0.042513863765634596
0 0.8561786453938112 0.21164510439848527 0.015576324658468366 0.03512014832813293
0 0.8727933916961774 0.17837338492972776 0.013499481370672584 0.03142329060938209
0 0.8779854999156669 0.1598890963359736 0.011422638082876801 0.03142329060938209
0 0.8566978562157601 0.14695009432034567 0.01038421643897891 0.02772643289063126
0 0.9106957816984504 0.14417745103128254 0.012461059726774693 0.02587800403125584
0 0.9101765708765015 0.16451016848441213 0.011422638082876801 0.02587800403125584
0 0.9023884085472673 0.18022181378910318 0.012461059726774693 0.03142329060938209
0 0.9044652518350631 0.21256931882817298 0.014537903014570475 0.029574861750006676
0 0.8977155111497268 0.22735674970317632 0.017653167946264148 0.044362292625010014
0 0.9460021175909787 0.17467652721097693 0.01038421643897891 0.02033271745312959
0 0.9579439664958045 0.17744917050004005 0.011422638082876801 0.018484288593754172
0 0.933541057864204 0.20055453124223277 0.012461059726774693 0.02772643289063126
0 0.9293873712886125 0.24029575171880424 0.016614746302366257 0.03327171946875751
0 0.9132918358081952 0.3512014832813293 0.023883697809651494 0.05914972350001335
