0 0.04200988373486325 0.46404494857415557 0.03789126768242568 0.06067415792495012
0 0.0840197674697265 0.6213483209721744 0.06919274968095124 0.09213483240455389
0 0.1795716598862782 0.6213483209721744 0.06589785683900118 0.09662921447306871
0 0.13509060651995242 0.504494387190789 0.03953871410340071 0.06516853999346495
0 0.11285007983678952 0.4696629261597991 0.03789126768242568 0.04943820275366306
0 0.195222400885541 0.4516853978857398 0.024711696314625442 0.04943820275366306
0 0.23393739177845418 0.4730337127111852 0.03624382126145065 0.051685393787920475
0 0.26606259698746726 0.5000000051222742 0.03789126768242568 0.04719101171940565
0 0.26606259698746726 0.5561797809787095 0.04118616052437574 0.06067415792495012
0 0.307248757511843 0.5831460733897984 0.03459637484047562 0.06966292206197977
0 0.26523887377697974 0.6561797820031643 0.049423392629250884 0.076404495164752
0 0.34925864124670625 0.6134831523522735 0.056013178313151 0.09887640550732613
0 0.4126853284542449 0.57303371373564 0.04118616052437574 0.06292134895920753
0 0.30971992714330554 0.4674157351255417 0.02965403557755053 0.04943820275366306
0 0.3682042750879191 0.4528089934028685 0.0280065891565755 0.04719101171940565
0 0.4019769267179072 0.46067416202276945 0.02635914273560047 0.04494382068514824
0 0.42833606945350766 0.5011236006394029 0.02965403557755053 0.05393258482217789
0 0.4967050959239714 0.4865168589167297 0.0280065891565755 0.0561797758564353
0 0.5436573189217597 0.46404494857415557 0.02635914273560047 0.051685393787920475
0 0.5609555063419975 0.5067415782250464 0.03459637484047562 0.051685393787920475
0 0.5658978456049226 0.5573033764958382 0.03789126768242568 0.05393258482217789
0 0.5996704972349107 0.5752809047698975 0.02965403557755053 0.06741573102772236
0 0.6285008096019737 0.5505618033930659 0.03459637484047562 0.05842696689069271
0 0.5963756043929607 0.504494387190789 0.03294892841950059 0.051685393787920475
0 0.5988467740244232 0.4651685440912843 0.024711696314625442 0.03595505654811859
0 0.672158139757812 0.44269663374871016 0.03294892841950059 0.04943820275366306
0 0.6886326039675623 0.523595510981977 0.03624382126145065 0.05393258482217789
0 0.6647446308634244 0.6123595568351448 0.047775946208275855 0.08764045033603907
0 0.7306424877024256 0.5853932644240558 0.044481053366325796 0.06966292206197977
0 0.7174629163346253 0.4516853978857398 0.03130148199852556 0.04943820275366306
0 0.7784184339107014 0.4887640499509871 0.03789126768242568 0.06067415792495012
0 0.8220757640665397 0.4696629261597991 0.02635914273560047 0.04494382068514824
0 0.8278418265399523 0.534831466153264 0.04118616052437574 0.05842696689069271
0 0.7973640677519143 0.6337078716605902 0.06260296399705112 0.10337078757584095
0 0.952224031323567 0.6235955120064318 0.05930807115510106 0.10112359654158354
0 0.8879736209055409 0.5404494437389076 0.02965403557755053 0.0561797758564353
0 0.9398681831662543 0.5280898930504918 0.03789126768242568 0.04943820275366306
0 0.9077429779572412 0.4651685440912843 0.023064249893650413 0.03595505654811859
0 0.8665568174328655 0.4707865216769278 0.023064249893650413 0.04719101171940565
