0 0.03750000090803951 0.5326633108779788 0.0383333342615515 0.06532663246616721
0 0.11333333607763052 0.5389447178458795 0.033333334140479565 0.06281406967900693
0 0.11750000284519047 0.7600502431159839 0.09833333571441472 0.17336683231405914
0 0.11666666949167848 0.6494974804809317 0.0533333346247673 0.09296482312493026
0 0.27083333989139646 0.652010043268092 0.06833333498798311 0.12814070214517415
0 0.2750000066589564 0.5339195922715589 0.043333334382623434 0.0778894464019686
0 0.3433333416469395 0.597989943344146 0.04666666779667139 0.08040200918912888
0 0.37250000901985914 0.5653266271110624 0.03500000084750354 0.06030150689184666
0 0.4058333431603387 0.525125622516498 0.031666667433455586 0.0552763813175261
0 0.31833334104157984 0.5477386876009405 0.033333334140479565 0.0552763813175261
0 0.5608333469135687 0.4409547691466287 0.031666667433455586 0.052763818530365825
0 0.5675000137416646 0.5841708480147645 0.03500000084750354 0.052763818530365825
0 0.5775000139838085 0.5577889387495816 0.031666667433455586 0.06030150689184666
0 0.6325000153155997 0.6243718526093289 0.05833333474583924 0.10301507427357137
0 0.6533333491533995 0.5552763759624213 0.02666666731238365 0.06532663246616721
0 0.6675000161631033 0.5753768782597035 0.031666667433455586 0.0552763813175261
0 0.6975000168895349 0.5678391898982227 0.03500000084750354 0.06532663246616721
0 0.7333333510905504 0.6557788874488324 0.07000000169500709 0.13567839050665498
0 0.7841666856547818 0.6030150689184666 0.041666667675599456 0.07537688361480832
0 0.8808333546621725 0.5402009992394596 0.04500000108964741 0.05025125574320555
0 0.92166668898426 0.6997487362241372 0.08333333535119891 0.1331658277194947
0 0.9716666901949793 0.570351752685383 0.033333334140479565 0.06030150689184666
0 0.9600000232458115 0.5489949689945206 0.030000000726431608 0.06783919525332749
