0 0.09750567027367651 0.7014388649258763 0.07709750672802329 0.12230216106399894
0 0.047619048273190856 0.6564748351229355 0.05895691690966487 0.10431654914282262
0 0.01700680295471102 0.5917266322067007 0.029478458454832435 0.06834532530047
0 0.13038548931945115 0.5701438979012892 0.03401360590942204 0.06115108053199947
0 0.20294784859288484 0.5593525307485834 0.029478458454832435 0.06115108053199947
0 0.21768707782030106 0.6924460589652881 0.0861678016372025 0.14748201775364578
0 0.4104308446403593 0.7482014559209347 0.11337868636474013 0.15107914013788104
0 0.34467120654881 0.5791367038618773 0.04988662200048566 0.08633093722164631
0 0.3571428620489314 0.45503598160576075 0.029478458454832435 0.05395683576352894
0 0.47845805645920336 0.6133093665121123 0.05895691690966487 0.11151079391129315
0 0.6122449063695967 0.6097122441278771 0.05895691690966487 0.11870503867976367
