0 0.8718181877047755 0.7548638130538166 0.04181818210054189 0.07003891048952937
0 0.8704545513319317 0.7023346301866695 0.03545454569393769 0.05058365757577121
0 0.7695454597414937 0.6880674447165802 0.03727272752439603 0.0609597924631089
0 0.7090909138787538 0.686770427855663 0.032727272948250175 0.053177691297605634
0 0.6268181860505138 0.7237354083918035 0.03000000020256266 0.05966277560219169
0 0.5927272767294198 0.7159533072263002 0.04181818210054189 0.07522697793319821
0 0.5477272764255758 0.7367055770009756 0.03000000020256266 0.05188067443668842
0 0.5290909126633778 0.7418936444446445 0.032727272948250175 0.06744487676769495
0 0.47681818503770046 0.7457846950273961 0.033636363863479346 0.06744487676769495
0 0.4918181851389818 0.7412451360141858 0.027272727456875145 0.055771725019440055
0 0.4186363664630335 0.7535667961928993 0.039090909354854375 0.057068741880357265
0 0.4363636393100023 0.7457846950273961 0.025454545626416802 0.06485084304586053
0 0.36863636612542905 0.7619974057888612 0.03545454569393769 0.058365758741274476
0 0.36818182066781446 0.7269779505440965 0.03636363660916686 0.0609597924631089
0 0.331363638601033 0.7872892345767468 0.02454545471118763 0.049286640714854
0 0.2845454564667307 0.7490272371796891 0.03636363660916686 0.0609597924631089
0 0.30136363839847036 0.7581063552061096 0.03000000020256266 0.055771725019440055
0 0.2395454561628867 0.7594033720670268 0.03727272752439603 0.0609597924631089
0 0.2045454559265636 0.7957198441727087 0.04363636393100023 0.07133592735044658
0 0.1563636374194175 0.8073929959209636 0.03090909111779183 0.058365758741274476
0 0.09681818247190677 0.785343709285371 0.03727272752439603 0.058365758741274476
0 0.12090909172547981 0.7801556418417022 0.025454545626416802 0.0609597924631089
0 0.07681818233686499 0.7989623863250017 0.031818182033021 0.06225680932402611
0 0.03454545477870852 0.7944228273117915 0.04000000027008355 0.0609597924631089
