0 0.09727272792952135 0.3992346856975928 0.12909090996254236 0.16071428242139518
0 0.1981818195199594 0.307397952885367 0.05818181857466698 0.08928571245633066
0 0.24181818345095962 0.331632646266371 0.04000000027008355 0.08163265138864517
0 0.30727272934745997 0.3647959108930081 0.08363636420108378 0.13775509921833873
0 0.3790909116505645 0.2984693816397339 0.045454545761458576 0.07142856996506453
0 0.40727273002266884 0.3048469325294718 0.04727272759191692 0.07908163103275001
0 0.44454545754706487 0.3341836666222662 0.03454545477870852 0.06122448854148388
0 0.535454549069982 0.32908162591047585 0.08909090969245881 0.1530612213537097
0 0.6709090954391286 0.4183673383668065 0.09454545518383384 0.17857142491266131
0 0.6927272774046287 0.292091830749996 0.06909090955741704 0.1198979567270726
0 0.758181823301129 0.30357142235152423 0.02909090928733349 0.056122447829693556
0 0.8363636420108378 0.4706632556626573 0.06181818223558366 0.10969387530349195
