0 0.18400000873953104 0.4444444552063942 0.03600000170990825 0.060060061514377594
0 0.2320000110194087 0.49849851056933403 0.04400000208988786 0.08408408612012863
0 0.2870000136317685 0.4339339444413781 0.03800000180490315 0.06906907074153423
0 0.3240000153891742 0.5270270397886634 0.0800000037997961 0.1471471507102251
0 0.3450000163866207 0.44294295366853476 0.04600000218488276 0.06906907074153423
0 0.3780000179540366 0.49549550749361515 0.04400000208988786 0.09009009227156639
0 0.4580000217538327 0.5600600736215711 0.12000000569969416 0.2072072122246027
0 0.5820000276435167 0.474474485963583 0.06000000284984708 0.14414414763450623
0 0.7560000359080732 0.5315315444022417 0.12800000607967377 0.18018018454313278
0 0.16600000788457692 0.4444444552063942 0.02400000113993883 0.054054055362939835
