0 0.014166667009703815 0.4192200485849753 0.025000000605359674 0.06406685127876699
0 0.06500000157393515 0.46518105058930814 0.02666666731238365 0.050139274913817644
0 0.09500000230036676 0.44986071658786386 0.02666666731238365 0.047353759640827775
0 0.12333333631977439 0.43732589785940945 0.02666666731238365 0.06128133600577712
0 0.1600000038743019 0.4401114131323993 0.043333334382623434 0.07799442764371634
0 0.24166667251847684 0.41364901803899556 0.06333333486691117 0.10306406510062516
0 0.2900000070221722 0.42896935204043984 0.033333334140479565 0.07799442764371634
0 0.35500000859610736 0.4442896860418841 0.02666666731238365 0.05292479018680751
0 0.4191666768165305 0.4401114131323993 0.03500000084750354 0.07799442764371634
0 0.382500009262003 0.45821726240683347 0.01833333377726376 0.04178272909484804
0 0.3375000081723556 0.4554317471338436 0.015000000363215804 0.03064066800288856
0 0.32666667457669973 0.4665738082258031 0.016666667070239782 0.0362116985488683
0 0.46166667784564197 0.45264623186085373 0.02666666731238365 0.05292479018680751
0 0.5258333460660651 0.4192200485849753 0.05500000133179128 0.11420612619258463
0 0.6016666812356561 0.4359331402229145 0.04000000096857548 0.09749303455464542
0 0.6366666820831597 0.46100277767982334 0.030000000726431608 0.06963788182474673
0 0.7033333503641188 0.4665738082258031 0.03666666755452752 0.0807799429167062
0 0.7591666850494221 0.4958217185921967 0.01833333377726376 0.050139274913817644
0 0.9675000234274194 0.37743731949012727 0.025000000605359674 0.047353759640827775
0 0.9533333564177155 0.3788300771266222 0.023333333898335695 0.050139274913817644
