0 0.5819277229020372 0.3062098463997245 0.04096385627053678 0.08565310388803482
0 0.5325301315169781 0.1916488199494779 0.016867470229044557 0.0364025691524148
0 0.5915662773186341 0.15952890599146485 0.014457831624895334 0.03211991395801306
0 0.6253012177767232 0.20235545793548226 0.01927710883319378 0.03211991395801306
0 0.6728915802086703 0.182012845762074 0.015662650926969945 0.03426124155521393
0 0.6746988091617823 0.20449678553268313 0.01927710883319378 0.04068522434681654
0 0.6626506161410362 0.24839400127530098 0.024096386041492224 0.05139186233282089
0 0.7090361592709087 0.1970021389424801 0.015662650926969945 0.03854389674961567
0 0.7512048348435201 0.1970021389424801 0.018072289531119168 0.03854389674961567
0 0.7596385699580424 0.23447537189349532 0.022891566739417613 0.04496787954121828
0 0.7493976058904082 0.2740899324417114 0.024096386041492224 0.04710920713841915
0 0.8222891736659221 0.2644539582543075 0.022891566739417613 0.04496787954121828
0 0.7463855576352216 0.3490363983437419 0.0325301211560145 0.06852248311042786
0 0.8090361613431014 0.39614560548216105 0.0325301211560145 0.0728051383048296
0 0.9174698985298164 0.4014989244751632 0.0325301211560145 0.062098500318825245
