0 0.051378445816226304 0.6400000154972076 0.09774436033330858 0.16666667070239782
0 0.07518796948716044 0.8533333539962769 0.14035087637603283 0.29333334043622017
0 0.25939849473070353 0.6733333496376872 0.1177944855298847 0.14000000339001417
0 0.27568922145292163 0.5616666802670807 0.07017543818801641 0.11000000266358256
0 0.1528822046238929 0.5216666792985052 0.060150375589728355 0.076666668523103
0 0.08020050078630447 0.5483333466108888 0.08020050078630447 0.10333333583548665
0 0.19799498631618917 0.4766666782088578 0.04511278169229627 0.060000001452863216
0 0.26566415885463357 0.4533333443105221 0.050125312991440296 0.06666666828095913
0 0.2844611512264237 0.4766666782088578 0.04260651604272425 0.04666666779667139
0 0.32706766726914793 0.458333344431594 0.03258145344443619 0.05666666803881526
0 0.338345862692222 0.5466666799038649 0.050125312991440296 0.07333333510905504
0 0.3897243085084483 0.538333346368745 0.05263157864101231 0.09666666900739074
0 0.4235588947776705 0.5300000128336251 0.04511278169229627 0.07333333510905504
0 0.3872180428588763 0.4833333450369537 0.04260651604272425 0.060000001452863216
0 0.4385964886751026 0.48666667845100164 0.03508771909400821 0.060000001452863216
0 0.47869673906825483 0.5133333457633853 0.04010025039315224 0.060000001452863216
0 0.5651629039784893 0.3966666762717068 0.05764410994015634 0.1066666692495346
0 0.7180451086023822 0.4683333446737379 0.03759398474358022 0.05666666803881526
0 0.7368421009741724 0.49333334527909756 0.03508771909400821 0.0533333346247673
0 0.7543859605211765 0.5866666808724403 0.07017543818801641 0.13333333656191826
0 0.7656641559442505 0.5083333456423134 0.03258145344443619 0.043333334382623434
0 0.7857142811408266 0.47833334491588175 0.03759398474358022 0.05666666803881526
0 0.844611523905769 0.5200000125914812 0.04511278169229627 0.06666666828095913
0 0.8659147819271311 0.5700000138022006 0.05764410994015634 0.08000000193715096
0 0.9448621498886496 0.608333348063752 0.0852130320854485 0.1300000031478703
0 0.8897243055980653 0.5033333455212414 0.03508771909400821 0.060000001452863216
0 0.9360902201151475 0.5133333457633853 0.03759398474358022 0.060000001452863216
0 0.9786967361578718 0.5066666789352894 0.04260651604272425 0.08000000193715096
0 0.9448621498886496 0.7516666848678142 0.10526315728202462 0.16333333728834987
