0 0.06289881456177682 0.5656342161819339 0.04010938899591565 0.07817109115421772
0 0.17319963430054486 0.3532448364421725 0.025524156633764505 0.03097345121204853
0 0.20237009902484715 0.387905603274703 0.01640838640742004 0.044247787445783615
0 0.23974475695285946 0.38274336140602827 0.02187784854322672 0.04277286119759083
0 0.2876025506411679 0.3805309720337391 0.022789425565861166 0.044247787445783615
0 0.23792160290759057 0.32595870085060596 0.023701002588495612 0.03244837746024132
0 0.3113035532296635 0.3443952789530158 0.022789425565861166 0.033923303708434105
0 0.3090246106730774 0.3075221227481961 0.020054694497957826 0.03097345121204853
0 0.3555150388274342 0.2750737452879548 0.025524156633764505 0.025073746219277382
0 0.3732907907688059 0.3443952789530158 0.02461257961113006 0.0457227136939764
0 0.4521422032266855 0.4233038332313299 0.030993618769571185 0.05899704992771149
0 0.5273473075940274 0.4387905588373542 0.03008204174693674 0.054572271183133125
0 0.5692798506352119 0.4697640100494027 0.03190519579220563 0.069321533665061
0 0.614402913255617 0.4734513256698847 0.036463080905377865 0.07374631240963936
0 0.6973564223153517 0.5612094374373555 0.030993618769571185 0.07227138616144657
0 0.414311756787356 0.36209439393132925 0.020966271520592272 0.03097345121204853
0 0.43710118235321715 0.32890855334699154 0.01914311747532338 0.03539822995662689
0 0.47584320581518114 0.33997050020843744 0.020054694497957826 0.03687315620481968
0 0.3928896967554465 0.26843657717108727 0.018231540452688932 0.023598819971084595
0 0.41157702571945265 0.2787610609084368 0.0136736553395167 0.029498524963855743
0 0.42752962361555547 0.28171091340482235 0.012762078316882253 0.029498524963855743
0 0.4302643546834588 0.2536873146891594 0.014585232362151146 0.023598819971084595
0 0.48222424497362226 0.2728613559156656 0.014585232362151146 0.03539822995662689
0 0.5018231509602629 0.25663716718554497 0.011850501294247806 0.029498524963855743
0 0.5355515007977374 0.2551622409373522 0.0136736553395167 0.029498524963855743
0 0.5364630778203718 0.228613568469882 0.011850501294247806 0.02064896747469902
0 0.49772105435840786 0.29498524963855743 0.014585232362151146 0.02654867246747017
0 0.5300820386619307 0.2964601758867502 0.015496809384785593 0.03244837746024132
0 0.5186873258790001 0.37536873016506433 0.023701002588495612 0.04867256619036198
0 0.5998176808934659 0.39823008701205254 0.025524156633764505 0.044247787445783615
0 0.5888787566218525 0.3362831845879555 0.023701002588495612 0.04129793494939804
0 0.5587967148749158 0.2780235977843404 0.018231540452688932 0.028023598715662956
0 0.6139471247442998 0.26769911404699087 0.017319963430054486 0.028023598715662956
0 0.5865998140652664 0.2617994090542197 0.015496809384785593 0.025073746219277382
0 0.6312670881743543 0.23451327346265316 0.015496809384785593 0.02654867246747017
0 0.6171376443235204 0.2182890847325325 0.012762078316882253 0.03244837746024132
0 0.5519598872051574 0.2293510315939784 0.011850501294247806 0.019174041226506233
0 0.5952597957802936 0.2197640109807253 0.018231540452688932 0.02654867246747017
0 0.34320874902186915 0.35029498394578695 0.020966271520592272 0.03687315620481968
0 0.657247033319436 0.2190265478566289 0.014585232362151146 0.022123893722891808
0 0.6927985372021794 0.3126843646168709 0.01640838640742004 0.04129793494939804
0 0.7046490384964272 0.25958701968193054 0.014585232362151146 0.038348082453012466
0 0.6645396495005116 0.2868731552734971 0.018231540452688932 0.03687315620481968
0 0.6681859575910494 0.23672566283494234 0.012762078316882253 0.022123893722891808
0 0.7333637147094123 0.24926253594458103 0.015496809384785593 0.03244837746024132
0 0.7506836781394668 0.23820058908313513 0.015496809384785593 0.03097345121204853
0 0.767547853058204 0.27064896654337645 0.012762078316882253 0.033923303708434105
0 0.7835004509543069 0.2905604708939791 0.017319963430054486 0.038348082453012466
0 0.7880583360674791 0.24557522032409906 0.0136736553395167 0.028023598715662956
0 0.8195077433483675 0.2514749253168702 0.018231540452688932 0.03097345121204853
0 0.8263445710181259 0.3119469014927745 0.01914311747532338 0.03687315620481968
0 0.8217866859049536 0.3702064882963896 0.02461257961113006 0.050147492438554764
0 0.8381950723123737 0.35176991019397974 0.015496809384785593 0.039823008701205254
0 0.8559708242537454 0.3348082583397627 0.014585232362151146 0.03539822995662689
0 0.8687329025706276 0.2905604708939791 0.01640838640742004 0.029498524963855743
0 0.8869644430233166 0.26769911404699087 0.014585232362151146 0.03097345121204853
0 0.853236093185842 0.2654867246747017 0.01093892427161336 0.02654867246747017
0 0.9156791192363016 0.29129793401807547 0.0136736553395167 0.03687315620481968
0 0.9124885996570811 0.3340707952156663 0.018231540452688932 0.03687315620481968
0 0.6230628949706443 0.3193215327337384 0.022789425565861166 0.033923303708434105
0 0.6453965320251882 0.38569321390241385 0.0273473106790334 0.060471976175904274
0 0.6855059210211039 0.370943951420486 0.023701002588495612 0.0457227136939764
0 0.7219690019264817 0.41887905448675156 0.030993618769571185 0.05604719743132591
0 0.7812215083977208 0.44247787445783615 0.0273473106790334 0.06194690242409706
0 0.8318140331539325 0.522861354984343 0.026435733656398952 0.06342182867228985
0 0.8577939782990143 0.4926253668963909 0.025524156633764505 0.06194690242409706
0 0.867365537036676 0.4351032432168722 0.02461257961113006 0.05899704992771149
0 0.8855970774893649 0.36061946768313646 0.020966271520592272 0.04277286119759083
0 0.934822236711625 0.33849557396024466 0.017319963430054486 0.033923303708434105
0 0.9557885082322173 0.31858406960964203 0.01914311747532338 0.029498524963855743
0 0.94712852651719 0.3775811195373535 0.020054694497957826 0.04129793494939804
0 0.9298085630871356 0.4705014731734991 0.023701002588495612 0.06784660741686821
0 0.9626253359019756 0.29277286026626825 0.014585232362151146 0.022123893722891808
0 0.7443026389810257 0.26843657717108727 0.0136736553395167 0.03539822995662689
0 0.3696444826782681 0.31563421711325645 0.015496809384785593 0.02654867246747017
0 0.36645396309904754 0.29351032339036465 0.01640838640742004 0.02654867246747017
0 0.43892433639848605 0.24631268344819546 0.0136736553395167 0.023598819971084595
