0 0.15900079172570258 0.3148405097890645 0.029341791989281774 0.04715672833845019
0 0.16732751647941768 0.3793342706048861 0.04758128430694342 0.09015256888233125
0 0.21887390781193972 0.28502081392798573 0.03330689901486039 0.04576976574026048
0 0.23076922888867557 0.3072122154990211 0.03330689901486039 0.056865466525778174
0 0.27557493827771395 0.25173371157143265 0.02616970636881888 0.03744799015112221
0 0.2930214091902599 0.23786408558953553 0.027755749179050326 0.048543690936639905
0 0.31720856204628944 0.24271845468319952 0.030134813394397497 0.04993065353482962
0 0.3417922256048769 0.24965326767414808 0.02379064215347171 0.072122055105865
0 0.40206185239367187 0.221220534411259 0.02220459934324026 0.0596393917221576
0 0.42466296243947 0.22954231000039726 0.027755749179050326 0.0596393917221576
0 0.3707375068916008 0.3640776820247993 0.04678826290182769 0.09015256888233125
0 0.36161776073276997 0.4341192932333797 0.04440919868648052 0.09153953148052096
0 0.3469468647381291 0.5319001564057544 0.05313243414275348 0.10957004525698721
