0 0.9180018766783178 0.14909390109824017 0.011310084722936153 0.021416803472675383
0 0.9448633278952911 0.15403624036116526 0.008482563542202115 0.024711696314625442
0 0.7756833105813712 0.3237232217215933 0.028275211807340384 0.051070839050225914
0 0.49622996721882373 0.31548598961671814 0.025447690626606345 0.051070839050225914
0 0.5485391090624034 0.3303130074054934 0.022620169445872307 0.05766062473412603
0 0.5956644620746374 0.390444801771082 0.028275211807340384 0.056013178313151
0 0.6192271385807544 0.2751235523028299 0.020735155325382948 0.05271828547120094
0 0.5527803908335045 0.13838549936190248 0.012252591783180833 0.02965403557755053
0 0.561734207905829 0.13920922257239 0.011310084722936153 0.0280065891565755
0 0.0688030153978616 0.33772651629988104 0.015080112963914871 0.02965403557755053
0 0.12346842489205301 0.31548598961671814 0.015080112963914871 0.03789126768242568
