1 0.685000016586855 0.631249985890463 0.07333333510905504 0.10249999770894647
1 0.7100000171922147 0.40874999086372554 0.04000000096857548 0.07749999826774001
1 0.4283333437051624 0.5649999873712659 0.05000000121071935 0.08499999810010195
1 0.459166677785106 0.4462499900255352 0.041666667675599456 0.06249999860301614
1 0.4816666783299297 0.433749990304932 0.030000000726431608 0.06249999860301614
1 0.5450000131968409 0.42499999050050974 0.030000000726431608 0.05999999865889549
1 0.8025000194320455 0.4074999908916652 0.03500000084750354 0.06499999854713678
1 0.842500020400621 0.3999999910593033 0.0383333342615515 0.06499999854713678
1 0.9633333566598594 0.4074999908916652 0.033333334140479565 0.06999999843537807
1 0.3125000075669959 0.39374999119900167 0.061666668159887195 0.10749999759718776
1 0.6016666812356561 0.3462499922607094 0.05666666803881526 0.11249999748542905
1 0.35583334194961935 0.46499998960644007 0.031666667433455586 0.06499999854713678
1 0.39416667621117085 0.4349999902769923 0.03500000084750354 0.06999999843537807
1 0.22333333874121308 0.30999999307096004 0.07333333510905504 0.12499999720603228
1 0.12083333625923842 0.3849999913945794 0.04833333450369537 0.07499999832361937
1 0.015000000363215804 0.4674999895505607 0.02666666731238365 0.05999999865889549
1 0.011666666949167848 0.36999999172985554 0.02000000048428774 0.07499999832361937
