0 0.0764984242268838 0.5139103392139077 0.044164038728922606 0.09737248532474041
0 0.23028391622938216 0.24884079582989216 0.01892744516953826 0.04636785015463829
0 0.24605678720399737 0.24961359333246946 0.02050473226699978 0.04482225514948368
0 0.265378554147901 0.23724883329123259 0.013406940328422934 0.04173106513917446
0 0.3225552114308812 0.22720246575772762 0.015772870974615216 0.04018547013401985
0 0.31861199368722737 0.20092735067009926 0.01892744516953826 0.030911900103092194
0 0.3446372307953425 0.22024728823453188 0.02050473226699978 0.0479134451597929
0 0.35764984934940003 0.20015455316752195 0.016561514523345977 0.04482225514948368
0 0.37342272032401524 0.18701699562370777 0.01971608871826902 0.03400309011340141
0 0.38328076468314976 0.24188561830669641 0.02050473226699978 0.04482225514948368
0 0.4164037937298417 0.1754250330850482 0.017350158072076738 0.0324574951082468
0 0.44203470906359144 0.18006181810051203 0.013406940328422934 0.03554868511855602
0 0.43730284777120687 0.29829983599483967 0.01971608871826902 0.05255023017525673
0 0.4814668865001295 0.2241112757474184 0.022870662913192064 0.04636785015463829
0 0.4629337631049566 0.1599690830335021 0.015772870974615216 0.03863987512886524
0 0.4731861292384565 0.14064914546906948 0.015772870974615216 0.030911900103092194
0 0.4850157824694179 0.16769705805927515 0.022082019364461303 0.04173106513917446
0 0.4992113663465716 0.14142194297164679 0.011041009682230651 0.0324574951082468
0 0.5232649945828598 0.15301390551030636 0.016561514523345977 0.027820710092782974
0 0.5031545840902254 0.19551776815205812 0.015772870974615216 0.0324574951082468
0 0.5611198849219363 0.2063369331881404 0.01971608871826902 0.04173106513917446
0 0.5382492220087443 0.14992271549999714 0.011829653230961412 0.03400309011340141
0 0.5583596325013787 0.14914991799741983 0.011041009682230651 0.026275115087628365
0 0.5603312413732056 0.1298299804329872 0.014984227425884455 0.027820710092782974
0 0.5816246171889361 0.1298299804329872 0.016561514523345977 0.030911900103092194
0 0.6037066365533974 0.11901081539690495 0.013406940328422934 0.027820710092782974
0 0.6360410220513586 0.12132920790463686 0.011829653230961412 0.03554868511855602
0 0.5863564784813207 0.1924265781417489 0.013406940328422934 0.0324574951082468
0 0.659306006738916 0.144513132981956 0.015772870974615216 0.03554868511855602
0 0.6632492244825698 0.13292117044329643 0.01892744516953826 0.030911900103092194
0 0.6959779317548964 0.13060277793556452 0.014984227425884455 0.03554868511855602
0 0.7149053769244347 0.1437403354793787 0.011829653230961412 0.030911900103092194
0 0.614747646235628 0.16924265306442976 0.014984227425884455 0.03863987512886524
0 0.6242113688203972 0.18778979312628508 0.0181388016208075 0.04173106513917446
0 0.667586764000589 0.21870169322937727 0.022870662913192064 0.05100463517010212
0 0.7046530107909348 0.19706336315721273 0.016561514523345977 0.03554868511855602
0 0.6127760373638012 0.28284388594329357 0.023659306461922824 0.04636785015463829
0 0.5792586865427438 0.31375578604638577 0.022870662913192064 0.04945904016494751
0 0.608438497845782 0.34389488864690065 0.024447950010653585 0.05718701519072056
0 0.6616719373851083 0.37171559873968363 0.026813880656845868 0.05100463517010212
0 0.731861213222146 0.3647604212164879 0.026813880656845868 0.05873261019587517
0 0.7275236737041268 0.24265841580927372 0.021293375815730542 0.04327666014432907
0 0.7456624753249343 0.21406490821391344 0.016561514523345977 0.04173106513917446
0 0.7641955987201072 0.18469860311597586 0.015772870974615216 0.03554868511855602
0 0.7799684696947224 0.18856259062886238 0.014195583877153695 0.04327666014432907
0 0.7977129495411646 0.18006181810051203 0.021293375815730542 0.03554868511855602
0 0.812697176967049 0.18238021060824394 0.013406940328422934 0.04327666014432907
0 0.7988959148642607 0.24188561830669641 0.017350158072076738 0.03863987512886524
0 0.768138816463761 0.2673879358917475 0.015772870974615216 0.04327666014432907
0 0.8154574293876067 0.2882534684613347 0.01892744516953826 0.05409582518041134
0 0.79298108824878 0.42194743640720844 0.02917981130303815 0.08346213027834892
0 0.8560725721472409 0.4644512990489602 0.02760252420557663 0.08809891529381275
0 0.8742113737680484 0.3956723213195801 0.021293375815730542 0.05873261019587517
0 0.8659306165063754 0.3160741785541177 0.022082019364461303 0.04482225514948368
0 0.8734227302193176 0.22102008573710918 0.014984227425884455 0.03400309011340141
0 0.9014195761992596 0.2241112757474184 0.014195583877153695 0.04018547013401985
0 0.9416403971845284 0.225656870752573 0.017350158072076738 0.03709428012371063
0 0.9511041197692975 0.4165378538891673 0.022082019364461303 0.063369395211339
0 0.9854101141390856 0.24884079582989216 0.013406940328422934 0.03709428012371063
0 0.9664826689695474 0.2905718609690666 0.0181388016208075 0.04018547013401985
0 0.9751577480055857 0.3361669136211276 0.0181388016208075 0.0479134451597929
0 0.9242902391124517 0.32457495108246803 0.01892744516953826 0.05255023017525673
0 0.8931388189375866 0.26506954338401556 0.0181388016208075 0.05100463517010212
0 0.9305993875022978 0.2519319858402014 0.011041009682230651 0.03709428012371063
0 0.8237381866492797 0.2094281231984496 0.0181388016208075 0.03554868511855602
0 0.40575710582197644 0.23570323828607798 0.016561514523345977 0.03863987512886524
0 0.42586751631461084 0.16228747554123402 0.014195583877153695 0.024729520082473755
0 0.6888801398163196 0.14914991799741983 0.01971608871826902 0.0324574951082468
0 0.9444006496050861 0.3554868511855602 0.01971608871826902 0.05873261019587517
