0 0.38674033829011023 0.5055248814169317 0.09576427424326539 0.1629834317136556
0 0.48204420736874454 0.49033151066396385 0.07826887798728421 0.14917127648368478
0 0.45303868199698627 0.4095304025686346 0.04235727514605969 0.07320442271884531
0 0.4332412599178497 0.365331505832728 0.03222836152417585 0.06215469853486866
0 0.33563536501605995 0.41367404913762584 0.041436464816797525 0.0814917158568278
0 0.2246777203399688 0.42886741989059374 0.047882137121632695 0.09530387108679861
0 0.10359116204199381 0.4772099631954916 0.058011050743516535 0.1035911642247811
0 0.5331491806427948 0.37983426882419735 0.034990792511962354 0.058011051965877414
0 0.5418968787707854 0.3501381350797601 0.024861878890078515 0.05386740539688617
0 0.5865561797400005 0.36809393687872216 0.02946593053638935 0.05386740539688617
0 0.7113259793550242 0.42541438108310103 0.04880294745089486 0.09668508660979569
0 0.7205340826476458 0.3770718377782032 0.0506445681094192 0.08011050033383071
0 0.8001841761288233 0.3943370318156667 0.044198895804584026 0.07596685376483947
0 0.7794659437204245 0.36809393687872216 0.024861878890078515 0.048342543304897845
