0 0.07786483643576503 0.3310810890980065 0.020568070001900196 0.030405406141653657
0 0.20421155216172338 0.5160473097930662 0.051909890957176685 0.09966216457542032
0 0.22331047430634499 0.23057432990754023 0.019588638097047806 0.035472973831929266
0 0.4338883338496089 0.2702702768146992 0.027424093335866928 0.043918919982388616
0 0.43046032218262553 0.2153716268367134 0.022526933811604977 0.038851352292113006
0 0.4652301548048854 0.22212838375708088 0.025465229526162148 0.045608109212480485
0 0.49853083956986666 0.3065878452616744 0.03330068476498127 0.06250000151339918
0 0.5553378900513053 0.3623310898547061 0.03330068476498127 0.059121623053215444
0 0.7350636445917189 0.1402027060976252 0.016650342382490635 0.040540541522204876
0 0.767874613404274 0.14864865224808455 0.017629774287343025 0.047297298442572355
0 0.9074436598457396 0.21875000529689714 0.022526933811604977 0.055743244593031704
