0 0.06930692959576845 0.3490098954644054 0.108910889364779 0.11386138433590531
0 0.22029702621512115 0.4232673200313002 0.10396039439365268 0.10396039439365268
0 0.43811880494467914 0.41831682506017387 0.09405940445140004 0.10396039439365268
0 0.6287128613330424 0.5272277144249529 0.09900989942252636 0.12376237427815795
0 0.871287114918232 0.638613851275295 0.11881187930703163 0.1386138591915369
0 0.8267326601780951 0.4331683099735528 0.09900989942252636 0.12376237427815795
0 0.7648514730390161 0.2896039558108896 0.07425742456689477 0.0841584145091474
0 0.7079207808710635 0.2475247485563159 0.059405939653515816 0.07920791953802109
0 0.6212871188763529 0.3688118753489107 0.09405940445140004 0.11386138433590531
0 0.5495049417950213 0.29207920329645276 0.06930692959576845 0.08910890948027372
0 0.4158415775746107 0.31683167815208435 0.07920791953802109 0.07920791953802109
0 0.3811881127767265 0.2475247485563159 0.059405939653515816 0.06930692959576845
0 0.27970296586863697 0.26980197592638433 0.07425742456689477 0.07425742456689477
0 0.19059405638836324 0.2945544507820159 0.07425742456689477 0.10396039439365268
0 0.1633663340471685 0.23762375861406326 0.06930692959576845 0.08910890948027372
0 0.09900989942252636 0.22772276867181063 0.06930692959576845 0.06930692959576845
0 0.18564356141723692 0.16089108656160533 0.07425742456689477 0.07425742456689477
0 0.29950494575314224 0.14108910667710006 0.06435643462464213 0.07425742456689477
0 0.46039603231474757 0.14356435416266322 0.06930692959576845 0.06930692959576845
0 0.49752474459819496 0.23762375861406326 0.07425742456689477 0.07920791953802109
0 0.606435633962974 0.13118811673484743 0.07425742456689477 0.0841584145091474
0 0.762376225553453 0.14356435416266322 0.06930692959576845 0.08910890948027372
0 0.8985148372594267 0.2524752435274422 0.06435643462464213 0.08910890948027372
0 0.9678217668551952 0.29207920329645276 0.0544554446823895 0.07920791953802109
0 0.9430692919995636 0.22772276867181063 0.04455445474013686 0.06930692959576845
0 0.8960395897738636 0.1509900966193527 0.059405939653515816 0.0841584145091474
