0 0.7081818229635246 0.2629032217664644 0.06727272772695869 0.11290322407148778
0 0.620000004186295 0.2532258025603369 0.05818181857466698 0.13870967528782785
0 0.540909094561357 0.298387092188932 0.04909090942237526 0.1193548368755728
0 0.48727273056283593 0.304838704993017 0.04363636393100023 0.08709677285514772
0 0.4654545485973358 0.36612902663182467 0.06181818223558366 0.12580644967965782
0 0.40363636636175215 0.33548386581242085 0.04727272759191692 0.11612903047353029
0 0.3409090932109393 0.28225806017871946 0.07818181870970875 0.14516128809191287
0 0.24363636528141797 0.28225806017871946 0.06545454589650035 0.13225806248374283
0 0.19636363768950105 0.2951612857868895 0.050909091252833605 0.1193548368755728
0 0.08818181877722964 0.34193547861650586 0.08909090969245881 0.1548387072980404
0 0.06909090955741704 0.26129031856544316 0.06909090955741704 0.11612903047353029
