0 0.26451613928657025 0.26141551428008825 0.012903226306661963 0.0205479443538934
0 0.2767742042778991 0.2534246470313519 0.01419354893732816 0.027397259138524532
0 0.29290323716122657 0.26141551428008825 0.01806451682932675 0.034246573923155665
0 0.33741936791921034 0.24200912239030004 0.021935484721325338 0.045662098564207554
0 0.3922580797225237 0.26255706674419343 0.015483871567994356 0.03196346899494529
0 0.3851613052538596 0.22146117803640664 0.01419354893732816 0.022831049282103777
0 0.36322582053253427 0.19634702382609248 0.016774194198660553 0.027397259138524532
0 0.3974193702451885 0.19977168121840805 0.01806451682932675 0.025114154210314155
0 0.43419356521917507 0.2248858354287222 0.01419354893732816 0.034246573923155665
0 0.4651613083551638 0.22031962557230145 0.016774194198660553 0.03881278377957642
0 0.44387098494917154 0.18721460411325097 0.015483871567994356 0.03196346899494529
0 0.4277419520658441 0.16666665975935757 0.011612903675995767 0.022831049282103777
0 0.414193564443849 0.163242002367042 0.012903226306661963 0.025114154210314155
0 0.44838711415650323 0.1541095826542005 0.011612903675995767 0.0205479443538934
0 0.4877419543918222 0.20662099600303918 0.012903226306661963 0.025114154210314155
0 0.47290324413916096 0.18607305164914578 0.009032258414663374 0.025114154210314155
0 0.4858064704458229 0.16666665975935757 0.011612903675995767 0.027397259138524532
0 0.5096774391131476 0.16780821222346276 0.012903226306661963 0.034246573923155665
0 0.5232258267351426 0.19634702382609248 0.016774194198660553 0.03652967885136604
0 0.51225808437448 0.13013698090799153 0.01032258104532957 0.01826483942568302
0 0.5245161493658088 0.1335616383003071 0.011612903675995767 0.015981734497472644
0 0.5787096998537891 0.13926940062083304 0.011612903675995767 0.022831049282103777
0 0.5612903443397954 0.13013698090799153 0.012903226306661963 0.022831049282103777
0 0.5535484085557982 0.11073058901820332 0.01032258104532957 0.015981734497472644
0 0.5909677648451179 0.10502282669767737 0.01032258104532957 0.022831049282103777
0 0.6135484108817764 0.09931506437715143 0.011612903675995767 0.025114154210314155
0 0.6393548634951003 0.09817351191304624 0.011612903675995767 0.022831049282103777
0 0.663870993477758 0.10844748408999294 0.009032258414663374 0.0205479443538934
0 0.6993548658210784 0.10388127423357219 0.01032258104532957 0.02968036406673491
0 0.6387097021797672 0.13584474322851747 0.012903226306661963 0.0205479443538934
0 0.6006451845751144 0.1541095826542005 0.016774194198660553 0.02968036406673491
0 0.5496774406637996 0.17123286961577833 0.012903226306661963 0.022831049282103777
0 0.4974193741218187 0.2853881160262972 0.019354839459992945 0.045662098564207554
0 0.5316129238344729 0.33333331951871514 0.025806452613323927 0.05022830842062831
0 0.5541935698711313 0.2579908568877727 0.016774194198660553 0.0410958887077868
0 0.6258064758731052 0.2454337797826156 0.02064516209065914 0.04794520349241793
0 0.6225806692964397 0.20319633861072361 0.01419354893732816 0.03196346899494529
0 0.6580645416397601 0.22146117803640664 0.015483871567994356 0.03196346899494529
0 0.657419380324427 0.1746575270080939 0.01419354893732816 0.034246573923155665
0 0.690322607406415 0.17694063193630427 0.015483871567994356 0.034246573923155665
0 0.6748387358384207 0.16095889743883163 0.01032258104532957 0.034246573923155665
0 0.7322580929030664 0.1130136939464137 0.011612903675995767 0.025114154210314155
0 0.7406451900023967 0.14954337279777974 0.012903226306661963 0.025114154210314155
0 0.7632258360390551 0.1324200858362019 0.01419354893732816 0.03196346899494529
0 0.7748387397150509 0.16552510729525238 0.01419354893732816 0.025114154210314155
0 0.762580674723722 0.21232875832356513 0.015483871567994356 0.03652967885136604
0 0.7290322863264009 0.18721460411325097 0.01806451682932675 0.03196346899494529
0 0.7238709958037362 0.24200912239030004 0.01806451682932675 0.045662098564207554
0 0.683225832937751 0.3059360603801906 0.021935484721325338 0.045662098564207554
0 0.5974193779984489 0.3287671096622944 0.02838709787465632 0.045662098564207554
0 0.7458064805250615 0.3299086621263996 0.025806452613323927 0.05251141334883869
0 0.7729032557690516 0.2739725913852453 0.02064516209065914 0.05022830842062831
0 0.8051613215357065 0.2363013600697741 0.015483871567994356 0.034246573923155665
0 0.7838709981297143 0.20205478614661843 0.01419354893732816 0.02968036406673491
0 0.8116129346890375 0.163242002367042 0.012903226306661963 0.02968036406673491
0 0.8251613223110326 0.13812784815672785 0.011612903675995767 0.025114154210314155
0 0.8516129362396896 0.13584474322851747 0.01032258104532957 0.0205479443538934
0 0.8638710012310185 0.1324200858362019 0.009032258414663374 0.022831049282103777
0 0.8529032588703558 0.16780821222346276 0.012903226306661963 0.02968036406673491
0 0.8225806770497002 0.21118720585945994 0.016774194198660553 0.03881278377957642
0 0.8316129354643635 0.3047945079160854 0.021935484721325338 0.04794520349241793
0 0.7832258368143812 0.40410957229323685 0.030967743135988712 0.06849314784631133
0 0.8800000341143459 0.34474884415976703 0.023225807351991534 0.06849314784631133
0 0.9090322933043353 0.30022829805966467 0.016774194198660553 0.043378993635997176
0 0.8703226143843494 0.21232875832356513 0.01419354893732816 0.03196346899494529
0 0.8851613246370107 0.17009131715167314 0.01032258104532957 0.02968036406673491
0 0.8941935830516741 0.14041095308493823 0.01032258104532957 0.0205479443538934
0 0.9219355196109973 0.15639268758241087 0.011612903675995767 0.025114154210314155
0 0.9103226159350015 0.19748857629019767 0.01419354893732816 0.03881278377957642
0 0.9122580998810008 0.25114154210314155 0.012903226306661963 0.022831049282103777
0 0.8580645493930206 0.2579908568877727 0.02064516209065914 0.05022830842062831
