0 0.130434782942757 0.6206581532023847 0.02953240368515253 0.07495429832488298
0 0.07588187057990581 0.49817186081781983 0.018867924576625228 0.056672762148082256
0 0.06234618555754423 0.41773310163989663 0.01640689093619585 0.0603290693834424
0 0.2091878594364971 0.5009140912443399 0.021328958217054605 0.05118830129504204
0 0.21246923762373626 0.351919571403414 0.01640689093619585 0.056672762148082256
0 0.24651353631634265 0.300731270108372 0.017227235483005643 0.05301645491272211
0 0.1743232161970809 0.2659963513724506 0.015586546389386058 0.042047533206641674
0 0.18211648939177394 0.18738574581220746 0.01312551274895668 0.042047533206641674
0 0.12182116520125419 0.21023766603320837 0.012305168202146888 0.036563072353601456
0 0.15791632526088506 0.15356490388512611 0.010664479108527303 0.029250457882881165
0 0.050041017355397344 0.2312614326365292 0.011484823655337095 0.031078611500561237
0 0.22641509491950274 0.14716636622324586 0.01312551274895668 0.027422304265201092
0 0.25963904906529933 0.12431444600224495 0.012305168202146888 0.029250457882881165
0 0.2945036923047155 0.16453382559120655 0.014766201842576265 0.03290676511824131
0 0.29204265866428614 0.20383912837132812 0.01312551274895668 0.03473491873592138
0 0.31337161688134074 0.23674589348956943 0.014766201842576265 0.031078611500561237
0 0.359721083776094 0.22669104859232903 0.012305168202146888 0.036563072353601456
0 0.3831009033601731 0.17276051687076688 0.01312551274895668 0.03473491873592138
0 0.36505332333035767 0.08409506641328335 0.00984413456171751 0.029250457882881165
0 0.3966365883825347 0.09232175769284368 0.010664479108527303 0.027422304265201092
0 0.4392945048166439 0.09140768088400364 0.010664479108527303 0.02559415064752102
0 0.42370795842725784 0.1654479024000466 0.012305168202146888 0.03473491873592138
0 0.45652174029964954 0.28976234840229154 0.015586546389386058 0.04570384044200182
0 0.4712879421422258 0.13254113728180528 0.012305168202146888 0.031078611500561237
0 0.4729286312358454 0.16910420963540673 0.013945857295766473 0.027422304265201092
0 0.48769483307842165 0.11700183153152466 0.012305168202146888 0.029250457882881165
0 0.48933552217204124 0.07404022151604295 0.009023790014907718 0.023765997029840946
0 0.5155865476699546 0.10603290982544422 0.010664479108527303 0.02559415064752102
0 0.4840032826177776 0.22212066454812884 0.014766201842576265 0.042047533206641674
0 0.513945858576335 0.17276051687076688 0.012305168202146888 0.03473491873592138
0 0.5475799849955365 0.07495429832488298 0.010664479108527303 0.02559415064752102
0 0.5808039391413331 0.09506398811936378 0.00984413456171751 0.021937843412160873
0 0.6111566873732954 0.1307129836641252 0.011484823655337095 0.031078611500561237
0 0.6279737505828962 0.11151737067848444 0.012305168202146888 0.021937843412160873
0 0.5799835945945233 0.20018282113596797 0.014766201842576265 0.03473491873592138
0 0.5525020522763953 0.30530165415257215 0.017227235483005643 0.04387568682432175
0 0.6189499605679885 0.2358318166807294 0.015586546389386058 0.03290676511824131
0 0.6616078770020977 0.15265082707628608 0.010664479108527303 0.027422304265201092
0 0.5430680899880826 0.48080440144985914 0.024610336404293776 0.06581353023648262
0 0.6952420034212992 0.35283364821225405 0.015586546389386058 0.04753199405968189
0 0.7227235457394272 0.27513711946085095 0.014766201842576265 0.03839122597128153
0 0.715750617091544 0.2111517428420484 0.012305168202146888 0.03473491873592138
0 0.735438886214979 0.21297989645972848 0.012305168202146888 0.027422304265201092
0 0.7871205926639959 0.2157221268862486 0.012305168202146888 0.029250457882881165
0 0.8277276477310807 0.2413162775337696 0.014766201842576265 0.036563072353601456
0 0.7969647272257134 0.38025595247745514 0.020508613670244813 0.04387568682432175
0 0.8642329800641164 0.27513711946085095 0.013945857295766473 0.031078611500561237
0 0.8826907323673368 0.301645346917212 0.014766201842576265 0.036563072353601456
0 0.9405250229174271 0.37294333800673485 0.013945857295766473 0.0402193795889616
