0 0.5046729126479477 0.7095770979067311 0.21682243654504418 0.3519900415558368
0 0.09065420838305727 0.5740049617597833 0.17757009889464825 0.2574626805726439
0 0.05373831940232776 0.2226368107367307 0.06448598328279331 0.09452736098319292
0 0.2630841202044394 0.29601989360526204 0.09439252625452355 0.13930347934365273
0 0.32616823428543285 0.42661690548993647 0.12149533082265407 0.17164178704842925
0 0.3649532822018955 0.25124377524480224 0.07009346008999273 0.11442785803228617
0 0.3962616943754256 0.21268656221218407 0.052336450200527906 0.09452736098319292
0 0.48925235142814927 0.22139302967116237 0.055140188604127616 0.09203979885205626
0 0.5509345963073429 0.32338307704776525 0.08691589051159099 0.14179104147478938
0 0.6850467499461956 0.41293531376868486 0.13084112550131977 0.1741293491795659
0 0.652803758304799 0.25621889950707555 0.07009346008999273 0.11194029590114951
0 0.6042056259757373 0.16977611545007676 0.053271029668394476 0.075870644999668
0 0.6813084320747294 0.2033582042204216 0.06915888062212616 0.10074626631103456
0 0.7341121720091905 0.19527362729422748 0.04766355286119506 0.0845771124586463
0 0.7929906784847844 0.2711442722938955 0.09626168519025669 0.14925372786819935
0 0.8892523636750411 0.25124377524480224 0.06261682434706017 0.11691542016342282
0 0.9261682526557706 0.1759950207779184 0.057943927007727325 0.08084576926194131
0 0.9154205887753051 0.21828357700724155 0.055140188604127616 0.08582089352421463
