0 0.8728190942492802 0.19055373931769282 0.011937557312194258 0.0358306176494807
0 0.8953167984145693 0.21986969921272248 0.012855830951593816 0.0358306176494807
0 0.8948576615948696 0.25651464908150956 0.015610651869792491 0.04071661096531898
0 0.9196510498586576 0.2508143235463649 0.015610651869792491 0.03908794652670622
0 0.9421487540239468 0.19625406485283747 0.0110192836727947 0.030944624333642423
0 0.827364549099002 0.26058631017804146 0.018365472787991166 0.04885993315838277
0 0.7548209315864369 0.14820846391376108 0.0110192836727947 0.029315959895029664
0 0.771349857095629 0.14983712835237384 0.0110192836727947 0.029315959895029664
0 0.6101928333810065 0.10830618516774848 0.010101010033395141 0.024429966579191387
0 0.6285583061689977 0.13355048396624625 0.011937557312194258 0.029315959895029664
0 0.6542699680721853 0.12296416511526331 0.010101010033395141 0.024429966579191387
0 0.6625344308267813 0.14413680281722918 0.011937557312194258 0.030944624333642423
0 0.43021120005869307 0.20032572594936937 0.015610651869792491 0.04234527540393174
0 0.4536271778633818 0.2035830548265949 0.018365472787991166 0.03908794652670622
