0 0.13046937016770244 0.5479833171702921 0.03659506724216044 0.0667593888938427
0 0.21758154110284522 0.346314329886809 0.016706443740986288 0.03337969444692135
0 0.2529832909349352 0.3511822019936517 0.019093078561127186 0.03755215625278652
0 0.28440731606679037 0.359527125605382 0.016706443740986288 0.03755215625278652
0 0.3114558440283872 0.3866481273435056 0.019888623501174152 0.03894297685474157
0 0.2812251363066025 0.29624478821642697 0.015115353860892355 0.03337969444692135
0 0.34566427645040676 0.33310153416823596 0.013524263980798423 0.03198887384496629
0 0.34844868374057114 0.2920723264105618 0.012728719040751457 0.027816412039101124
0 0.3874303858028725 0.32336578995455056 0.012728719040751457 0.03198887384496629
0 0.38106602628249675 0.259388042264618 0.01431980892084539 0.023643950233235955
0 0.4013524222536944 0.26147427316755056 0.011933174100704491 0.019471488427370787
0 0.40413682954385877 0.2872044543037191 0.01431980892084539 0.023643950233235955
0 0.4057279194239527 0.32267037965357304 0.017501988681033254 0.03616133565083146
0 0.42800317774526775 0.3484005607897416 0.017501988681033254 0.034770515048876405
0 0.42084327328484505 0.27121001738123596 0.012728719040751457 0.02503477083519101
0 0.4287987226853147 0.2969401985174045 0.01431980892084539 0.02920723264105618
0 0.4598249753471464 0.30319889122620225 0.01431980892084539 0.02503477083519101
0 0.4192521834047511 0.24408901564311236 0.012728719040751457 0.023643950233235955
0 0.4427207591361366 0.24339360534213483 0.010342084220610559 0.0222531296312809
0 0.4622116101672873 0.22600834781769663 0.009546539280563593 0.020862309029325843
0 0.4856801858986728 0.2600834525655955 0.013524263980798423 0.02503477083519101
0 0.5143198037403636 0.26564673497341573 0.015115353860892355 0.027816412039101124
0 0.5055688093998469 0.24687065684702247 0.008750994340516627 0.020862309029325843
0 0.5071598992799409 0.2301808096235618 0.011933174100704491 0.01808066782541573
0 0.5250596604309976 0.25173852895386517 0.01431980892084539 0.030598053243011236
0 0.5425616491120309 0.2767732997890562 0.012728719040751457 0.027816412039101124
0 0.49880667740944773 0.321279559051618 0.01591089880093932 0.03337969444692135
0 0.5580747754429467 0.26147427316755056 0.015115353860892355 0.030598053243011236
0 0.5389816968818195 0.222531296312809 0.013524263980798423 0.027816412039101124
0 0.5620525001431815 0.23574409203138202 0.010342084220610559 0.020862309029325843
0 0.561654727673158 0.21418637270107865 0.011137629160657525 0.019471488427370787
0 0.5827366685844027 0.23922114353626966 0.013524263980798423 0.02503477083519101
0 0.5891010281047784 0.2176634242059663 0.010342084220610559 0.023643950233235955
0 0.5982497949153185 0.19958275638055056 0.009546539280563593 0.023643950233235955
0 0.6097851965459995 0.2155771933030337 0.011933174100704491 0.0222531296312809
0 0.6137629212462343 0.24895688774995506 0.013524263980798423 0.0222531296312809
0 0.6535401682485826 0.1981919357785955 0.010342084220610559 0.023643950233235955
0 0.657120120478794 0.2273991684196517 0.009546539280563593 0.023643950233235955
0 0.6658711148193106 0.21835883450694382 0.009546539280563593 0.02503477083519101
0 0.4626093826373108 0.39499305095523596 0.021479713381268084 0.0445062592625618
0 0.5127287138602696 0.4109874878777191 0.023070803261362016 0.045897079864516854
0 0.5210819357307628 0.3657858183141798 0.019093078561127186 0.03616133565083146
0 0.5743834467139095 0.36300417711026967 0.020684168441221118 0.05006954167038202
0 0.5803500337642618 0.31849791784770787 0.016706443740986288 0.03337969444692135
0 0.6193317358265631 0.2892906852066517 0.013524263980798423 0.030598053243011236
0 0.6551312581286766 0.27885953069198877 0.015115353860892355 0.02920723264105618
0 0.6292760475771502 0.33240612386725843 0.01591089880093932 0.03616133565083146
0 0.5608591827331111 0.42906815570313483 0.025457438081502914 0.059805285884067416
0 0.6292760475771502 0.458275388344191 0.027048527961596847 0.06258692708797753
0 0.6833731035003439 0.4826147488784045 0.03023070772178471 0.06397774768993258
0 0.7915672153467312 0.5354659317526966 0.025457438081502914 0.0667593888938427
0 0.6511535334284417 0.36509040801320225 0.021479713381268084 0.04867872106842697
0 0.6742243366898037 0.346314329886809 0.01829753362108022 0.0445062592625618
0 0.6785998338600621 0.29068150580860674 0.01431980892084539 0.03337969444692135
0 0.6937151877209544 0.2795549409929663 0.01431980892084539 0.03337969444692135
0 0.6873508282005787 0.24895688774995506 0.011137629160657525 0.02503477083519101
0 0.7203659432125278 0.24339360534213483 0.011933174100704491 0.030598053243011236
0 0.7287191650830209 0.22600834781769663 0.011137629160657525 0.023643950233235955
0 0.7553699205745943 0.2579972216626629 0.015115353860892355 0.03198887384496629
0 0.76173428009497 0.23435327142942697 0.015115353860892355 0.026425591437146068
0 0.7430389740038663 0.2892906852066517 0.01591089880093932 0.03616133565083146
0 0.7132060387521051 0.38734353764448315 0.021479713381268084 0.045897079864516854
0 0.7943516226368956 0.29137691610958427 0.011933174100704491 0.023643950233235955
0 0.8166268809582107 0.25660640106070787 0.013524263980798423 0.02920723264105618
0 0.8369132769294083 0.2642559143714607 0.01591089880093932 0.03337969444692135
0 0.8484486785600893 0.2503477083519101 0.010342084220610559 0.027816412039101124
0 0.8249801028287038 0.3018080706242472 0.01591089880093932 0.03616133565083146
0 0.7907716704066843 0.3532684328965843 0.017501988681033254 0.03894297685474157
0 0.8011137546272948 0.34075104747898877 0.01591089880093932 0.03616133565083146
0 0.7597454177448526 0.408205846673809 0.020684168441221118 0.057023644680157304
0 0.821002378128469 0.44923505443148315 0.025457438081502914 0.05841446528211236
0 0.8826571109821089 0.4659249016549438 0.023070803261362016 0.05841446528211236
0 0.868735074531287 0.39707928185816854 0.020684168441221118 0.045897079864516854
0 0.8305489174090326 0.38942976854741573 0.019093078561127186 0.05006954167038202
0 0.8504375409102067 0.37552156252786517 0.01591089880093932 0.03616133565083146
0 0.8639618048910052 0.3240612002555281 0.01591089880093932 0.03894297685474157
0 0.8914081053226255 0.31084840453695506 0.011933174100704491 0.03198887384496629
0 0.9061256867134944 0.3386648165760562 0.01591089880093932 0.04033379745669663
0 0.9136833636439405 0.3692628698190674 0.016706443740986288 0.034770515048876405
0 0.9089100940036587 0.3018080706242472 0.011933174100704491 0.030598053243011236
0 0.9105011838837527 0.26077886286657304 0.011933174100704491 0.03198887384496629
0 0.8743038891116157 0.2719054276822135 0.017501988681033254 0.03198887384496629
